armbåge
t	x	y
0.000000000E0	1.259170576E1	5.829998643E0
4.000000000E-2	1.259318504E1	5.830712553E0
8.000000000E-2	1.259539304E1	5.834636051E0
1.200000000E-1	1.259557410E1	5.834176460E0
1.600000000E-1	1.259519822E1	5.833887007E0
2.000000000E-1	1.259459521E1	5.834879801E0
2.400000000E-1	1.259346593E1	5.835168877E0
2.800000000E-1	1.259384523E1	5.836741763E0
3.200000000E-1	1.259413622E1	5.836768566E0
3.600000000E-1	1.259386924E1	5.840014598E0
4.000000000E-1	1.259360107E1	5.834296299E0
4.400000000E-1	1.259332636E1	5.833656021E0
4.800000000E-1	1.259352811E1	5.840403158E0
5.200000000E-1	1.259323124E1	5.838684782E0
5.600000000E-1	1.259298598E1	5.837293900E0
6.000000000E-1	1.259271554E1	5.834884213E0
6.400000000E-1	1.259185814E1	5.836575624E0
6.800000000E-1	1.259196150E1	5.837673682E0
7.200000000E-1	1.259278922E1	5.833421362E0
7.600000000E-1	1.259277263E1	5.833206504E0
8.000000000E-1	1.259273015E1	5.833017778E0
8.400000000E-1	1.259372520E1	5.839490534E0
8.800000000E-1	1.259371560E1	5.838552857E0
9.200000000E-1	1.259399877E1	5.837808723E0
9.600000000E-1	1.259414188E1	5.837102847E0
1.000000000E0	1.259595091E1	5.838147001E0
1.040000000E0	1.259745809E1	5.835691043E0
1.080000000E0	1.260011506E1	5.846927011E0
1.120000000E0	1.260261409E1	5.857599600E0
1.160000000E0	1.262930078E1	5.987782219E0
1.200000000E0	1.280683071E1	6.145131619E0
1.240000000E0	1.312373676E1	6.345495590E0
1.280000000E0	1.356508035E1	6.624865316E0
1.320000000E0	1.424518824E1	7.039323514E0
1.360000000E0	1.516809756E1	7.582724008E0
1.400000000E0	1.628918524E1	8.256575410E0
1.440000000E0	1.754571223E1	8.979838862E0
1.480000000E0	1.877614825E1	9.728441146E0
1.520000000E0	1.997111371E1	1.044189342E1
1.560000000E0	2.114868479E1	1.111184804E1
1.600000000E0	2.239527371E1	1.176216715E1
1.640000000E0	2.371466374E1	1.243818221E1
1.680000000E0	2.512228330E1	1.311260132E1
1.720000000E0	2.653124076E1	1.374036220E1
1.760000000E0	2.785777461E1	1.432937792E1
1.800000000E0	2.897601944E1	1.477582193E1
1.840000000E0	2.997845435E1	1.523660115E1
1.880000000E0	3.100596331E1	1.572460879E1
1.920000000E0	3.208750555E1	1.628674392E1
1.960000000E0	3.317217416E1	1.681213918E1
2.000000000E0	3.419004158E1	1.726880897E1
2.040000000E0	3.522784353E1	1.777345498E1
2.080000000E0	3.627450918E1	1.821217178E1
2.120000000E0	3.731051195E1	1.865747420E1
2.160000000E0	3.825784455E1	1.907760430E1
2.200000000E0	3.900349466E1	1.933047866E1
2.240000000E0	3.962833905E1	1.956613560E1
2.280000000E0	4.012437238E1	1.975004276E1
2.320000000E0	4.048074976E1	1.990497799E1
2.360000000E0	4.072612113E1	2.005256487E1
2.400000000E0	4.089651374E1	2.019213440E1
2.440000000E0	4.110904319E1	2.046373427E1
2.480000000E0	4.110200783E1	2.046398458E1
2.520000000E0	4.123298874E1	2.059802844E1
2.560000000E0	4.136230504E1	2.064546341E1
2.600000000E0	4.151931954E1	2.066738492E1
2.640000000E0	4.167010331E1	2.066008385E1
2.680000000E0	4.182131935E1	2.063481770E1
2.720000000E0	4.184279759E1	2.059660897E1
2.760000000E0	4.173898514E1	2.049419504E1
2.800000000E0	4.140219342E1	2.034382920E1
2.840000000E0	4.078579572E1	2.004553690E1
2.880000000E0	3.983151503E1	1.960148689E1
2.920000000E0	3.849600090E1	1.895047318E1
2.960000000E0	3.673554993E1	1.806339317E1
3.000000000E0	3.456012038E1	1.693808551E1
3.040000000E0	3.202188388E1	1.554318394E1
3.080000000E0	2.913545136E1	1.391222771E1
3.120000000E0	2.609914887E1	1.225587060E1
3.160000000E0	2.318787297E1	1.073883263E1
3.200000000E0	2.038054501E1	9.352949640E0
3.240000000E0	1.797917369E1	8.354359569E0
3.280000000E0	1.599522422E1	7.736172161E0
3.320000000E0	1.444322065E1	7.344786497E0
3.360000000E0	1.328903739E1	7.112086535E0
3.400000000E0	1.246633595E1	6.932664011E0
3.440000000E0	1.167890415E1	6.533381095E0
3.480000000E0	1.168582481E1	6.537863640E0
3.520000000E0	1.161800823E1	6.337690835E0
3.560000000E0	1.166333232E1	6.104613063E0
3.600000000E0	1.183074155E1	6.052853154E0
3.640000000E0	1.194806813E1	5.965588319E0
3.680000000E0	1.199730782E1	5.989450235E0
3.720000000E0	1.198175397E1	5.948603479E0
3.760000000E0	1.194927667E1	5.860606512E0
3.800000000E0	1.186345027E1	5.864274328E0
3.840000000E0	1.184198950E1	5.826119595E0
3.880000000E0	1.182955821E1	5.800460243E0
3.920000000E0	1.183466494E1	5.797644532E0
3.960000000E0	1.183720587E1	5.792891394E0
4.000000000E0	1.183466256E1	5.786778268E0
4.040000000E0	1.183463141E1	5.790674522E0
4.080000000E0	1.182620696E1	5.764077839E0
4.120000000E0	1.182983767E1	5.785523694E0
4.160000000E0	1.183194325E1	5.802180404E0
4.200000000E0	1.183658405E1	5.821784006E0
4.240000000E0	1.185587108E1	5.868702463E0
4.280000000E0	1.193602321E1	5.940843830E0
4.320000000E0	1.213825960E1	6.126385004E0
4.360000000E0	1.257454590E1	6.290711540E0
4.400000000E0	1.325251529E1	6.482624224E0
4.440000000E0	1.431278528E1	6.841367459E0
4.480000000E0	1.569035259E1	7.382363290E0
4.520000000E0	1.729326514E1	8.055789762E0
4.560000000E0	1.901657880E1	8.933194847E0
4.600000000E0	2.076723385E1	9.883577810E0
4.640000000E0	2.253208266E1	1.086204233E1
4.680000000E0	2.438512477E1	1.197604118E1
4.720000000E0	2.641514850E1	1.311052743E1
4.760000000E0	2.848842829E1	1.418616541E1
4.800000000E0	3.050956981E1	1.514619852E1
4.840000000E0	3.240805935E1	1.594728275E1
4.880000000E0	3.417021125E1	1.671470875E1
4.920000000E0	3.580389116E1	1.732365374E1
4.960000000E0	3.719987327E1	1.785135073E1
5.000000000E0	3.840262056E1	1.827151921E1
5.040000000E0	3.943358592E1	1.863093041E1
5.080000000E0	4.023169335E1	1.896335103E1
5.120000000E0	4.087011043E1	1.932397294E1
5.160000000E0	4.136912966E1	1.963605454E1
5.200000000E0	4.169782798E1	1.990060478E1
5.240000000E0	4.177373485E1	2.003570132E1
5.280000000E0	4.153222967E1	1.987089284E1
5.320000000E0	4.084579609E1	1.942897482E1
5.360000000E0	3.971916887E1	1.870654103E1
5.400000000E0	3.811106415E1	1.767577493E1
5.440000000E0	3.610421325E1	1.650702128E1
5.480000000E0	3.360120390E1	1.506579573E1
5.520000000E0	2.767653858E1	1.246170268E1
5.560000000E0	2.720664071E1	1.218225935E1
5.600000000E0	2.405875382E1	1.076221664E1
5.640000000E0	2.089432248E1	9.548849087E0
5.680000000E0	1.792115008E1	8.511536473E0
5.720000000E0	1.550272211E1	7.771722241E0
5.760000000E0	1.362997099E1	7.239711014E0
5.800000000E0	1.234099484E1	6.909283702E0
5.840000000E0	1.160934497E1	6.618892561E0
5.880000000E0	1.125268498E1	6.316934620E0
5.920000000E0	1.128719621E1	5.991830560E0
5.960000000E0	1.130468647E1	5.964977571E0
6.000000000E0	1.148517395E1	5.970065990E0
6.040000000E0	1.165493514E1	5.955189795E0
6.080000000E0	1.175526735E1	5.944301450E0
6.120000000E0	1.176062709E1	5.905042381E0
6.160000000E0	1.171445932E1	5.862787535E0
6.200000000E0	1.163699980E1	5.928570971E0
6.240000000E0	1.161491846E1	5.939392025E0
6.280000000E0	1.163787900E1	5.977242853E0
6.320000000E0	1.193458840E1	6.252966255E0
6.360000000E0	1.193049687E1	6.266960771E0
6.400000000E0	1.234027905E1	6.422608385E0
6.440000000E0	1.298487988E1	6.620506132E0
6.480000000E0	1.397983337E1	6.985362956E0
6.520000000E0	1.521980640E1	7.437073639E0
6.560000000E0	1.670567130E1	8.035560748E0
6.600000000E0	1.837898273E1	8.773901648E0
6.640000000E0	2.018122442E1	9.649110160E0
6.680000000E0	2.205954561E1	1.059918462E1
6.720000000E0	2.386946466E1	1.149615825E1
6.760000000E0	2.569977962E1	1.240760496E1
6.800000000E0	2.759279139E1	1.336819213E1
6.840000000E0	2.957451608E1	1.429154103E1
6.880000000E0	3.141108175E1	1.506764184E1
6.920000000E0	3.317492911E1	1.581715711E1
6.960000000E0	3.477837245E1	1.651402491E1
7.000000000E0	3.629222796E1	1.715954357E1
7.040000000E0	3.759672282E1	1.774855815E1
7.080000000E0	3.874426508E1	1.826250140E1
7.120000000E0	4.052702418E1	1.910793815E1
7.160000000E0	4.184051107E1	1.913670207E1
7.200000000E0	4.114806224E1	1.920945702E1
7.240000000E0	4.155977735E1	1.948938164E1
7.280000000E0	4.173813734E1	1.966194575E1
7.320000000E0	4.168848358E1	1.972315801E1
7.360000000E0	4.132524181E1	1.960456658E1
7.400000000E0	4.065138517E1	1.921526944E1
7.440000000E0	3.958372976E1	1.861496574E1
7.480000000E0	3.813471726E1	1.773425831E1
7.520000000E0	3.401906789E1	1.546781656E1
7.560000000E0	3.401384042E1	1.546671228E1
7.600000000E0	3.102922733E1	1.405107374E1
7.640000000E0	2.802951384E1	1.256208575E1
7.680000000E0	2.484007116E1	1.108847462E1
7.720000000E0	2.170980933E1	9.785947470E0
7.760000000E0	1.890114918E1	8.703711272E0
7.800000000E0	1.639141653E1	7.886855312E0
7.840000000E0	1.437828196E1	7.341860032E0
7.880000000E0	1.287228946E1	6.960780206E0
7.920000000E0	1.180547239E1	6.651154958E0
7.960000000E0	1.134708229E1	6.426178000E0
8.000000000E0	1.134929965E1	6.215720180E0
8.040000000E0	1.155929347E1	6.115076217E0
8.080000000E0	1.184043167E1	6.039280452E0
8.120000000E0	1.199240552E1	6.012174921E0
8.160000000E0	1.199371486E1	5.994446016E0
8.200000000E0	1.187578164E1	5.932892705E0
8.240000000E0	1.177635834E1	5.874378236E0
8.280000000E0	1.170588634E1	5.834490365E0
8.320000000E0	1.170111054E1	5.818936553E0
8.360000000E0	1.171186470E1	5.817608808E0
8.400000000E0	1.172604790E1	5.820665213E0
8.440000000E0	1.172359040E1	5.828255747E0
8.480000000E0	1.172229589E1	5.835785465E0
8.520000000E0	1.172033481E1	5.848910969E0
8.560000000E0	1.171814900E1	5.873354155E0
8.600000000E0	1.171484074E1	5.921721008E0
8.640000000E0	1.174117224E1	5.980203764E0
8.680000000E0	1.183549110E1	6.053592426E0
8.720000000E0	1.224383732E1	6.287528705E0
8.760000000E0	1.224992208E1	6.290277042E0
8.800000000E0	1.275050167E1	6.464109002E0
8.840000000E0	1.363504405E1	6.721864560E0
8.880000000E0	1.490817422E1	7.124161039E0
8.920000000E0	1.645976280E1	7.746193995E0
8.960000000E0	1.991253569E1	9.428782256E0
9.000000000E0	1.991132828E1	9.431826391E0
9.040000000E0	2.184364720E1	1.047721722E1
9.080000000E0	2.380572042E1	1.157375822E1
9.120000000E0	2.594618375E1	1.268646419E1
9.160000000E0	2.808268187E1	1.376822614E1
9.200000000E0	3.031676330E1	1.481184581E1
9.240000000E0	3.248437440E1	1.571436526E1
9.280000000E0	3.445937081E1	1.640648819E1
9.320000000E0	3.624427893E1	1.704627497E1
9.360000000E0	3.786348343E1	1.768203148E1
9.400000000E0	3.935261482E1	1.822120554E1
9.440000000E0	4.060380897E1	1.867895441E1
9.480000000E0	4.155798381E1	1.913468029E1
9.520000000E0	4.240097510E1	1.958930658E1
9.560000000E0	4.239752188E1	1.959851975E1
9.600000000E0	4.225157776E1	1.945350979E1
9.640000000E0	4.181307107E1	1.926008040E1
9.680000000E0	4.102997288E1	1.888441452E1
9.720000000E0	3.997615840E1	1.834622418E1
9.760000000E0	3.850541481E1	1.754183039E1
9.800000000E0	3.671942988E1	1.648837508E1
9.840000000E0	3.466159014E1	1.537861848E1
9.880000000E0	3.230909369E1	1.419842299E1
9.920000000E0	2.965596347E1	1.286305330E1
9.960000000E0	2.394684089E1	1.034928393E1
1.000000000E1	2.394838003E1	1.034728004E1
1.004000000E1	2.116091230E1	9.253431788E0
1.008000000E1	1.853476154E1	8.353047205E0
1.012000000E1	1.633161479E1	7.623711891E0
1.016000000E1	1.458662808E1	7.081766211E0
1.020000000E1	1.327862900E1	6.706333512E0
1.024000000E1	1.242717487E1	6.378904583E0
1.028000000E1	1.199266442E1	6.227260783E0
1.032000000E1	1.183352961E1	6.097624131E0
1.036000000E1	1.200486573E1	5.991168713E0
1.040000000E1	1.200519319E1	6.009338096E0
1.044000000E1	1.213557665E1	5.962166732E0
1.048000000E1	1.219829874E1	5.985305330E0
1.052000000E1	1.223041467E1	5.913857013E0
1.056000000E1	1.221141552E1	5.902553683E0
1.060000000E1	1.216819582E1	5.837189491E0
1.064000000E1	1.213983090E1	5.821337236E0
1.068000000E1	1.212233912E1	5.810640595E0
1.072000000E1	1.212826575E1	5.814971728E0
1.076000000E1	1.213272414E1	5.828662030E0
1.080000000E1	1.213521315E1	5.835969475E0
1.084000000E1	1.214821427E1	5.853669575E0
1.088000000E1	1.217344312E1	5.951530999E0
1.092000000E1	1.216818924E1	5.948799088E0
1.096000000E1	1.216117200E1	5.989312359E0
1.100000000E1	1.219508114E1	6.042759893E0
1.104000000E1	1.226447334E1	6.096585687E0
1.108000000E1	1.234309452E1	6.169540078E0
1.112000000E1	1.243798259E1	6.263689461E0
1.116000000E1	1.258902672E1	6.323078591E0
1.120000000E1	1.285248558E1	6.459247818E0
1.124000000E1	1.325339559E1	6.655189610E0
1.128000000E1	1.393549137E1	6.889235849E0
1.132000000E1	1.499365935E1	7.286812200E0
1.136000000E1	1.636374205E1	7.858169350E0
1.140000000E1	1.797869134E1	8.654645354E0
1.144000000E1	1.982175800E1	9.572258636E0
1.148000000E1	2.188907949E1	1.062172221E1
1.152000000E1	2.411076428E1	1.178569872E1
1.156000000E1	2.632655616E1	1.291778851E1
1.160000000E1	2.863191654E1	1.399487574E1
1.164000000E1	3.086381431E1	1.507269642E1
1.168000000E1	3.300213752E1	1.604764259E1
1.172000000E1	3.509823211E1	1.687675452E1
1.176000000E1	3.701449950E1	1.761969670E1
1.180000000E1	3.867913263E1	1.828543635E1
1.184000000E1	4.006753516E1	1.885544942E1
1.188000000E1	4.117557421E1	1.928669729E1
1.192000000E1	4.197827299E1	1.957841160E1
1.196000000E1	4.252803634E1	1.986325179E1
1.200000000E1	4.282240532E1	2.003145153E1
1.204000000E1	4.281956030E1	2.008360796E1
1.208000000E1	4.252616319E1	1.997289683E1
1.212000000E1	4.182257312E1	1.957831188E1
1.216000000E1	4.075284742E1	1.898371982E1
1.220000000E1	3.925900718E1	1.812156834E1
1.224000000E1	3.730243203E1	1.695225456E1
1.228000000E1	3.492885058E1	1.558217164E1
1.232000000E1	3.220080706E1	1.420588453E1
1.236000000E1	2.913111894E1	1.270295456E1
1.240000000E1	2.597025271E1	1.128785841E1
1.244000000E1	2.273390800E1	1.001025215E1
1.248000000E1	1.952728972E1	8.809362169E0
1.252000000E1	1.666402090E1	7.932416859E0
1.256000000E1	1.274044463E1	6.806651923E0
1.260000000E1	1.273608644E1	6.804862937E0
1.264000000E1	1.167830744E1	6.418775079E0
1.268000000E1	1.123459435E1	6.106424085E0
1.272000000E1	1.111265308E1	5.988682137E0
1.276000000E1	1.156215977E1	5.889678335E0
1.280000000E1	1.155251742E1	5.898390154E0
1.284000000E1	1.176255912E1	5.929154454E0
1.288000000E1	1.182578582E1	5.949436373E0
1.292000000E1	1.179239685E1	5.990186177E0
1.296000000E1	1.172182020E1	5.962028068E0
1.300000000E1	1.167947943E1	5.957799133E0
1.304000000E1	1.168119266E1	5.938790450E0
1.308000000E1	1.168514335E1	5.943180866E0
1.312000000E1	1.169786410E1	5.955958998E0
1.316000000E1	1.171652044E1	5.994929729E0
1.320000000E1	1.179400777E1	6.116029675E0
1.324000000E1	1.192386549E1	6.218571241E0
1.328000000E1	1.227933093E1	6.402953775E0
1.332000000E1	1.288515399E1	6.581517518E0
1.336000000E1	1.379429785E1	6.864936942E0
1.340000000E1	1.645846791E1	7.839026527E0
1.344000000E1	1.646464887E1	7.816904190E0
1.348000000E1	2.000177065E1	9.371641518E0
1.352000000E1	2.190231010E1	1.031416471E1
1.356000000E1	2.189606099E1	1.031037968E1
1.360000000E1	2.390566071E1	1.134517642E1
1.364000000E1	2.594832471E1	1.240981731E1
1.368000000E1	2.799917941E1	1.347221785E1
1.372000000E1	3.000773396E1	1.439216532E1
1.376000000E1	3.196637272E1	1.521485813E1
1.380000000E1	3.384928452E1	1.594319134E1
1.384000000E1	3.555920831E1	1.661482574E1
1.388000000E1	3.718816912E1	1.726204877E1
1.392000000E1	3.869439009E1	1.786696901E1
1.396000000E1	3.997988552E1	1.838419660E1
1.400000000E1	4.187956114E1	1.930131147E1
1.404000000E1	4.186359764E1	1.930293066E1
1.408000000E1	4.249548323E1	1.969798988E1
1.412000000E1	4.284323999E1	1.999521340E1
1.416000000E1	4.278182412E1	2.001004795E1
1.420000000E1	4.226279487E1	1.975318900E1
1.424000000E1	4.136891936E1	1.922233806E1
1.428000000E1	4.001205244E1	1.841188064E1
1.432000000E1	3.823802243E1	1.734098727E1
1.436000000E1	3.594490523E1	1.604521375E1
1.440000000E1	2.995947279E1	1.276271077E1
1.444000000E1	3.004920630E1	1.278195555E1
1.448000000E1	2.664126568E1	1.125124425E1
1.452000000E1	2.323260958E1	9.846057462E0
1.456000000E1	1.990859806E1	8.667188543E0
1.460000000E1	1.696612330E1	7.771110001E0
1.464000000E1	1.451642965E1	7.147327191E0
1.468000000E1	1.261567094E1	6.695286850E0
1.472000000E1	1.129279453E1	6.376403341E0
1.476000000E1	1.044496467E1	6.100082585E0
1.480000000E1	9.999821182E0	5.868635215E0
1.484000000E1	9.919768687E0	5.702031306E0
1.488000000E1	1.010471684E1	5.604013143E0
1.492000000E1	1.033605104E1	5.595258084E0
1.496000000E1	1.050950420E1	5.665326965E0
1.500000000E1	1.072865614E1	5.693534333E0
1.504000000E1	1.074552464E1	5.693782753E0
1.508000000E1	1.075925636E1	5.688192193E0
1.512000000E1	1.070191111E1	5.675717700E0
1.516000000E1	1.062975313E1	5.654304375E0
1.520000000E1	1.059743167E1	5.639840551E0
1.524000000E1	1.054294229E1	5.633150589E0
1.528000000E1	1.052546034E1	5.609474253E0
1.532000000E1	1.053523425E1	5.606640158E0
1.536000000E1	1.055535119E1	5.605213216E0
1.540000000E1	1.055821642E1	5.592541598E0
1.544000000E1	1.052552890E1	5.580737350E0
1.548000000E1	1.050872030E1	5.572122167E0
1.552000000E1	1.050715735E1	5.583589990E0
1.556000000E1	1.050617577E1	5.597334389E0
1.560000000E1	1.050653986E1	5.619489803E0
1.564000000E1	1.052468888E1	5.703126509E0
1.568000000E1	1.073005490E1	5.867008610E0
1.572000000E1	1.123698692E1	6.073557532E0
1.576000000E1	1.215162602E1	6.325659393E0
1.580000000E1	1.354011564E1	6.758680575E0
1.584000000E1	1.542070352E1	7.429440331E0
1.588000000E1	1.754874298E1	8.183956204E0
1.592000000E1	1.980229620E1	9.109074737E0
1.596000000E1	2.218958603E1	1.016679259E1
1.600000000E1	2.456875418E1	1.120914925E1
1.604000000E1	2.680640571E1	1.217867698E1
1.608000000E1	2.906427937E1	1.317294287E1
1.612000000E1	3.127853806E1	1.423754862E1
1.616000000E1	3.330862168E1	1.509948345E1
1.620000000E1	3.522669737E1	1.596129518E1
1.624000000E1	3.696052683E1	1.678888617E1
1.628000000E1	3.851568775E1	1.749833751E1
1.632000000E1	3.982261662E1	1.811586576E1
1.636000000E1	4.094891040E1	1.865321680E1
1.640000000E1	4.182886154E1	1.913266960E1
1.644000000E1	4.243740316E1	1.949762529E1
1.648000000E1	4.284314173E1	1.983887488E1
1.652000000E1	4.286607545E1	1.996994314E1
1.656000000E1	4.254155192E1	1.984634210E1
1.660000000E1	4.178104252E1	1.941764294E1
1.664000000E1	4.048760607E1	1.855176705E1
1.668000000E1	3.880652723E1	1.749403746E1
1.672000000E1	3.658968933E1	1.612870448E1
1.676000000E1	3.396622378E1	1.470407102E1
1.680000000E1	3.103259177E1	1.314463922E1
1.684000000E1	2.785078838E1	1.165116228E1
1.688000000E1	2.456775110E1	1.028476510E1
1.692000000E1	2.141819938E1	9.104815714E0
1.696000000E1	1.859984053E1	8.214007610E0
1.700000000E1	1.619795553E1	7.538170474E0
1.704000000E1	1.436019776E1	7.040861203E0
1.708000000E1	1.296579963E1	6.595070693E0
1.712000000E1	1.197379533E1	6.288212571E0
1.716000000E1	1.151954004E1	6.004548098E0
1.720000000E1	1.144358795E1	5.857365316E0
1.724000000E1	1.153069237E1	5.780182244E0
1.728000000E1	1.164840332E1	5.784322511E0
1.732000000E1	1.170936960E1	5.803996647E0
1.736000000E1	1.174711858E1	5.799860785E0
1.740000000E1	1.172795156E1	5.800864069E0
1.744000000E1	1.170127023E1	5.784942687E0
1.748000000E1	1.167329422E1	5.770519711E0
1.752000000E1	1.165786044E1	5.776366329E0
1.756000000E1	1.164037078E1	5.785268655E0
1.760000000E1	1.165671333E1	5.806654764E0
1.764000000E1	1.166682108E1	5.804163530E0
1.768000000E1	1.169062070E1	5.819937302E0
1.772000000E1	1.169309168E1	5.827291961E0
1.776000000E1	1.169191672E1	5.829908581E0
1.780000000E1	1.169116063E1	5.831889189E0
1.784000000E1	1.169315857E1	5.874169395E0
1.788000000E1	1.172038002E1	5.962035121E0
1.792000000E1	1.184075047E1	6.006369722E0
1.796000000E1	1.199053251E1	6.130768384E0
1.800000000E1	1.216984491E1	6.275338621E0
1.804000000E1	1.252736578E1	6.463887362E0
1.808000000E1	1.319693832E1	6.735943172E0
1.812000000E1	1.425562240E1	7.165649702E0
1.816000000E1	1.567453320E1	7.797671423E0
1.820000000E1	1.732898629E1	8.555745002E0
1.824000000E1	1.912277742E1	9.460791104E0
1.828000000E1	2.101321618E1	1.045692393E1
1.832000000E1	2.294414011E1	1.153856533E1
1.836000000E1	2.506696967E1	1.267619615E1
1.840000000E1	2.708438624E1	1.365372917E1
1.844000000E1	2.916051598E1	1.453257994E1
1.848000000E1	3.115420817E1	1.527268706E1
1.852000000E1	3.311292030E1	1.597148413E1
1.856000000E1	3.497831887E1	1.654309550E1
1.860000000E1	3.670944864E1	1.711703783E1
1.864000000E1	3.821832044E1	1.768719919E1
1.868000000E1	3.957356701E1	1.820755281E1
1.872000000E1	4.077567116E1	1.866029978E1
1.876000000E1	4.169994044E1	1.903372406E1
1.880000000E1	4.246499910E1	1.940376842E1
1.884000000E1	4.295060129E1	1.972918672E1
1.888000000E1	4.314047952E1	1.990160300E1
1.892000000E1	4.297542987E1	1.988943341E1
1.896000000E1	4.243160943E1	1.958278465E1
1.900000000E1	4.149791049E1	1.904035373E1
1.904000000E1	4.015930457E1	1.824438462E1
1.908000000E1	3.837544153E1	1.719746087E1
1.912000000E1	3.613083808E1	1.601793974E1
1.916000000E1	3.358872356E1	1.472576463E1
1.920000000E1	3.059630127E1	1.332289935E1
1.924000000E1	2.447025020E1	1.069712615E1
1.928000000E1	2.446082631E1	1.070953329E1
1.932000000E1	2.140818248E1	9.587339398E0
1.936000000E1	1.871915768E1	8.669451876E0
1.940000000E1	1.639843214E1	7.913822918E0
1.944000000E1	1.454201832E1	7.352391503E0
1.948000000E1	1.324559101E1	6.863859678E0
1.952000000E1	1.239548310E1	6.528509509E0
1.956000000E1	1.195579912E1	6.208272579E0
1.960000000E1	1.189137462E1	6.004728119E0
1.964000000E1	1.222595540E1	5.961457708E0
1.968000000E1	1.223904663E1	5.957365907E0
1.972000000E1	1.235327279E1	5.959521707E0
1.976000000E1	1.233243471E1	5.964826365E0
1.980000000E1	1.226168074E1	5.973072814E0
1.984000000E1	1.218782620E1	5.946491201E0
1.988000000E1	1.213082263E1	5.942168994E0
1.992000000E1	1.212826252E1	5.961402376E0
1.996000000E1	1.213634183E1	5.971873379E0
2.000000000E1	1.214477944E1	5.973564114E0
2.004000000E1	1.214872361E1	5.993203474E0
2.008000000E1	1.218420248E1	6.117216689E0
2.012000000E1	1.217627543E1	6.114882295E0
2.016000000E1	1.227775749E1	6.239765106E0
2.020000000E1	1.243786153E1	6.353712814E0
2.024000000E1	1.276669817E1	6.527677101E0
2.028000000E1	1.345143987E1	6.782607359E0
2.032000000E1	1.452794152E1	7.216551688E0
2.036000000E1	1.595291862E1	7.788164910E0
2.040000000E1	1.772044275E1	8.641072400E0
2.044000000E1	2.173493995E1	1.059188145E1
2.048000000E1	2.173796007E1	1.059794020E1
2.052000000E1	2.396685113E1	1.169203009E1
2.056000000E1	2.637888842E1	1.283611204E1
2.060000000E1	2.861352839E1	1.381372570E1
2.064000000E1	3.093145046E1	1.477425746E1
2.068000000E1	3.301322332E1	1.556322653E1
2.072000000E1	3.497070705E1	1.631355464E1
2.076000000E1	3.684039872E1	1.702205113E1
2.080000000E1	3.847745016E1	1.763152407E1
2.084000000E1	3.991090442E1	1.816736745E1
2.088000000E1	4.105714925E1	1.866122004E1
2.092000000E1	4.189330426E1	1.898591748E1
2.096000000E1	4.241852599E1	1.928786707E1
2.100000000E1	4.262114951E1	1.938859814E1
2.104000000E1	4.246369633E1	1.930539710E1
2.108000000E1	4.211195542E1	1.917521492E1
2.112000000E1	4.148648759E1	1.884373687E1
2.116000000E1	4.044958920E1	1.822929150E1
2.120000000E1	3.894792777E1	1.732157785E1
2.124000000E1	3.700561832E1	1.617613891E1
2.128000000E1	3.478646456E1	1.494282062E1
2.132000000E1	2.956114310E1	1.240774576E1
2.136000000E1	2.955127777E1	1.240746057E1
2.140000000E1	2.681040132E1	1.134994487E1
2.144000000E1	2.402604480E1	1.030083139E1
2.148000000E1	2.143558205E1	9.424151418E0
2.152000000E1	1.908561723E1	8.663305220E0
2.156000000E1	1.705703492E1	8.072191747E0
2.160000000E1	1.531202603E1	7.500375611E0
2.164000000E1	1.386467645E1	7.036973222E0
2.168000000E1	1.211641281E1	6.354699829E0
2.172000000E1	1.212733114E1	6.337280800E0
2.176000000E1	1.177128495E1	6.151686422E0
2.180000000E1	1.164321979E1	6.022548545E0
2.184000000E1	1.166734524E1	5.983286773E0
2.188000000E1	1.177820823E1	5.923022081E0
2.192000000E1	1.186034392E1	5.968488835E0
2.196000000E1	1.193859879E1	5.982080256E0
2.200000000E1	1.197442248E1	5.982841770E0
2.204000000E1	1.196752425E1	5.967674066E0
2.208000000E1	1.195558152E1	5.955418902E0
2.212000000E1	1.190938011E1	5.963480704E0
2.216000000E1	1.189053435E1	5.959848683E0
2.220000000E1	1.187499432E1	5.967931023E0
2.224000000E1	1.186200457E1	5.979744905E0
2.228000000E1	1.186162170E1	5.989595450E0
2.232000000E1	1.185773145E1	5.991136444E0
2.236000000E1	1.184995151E1	5.990118439E0
2.240000000E1	1.184750658E1	5.983166966E0
2.244000000E1	1.184684250E1	5.984951131E0
2.248000000E1	1.184747324E1	6.011513893E0
2.252000000E1	1.187803836E1	6.104599374E0
2.256000000E1	1.195838035E1	6.135425187E0
2.260000000E1	1.198583340E1	6.170621753E0
2.264000000E1	1.198666600E1	6.165531263E0
2.268000000E1	1.198134225E1	6.166782916E0
2.272000000E1	1.197494603E1	6.178449028E0
2.276000000E1	1.196928882E1	6.242609535E0
2.280000000E1	1.197961902E1	6.261254070E0
2.284000000E1	1.198172643E1	6.284242773E0
2.288000000E1	1.198382854E1	6.283623265E0
2.292000000E1	1.198320061E1	6.276400177E0
2.296000000E1	1.197739606E1	6.270857138E0
2.300000000E1	1.198022917E1	6.271364749E0
2.304000000E1	1.199320378E1	6.284237481E0
2.308000000E1	1.204507895E1	6.347434063E0
2.312000000E1	1.224564394E1	6.440525804E0
2.316000000E1	1.257463840E1	6.571046829E0
2.320000000E1	1.313321952E1	6.736420093E0
2.324000000E1	1.403983454E1	7.035195524E0
2.328000000E1	1.534797355E1	7.425564497E0
2.332000000E1	1.689223829E1	8.067436062E0
2.336000000E1	1.866059916E1	8.781818481E0
2.340000000E1	2.053081377E1	9.692829005E0
2.344000000E1	2.257018034E1	1.074821949E1
2.348000000E1	2.467155448E1	1.180817112E1
2.352000000E1	2.683588153E1	1.285402588E1
2.356000000E1	2.907053787E1	1.393473688E1
2.360000000E1	3.131617136E1	1.494238083E1
2.364000000E1	3.341361185E1	1.582615337E1
2.368000000E1	3.531228177E1	1.658239879E1
2.372000000E1	3.698390848E1	1.723463206E1
2.376000000E1	3.848094876E1	1.783194914E1
2.380000000E1	3.972761598E1	1.831985410E1
2.384000000E1	4.057214116E1	1.871012939E1
2.388000000E1	4.114936093E1	1.899143628E1
2.392000000E1	4.143996069E1	1.912395826E1
2.396000000E1	4.138617397E1	1.916522607E1
2.400000000E1	4.105478439E1	1.904541282E1
2.404000000E1	4.040561106E1	1.876066497E1
2.408000000E1	3.943269365E1	1.824710489E1
2.412000000E1	3.805931259E1	1.748816442E1
2.416000000E1	3.619227010E1	1.642270025E1
2.420000000E1	3.391751714E1	1.525322309E1
2.424000000E1	3.137745023E1	1.401483365E1
2.428000000E1	2.853947239E1	1.269521844E1
2.432000000E1	2.567218664E1	1.147694617E1
2.436000000E1	2.269270465E1	1.028175553E1
2.440000000E1	1.979819741E1	9.270463423E0
2.444000000E1	1.720414970E1	8.408506685E0
2.448000000E1	1.499311949E1	7.759055574E0
2.452000000E1	1.331424953E1	7.280834423E0
2.456000000E1	1.200688205E1	6.844854610E0
2.460000000E1	1.117567392E1	6.536526091E0
2.464000000E1	1.071698467E1	6.066798681E0
2.468000000E1	1.070218994E1	6.072916218E0
2.472000000E1	1.083508462E1	5.948070274E0
2.476000000E1	1.103275453E1	5.868191450E0
2.480000000E1	1.119975526E1	5.850992569E0
2.484000000E1	1.124073682E1	5.871148862E0
2.488000000E1	1.114943515E1	5.857024009E0
2.492000000E1	1.114031598E1	5.855567304E0
2.496000000E1	1.109431021E1	5.843348758E0
2.500000000E1	1.107313753E1	5.827804031E0
2.504000000E1	1.106892366E1	5.826031182E0
2.508000000E1	1.107937471E1	5.827881303E0
2.512000000E1	1.108297451E1	5.839425453E0
2.516000000E1	1.108581969E1	5.842736404E0
2.520000000E1	1.108521734E1	5.851477028E0
2.524000000E1	1.108678173E1	5.847663338E0
2.528000000E1	1.108238881E1	5.843758924E0
2.532000000E1	1.107719609E1	5.841488124E0
2.536000000E1	1.108033134E1	5.833871085E0
2.540000000E1	1.108172185E1	5.835363363E0
2.544000000E1	1.108276533E1	5.838225290E0
2.548000000E1	1.108374685E1	5.838413236E0
2.552000000E1	1.108814577E1	5.845515524E0
2.556000000E1	1.109507397E1	5.865682128E0
2.560000000E1	1.123013069E1	5.995570746E0
2.564000000E1	1.152436921E1	6.135514769E0
2.568000000E1	1.206136186E1	6.283185113E0
2.572000000E1	1.292157344E1	6.534046507E0
2.576000000E1	1.405807197E1	6.880689530E0
2.580000000E1	1.541991945E1	7.351735368E0
2.584000000E1	1.697437524E1	7.925916074E0
2.588000000E1	1.870639501E1	8.678531304E0
2.592000000E1	2.060303671E1	9.526074268E0
2.596000000E1	2.262819199E1	1.057855223E1
2.600000000E1	2.471549253E1	1.164807452E1
2.604000000E1	2.698246150E1	1.278652592E1
2.608000000E1	2.911621109E1	1.378284496E1
2.612000000E1	3.133061155E1	1.479886181E1
2.616000000E1	3.341919821E1	1.567328785E1
2.620000000E1	3.534168550E1	1.641595561E1
2.624000000E1	3.703827066E1	1.703614617E1
2.628000000E1	3.854661324E1	1.763442120E1
2.632000000E1	3.971619438E1	1.814130914E1
2.636000000E1	4.066886919E1	1.850951588E1
2.640000000E1	4.126002021E1	1.881151874E1
2.644000000E1	4.150022915E1	1.899205098E1
2.648000000E1	4.134312205E1	1.886972533E1
2.652000000E1	4.088267933E1	1.856966489E1
2.656000000E1	3.998560955E1	1.797217930E1
2.660000000E1	3.868645434E1	1.715730090E1
2.664000000E1	3.687610142E1	1.614493550E1
2.668000000E1	3.477342648E1	1.505323104E1
2.672000000E1	3.223907618E1	1.386579352E1
2.676000000E1	2.933142886E1	1.260180999E1
2.680000000E1	2.623018295E1	1.122249710E1
2.684000000E1	2.311643722E1	9.976227426E0
2.688000000E1	2.000528640E1	8.814785862E0
2.692000000E1	1.729243563E1	7.940603541E0
2.696000000E1	1.513418301E1	7.335112721E0
2.700000000E1	1.349811407E1	6.919217112E0
2.704000000E1	1.245059818E1	6.587056643E0
2.708000000E1	1.182999544E1	6.319014800E0
2.712000000E1	1.157494927E1	6.155798552E0
2.716000000E1	1.161467653E1	6.003832940E0
2.720000000E1	1.174902395E1	5.941811189E0
2.724000000E1	1.187786318E1	5.953497978E0
2.728000000E1	1.191127433E1	5.958243126E0
2.732000000E1	1.185918648E1	5.926146670E0
2.736000000E1	1.181795300E1	5.938797828E0
2.740000000E1	1.174182303E1	5.955992568E0
2.744000000E1	1.171310246E1	5.938045634E0
2.748000000E1	1.170781250E1	5.894178129E0
2.752000000E1	1.169478509E1	5.861715218E0
2.756000000E1	1.168904198E1	5.848425676E0
2.760000000E1	1.169150414E1	5.860130572E0
2.764000000E1	1.169140506E1	5.862566488E0
2.768000000E1	1.171886383E1	5.978138543E0
2.772000000E1	1.187934517E1	6.116862196E0
2.776000000E1	1.230087193E1	6.267977702E0
2.780000000E1	1.305879736E1	6.488120159E0
2.784000000E1	1.423639913E1	6.890989467E0
2.788000000E1	1.581089741E1	7.502113246E0
2.792000000E1	1.771019652E1	8.344667214E0
2.796000000E1	1.977886464E1	9.311254515E0
2.800000000E1	2.199422967E1	1.038217005E1
2.804000000E1	2.429453653E1	1.148450126E1
2.808000000E1	2.640132008E1	1.252585904E1
2.812000000E1	2.848049814E1	1.347888681E1
2.816000000E1	3.053996141E1	1.442497947E1
2.820000000E1	3.441579365E1	1.605091738E1
2.824000000E1	3.443037902E1	1.603958948E1
2.828000000E1	3.620988747E1	1.674911246E1
2.832000000E1	3.775043019E1	1.734381734E1
2.836000000E1	3.908319361E1	1.792731881E1
2.840000000E1	4.017002234E1	1.835287341E1
2.844000000E1	4.099957076E1	1.868984351E1
2.848000000E1	4.150489738E1	1.890433320E1
2.852000000E1	4.184102578E1	1.911537090E1
2.856000000E1	4.179520375E1	1.918191718E1
2.860000000E1	4.153061068E1	1.912482259E1
2.864000000E1	4.076164860E1	1.874250868E1
2.868000000E1	3.956802196E1	1.794510821E1
2.872000000E1	3.782558521E1	1.684152264E1
2.876000000E1	3.552548461E1	1.554622437E1
2.880000000E1	3.284026525E1	1.415538240E1
2.884000000E1	2.967550937E1	1.272728224E1
2.888000000E1	2.636205085E1	1.134992153E1
2.892000000E1	2.290822925E1	1.002395202E1
2.896000000E1	1.962358477E1	8.934579822E0
2.900000000E1	1.661969898E1	8.051273622E0
2.904000000E1	1.405974180E1	7.357877096E0
2.908000000E1	1.219844884E1	6.870885867E0
2.912000000E1	1.093390306E1	6.548334619E0
2.916000000E1	1.016489162E1	6.249853093E0
2.920000000E1	9.909446703E0	5.957684508E0
2.924000000E1	9.974398467E0	5.820354556E0
2.928000000E1	1.022354479E1	5.742791782E0
2.932000000E1	1.050914647E1	5.705554583E0
2.936000000E1	1.072971490E1	5.719460001E0
2.940000000E1	1.079430532E1	5.737360938E0
2.944000000E1	1.066033955E1	5.757501595E0
2.948000000E1	1.065657756E1	5.778997173E0
2.952000000E1	1.063363959E1	5.734149703E0
2.956000000E1	1.062927556E1	5.694110456E0
2.960000000E1	1.063952558E1	5.695873264E0
2.964000000E1	1.065439698E1	5.708908435E0
2.968000000E1	1.066904230E1	5.738537708E0
2.972000000E1	1.065970549E1	5.784613553E0
2.976000000E1	1.068248339E1	5.849615690E0
2.980000000E1	1.074757488E1	5.878729457E0
2.984000000E1	1.081335718E1	5.989238767E0
2.988000000E1	1.099864976E1	6.127872265E0
2.992000000E1	1.198313932E1	6.430424927E0
2.996000000E1	1.198295294E1	6.426901342E0
3.000000000E1	1.298552776E1	6.735943094E0
3.004000000E1	1.424306583E1	7.161244399E0
3.008000000E1	1.575423961E1	7.760205558E0
3.012000000E1	1.743028388E1	8.462308624E0
3.016000000E1	1.917888652E1	9.259687963E0
3.020000000E1	2.107174267E1	1.013505236E1
3.024000000E1	2.296611076E1	1.100541895E1
3.028000000E1	2.483688635E1	1.187709495E1
3.032000000E1	2.887844948E1	1.367189132E1
3.036000000E1	2.888410759E1	1.367247234E1
3.040000000E1	3.100752449E1	1.448983885E1
3.044000000E1	3.298687609E1	1.521541401E1
3.048000000E1	3.488666147E1	1.596692095E1
3.052000000E1	3.653928019E1	1.662794827E1
3.056000000E1	3.809237207E1	1.729216890E1
3.060000000E1	3.927396311E1	1.782849551E1
3.064000000E1	4.034474742E1	1.836873674E1
3.068000000E1	4.101975590E1	1.873674036E1
3.072000000E1	4.138728703E1	1.894152717E1
3.076000000E1	4.126510366E1	1.885070882E1
3.080000000E1	4.078914267E1	1.854825798E1
3.084000000E1	4.001288500E1	1.807736871E1
3.088000000E1	3.885911525E1	1.744521768E1
3.092000000E1	3.721264224E1	1.659588117E1
3.096000000E1	3.531588772E1	1.570155637E1
3.100000000E1	3.300957767E1	1.458530878E1
3.104000000E1	3.022872438E1	1.333542700E1
3.108000000E1	2.728194936E1	1.199115143E1
3.112000000E1	2.428245673E1	1.071748394E1
3.116000000E1	2.119009871E1	9.497027473E0
3.120000000E1	1.831989708E1	8.493238473E0
3.124000000E1	1.573695818E1	7.660967284E0
3.128000000E1	1.379796977E1	7.144149308E0
3.132000000E1	1.124233367E1	6.428338916E0
3.136000000E1	1.123761516E1	6.439278629E0
3.140000000E1	1.076511719E1	6.262072273E0
3.144000000E1	1.067077531E1	6.150870386E0
3.148000000E1	1.083601553E1	6.040305875E0
3.152000000E1	1.108814622E1	5.968067834E0
3.156000000E1	1.129340553E1	5.924860764E0
3.160000000E1	1.138570623E1	5.961104320E0
3.164000000E1	1.138349940E1	5.967199506E0
3.168000000E1	1.128637897E1	5.956519547E0
3.172000000E1	1.123288811E1	5.954076997E0
3.176000000E1	1.119971933E1	5.954035304E0
3.180000000E1	1.115642130E1	5.973280608E0
3.184000000E1	1.119717596E1	5.949667508E0
3.188000000E1	1.123109171E1	5.976113982E0
3.192000000E1	1.124905300E1	5.999025802E0
3.196000000E1	1.125886014E1	6.032770313E0
3.200000000E1	1.125192380E1	6.104034059E0
3.204000000E1	1.125720761E1	6.137424850E0
3.208000000E1	1.127740837E1	6.183553672E0
3.212000000E1	1.134759413E1	6.266612321E0
3.216000000E1	1.150195774E1	6.368183419E0
3.220000000E1	1.182477576E1	6.440723048E0
3.224000000E1	1.317130847E1	7.003955371E0
3.228000000E1	1.317237582E1	7.011800186E0
3.232000000E1	1.430694522E1	7.467287611E0
3.236000000E1	1.571547550E1	8.104384141E0
3.240000000E1	1.731762638E1	8.867310550E0
3.244000000E1	1.912538596E1	9.733180101E0
3.248000000E1	2.096046260E1	1.064410317E1
3.252000000E1	2.294787917E1	1.162939795E1
3.256000000E1	2.499323595E1	1.257647436E1
3.260000000E1	2.714711746E1	1.347402672E1
3.264000000E1	2.935403615E1	1.436352541E1
3.268000000E1	3.147323324E1	1.510398150E1
3.272000000E1	3.344374762E1	1.573174764E1
3.276000000E1	3.532158371E1	1.634861495E1
3.280000000E1	3.700588391E1	1.692253677E1
3.284000000E1	3.837882972E1	1.748232799E1
3.288000000E1	3.944878693E1	1.792530471E1
3.292000000E1	4.032678238E1	1.832625715E1
3.296000000E1	4.092709018E1	1.863697810E1
3.300000000E1	4.123581069E1	1.885315441E1
3.304000000E1	4.120554570E1	1.885706011E1
3.308000000E1	4.078282882E1	1.856741951E1
3.312000000E1	4.003966721E1	1.809381791E1
3.316000000E1	3.896477239E1	1.748731823E1
3.320000000E1	3.751054444E1	1.668349882E1
3.324000000E1	3.560473418E1	1.573789754E1
3.328000000E1	3.329592694E1	1.449449653E1
3.332000000E1	3.068412995E1	1.328554280E1
3.336000000E1	2.756779137E1	1.182575193E1
3.340000000E1	2.440283973E1	1.050120304E1
3.344000000E1	2.134657778E1	9.346079406E0
3.348000000E1	1.832609432E1	8.383215037E0
3.352000000E1	1.585798757E1	7.750717141E0
3.356000000E1	1.374072675E1	7.299502942E0
3.360000000E1	1.213451170E1	6.935747756E0
3.364000000E1	1.123528565E1	6.689965717E0
3.368000000E1	1.073135805E1	6.414849344E0
3.372000000E1	1.061937902E1	6.161687555E0
3.376000000E1	1.078427765E1	6.035984433E0
3.380000000E1	1.104265927E1	5.987566568E0
3.384000000E1	1.127575731E1	5.986676284E0
3.388000000E1	1.137249411E1	5.998556839E0
3.392000000E1	1.133921131E1	5.998970428E0
3.396000000E1	1.123584731E1	5.986863169E0
3.400000000E1	1.111757598E1	5.929503107E0
3.404000000E1	1.108785459E1	5.893930280E0
3.408000000E1	1.106145684E1	5.859508773E0
3.412000000E1	1.108044665E1	5.887014713E0
3.416000000E1	1.110270922E1	5.892481239E0
3.420000000E1	1.110563164E1	5.953465847E0
3.424000000E1	1.113083205E1	5.978832426E0
3.428000000E1	1.111777373E1	5.987380919E0
3.432000000E1	1.111312168E1	5.986460487E0
3.436000000E1	1.110391667E1	5.989100910E0
3.440000000E1	1.109856017E1	5.992393047E0
3.444000000E1	1.109770149E1	5.990647513E0
3.448000000E1	1.109687817E1	5.989399397E0
3.452000000E1	1.110214226E1	5.999359128E0
3.456000000E1	1.110885016E1	6.014715746E0
3.460000000E1	1.110677848E1	6.019600205E0
3.464000000E1	1.110208144E1	6.110360075E0
3.468000000E1	1.114330757E1	6.245757273E0
3.472000000E1	1.135530877E1	6.320396158E0
3.476000000E1	1.171587550E1	6.485415401E0
3.480000000E1	1.240958598E1	6.715515020E0
3.484000000E1	1.336596353E1	7.035908383E0
3.488000000E1	1.450171991E1	7.487941404E0
3.492000000E1	1.573887828E1	7.984517601E0
3.496000000E1	1.711272982E1	8.539638728E0
3.500000000E1	1.873416473E1	9.267928031E0
3.504000000E1	2.054345975E1	1.013510406E1
3.508000000E1	2.256122209E1	1.119472044E1
3.512000000E1	2.478865397E1	1.225656110E1
3.516000000E1	2.716530053E1	1.334735012E1
3.520000000E1	2.964062295E1	1.436474627E1
3.524000000E1	3.201665168E1	1.525875229E1
3.528000000E1	3.420053197E1	1.602174051E1
3.532000000E1	3.626825896E1	1.674776149E1
3.536000000E1	3.795675906E1	1.734137085E1
3.540000000E1	3.935611699E1	1.793705261E1
3.544000000E1	4.039509523E1	1.836000280E1
3.548000000E1	4.109515723E1	1.868332273E1
3.552000000E1	4.170251413E1	1.914545871E1
3.556000000E1	4.169305975E1	1.914544563E1
3.560000000E1	4.155079902E1	1.917839151E1
3.564000000E1	4.107815353E1	1.897654624E1
3.568000000E1	4.022528590E1	1.848471148E1
3.572000000E1	3.882894647E1	1.767060026E1
3.576000000E1	3.705948271E1	1.661081903E1
3.580000000E1	3.490175771E1	1.538506504E1
3.584000000E1	3.226251435E1	1.397609731E1
3.588000000E1	2.923962463E1	1.254506941E1
3.592000000E1	2.597733259E1	1.106917786E1
3.596000000E1	2.277998663E1	9.868580863E0
3.600000000E1	1.964073797E1	8.821819932E0
3.604000000E1	1.676488953E1	7.959128064E0
3.608000000E1	1.442817983E1	7.421773897E0
3.612000000E1	1.251696975E1	7.027956837E0
3.616000000E1	1.115378215E1	6.820815456E0
3.620000000E1	1.042341991E1	6.626381260E0
3.624000000E1	1.015795096E1	6.469071766E0
3.628000000E1	1.006354256E1	6.368886021E0
3.632000000E1	1.013306870E1	6.269796727E0
3.636000000E1	1.021916606E1	6.250740713E0
3.640000000E1	1.030781610E1	6.221506249E0
3.644000000E1	1.038709997E1	6.205624244E0
3.648000000E1	1.039208624E1	6.163822181E0
3.652000000E1	1.038180297E1	6.124583104E0
3.656000000E1	1.035707298E1	6.099952329E0
3.660000000E1	1.033297757E1	6.082773140E0
3.664000000E1	1.030092258E1	6.078195749E0
3.668000000E1	1.027707704E1	6.099488478E0
3.672000000E1	1.028423767E1	6.120113395E0
3.676000000E1	1.033678820E1	6.185193728E0
3.680000000E1	1.048324103E1	6.299479226E0
3.684000000E1	1.080387737E1	6.428031322E0
3.688000000E1	1.144523523E1	6.608993567E0
3.692000000E1	1.243658307E1	6.883684572E0
3.696000000E1	1.372432754E1	7.300968378E0
3.700000000E1	1.524317897E1	7.880992592E0
3.704000000E1	1.682153829E1	8.526649375E0
3.708000000E1	1.855745607E1	9.308012267E0
3.712000000E1	2.037172386E1	1.015887043E1
3.716000000E1	2.216831721E1	1.103252823E1
3.720000000E1	2.410311991E1	1.192308452E1
3.724000000E1	2.609886744E1	1.282394126E1
3.728000000E1	2.811430091E1	1.363487373E1
3.732000000E1	3.015737001E1	1.434157616E1
3.736000000E1	3.217144964E1	1.507279339E1
3.740000000E1	3.400635565E1	1.571590717E1
3.744000000E1	3.570319126E1	1.633323584E1
3.748000000E1	3.718648295E1	1.694125444E1
3.752000000E1	3.848640723E1	1.752565671E1
3.756000000E1	3.957992139E1	1.802082071E1
3.760000000E1	4.030682587E1	1.839386001E1
3.764000000E1	4.085881284E1	1.873582439E1
3.768000000E1	4.121101747E1	1.899362647E1
3.772000000E1	4.123795543E1	1.912018232E1
3.776000000E1	4.091807176E1	1.897417484E1
3.780000000E1	4.018871237E1	1.853214369E1
3.784000000E1	3.914533082E1	1.791446213E1
3.788000000E1	3.766128938E1	1.703796534E1
3.792000000E1	3.581125907E1	1.601353286E1
3.796000000E1	3.355728360E1	1.481906384E1
3.800000000E1	3.089229678E1	1.344799687E1
3.804000000E1	2.799133363E1	1.208874165E1
3.808000000E1	2.490167073E1	1.072286300E1
3.812000000E1	2.184389120E1	9.563767002E0
3.816000000E1	1.899592425E1	8.547300208E0
3.820000000E1	1.651467801E1	7.754509743E0
3.824000000E1	1.292009586E1	6.722915575E0
3.828000000E1	1.289556620E1	6.735592112E0
3.832000000E1	1.187867340E1	6.416202651E0
3.836000000E1	1.133759099E1	6.253616550E0
3.840000000E1	1.110252324E1	6.128905367E0
3.844000000E1	1.112665269E1	6.043935021E0
3.848000000E1	1.126883678E1	5.986377071E0
3.852000000E1	1.142582806E1	5.976162733E0
3.856000000E1	1.155485777E1	5.965431173E0
3.860000000E1	1.159035579E1	5.979882566E0
3.864000000E1	1.157626998E1	5.976092508E0
3.868000000E1	1.155129124E1	5.970816101E0
3.872000000E1	1.153414321E1	5.968573937E0
3.876000000E1	1.152739341E1	5.976175067E0
3.880000000E1	1.152266646E1	6.004993487E0
3.884000000E1	1.151941332E1	6.063824715E0
3.888000000E1	1.154005227E1	6.126202305E0
3.892000000E1	1.157406668E1	6.196908549E0
3.896000000E1	1.160515504E1	6.282022006E0
3.900000000E1	1.169054751E1	6.381693337E0
3.904000000E1	1.184360077E1	6.435082820E0
3.908000000E1	1.199395488E1	6.573594434E0
3.912000000E1	1.214926249E1	6.649984462E0
3.916000000E1	1.218520545E1	6.712457304E0
3.920000000E1	1.226669692E1	6.724301757E0
3.924000000E1	1.229584623E1	6.739527704E0
3.928000000E1	1.231174945E1	6.770055526E0
3.932000000E1	1.231320953E1	6.842532628E0
3.936000000E1	1.230481055E1	6.872380557E0
3.940000000E1	1.230081975E1	6.881492393E0
3.944000000E1	1.229560434E1	6.894825868E0
3.948000000E1	1.231419969E1	6.945278287E0
3.952000000E1	1.244861615E1	7.012884146E0
3.956000000E1	1.274068657E1	7.058110497E0
3.960000000E1	1.316690665E1	7.197578236E0
3.964000000E1	1.373269772E1	7.476740554E0
3.968000000E1	1.464296106E1	7.801189852E0
3.972000000E1	1.590089193E1	8.347278341E0
3.976000000E1	1.747287876E1	9.010637022E0
3.980000000E1	1.930333434E1	9.878606632E0
3.984000000E1	2.127833653E1	1.086955293E1
3.988000000E1	2.331235027E1	1.194953108E1
3.992000000E1	2.549046445E1	1.299150010E1
3.996000000E1	2.772139829E1	1.392115851E1
4.000000000E1	2.996927113E1	1.475393063E1
4.004000000E1	3.207837536E1	1.541243977E1
4.008000000E1	3.420621551E1	1.607504951E1
4.012000000E1	3.775858702E1	1.716556890E1
4.016000000E1	3.775534203E1	1.717709726E1
4.020000000E1	3.909494092E1	1.766392611E1
4.024000000E1	4.017933443E1	1.808270501E1
4.028000000E1	4.089532112E1	1.842645764E1
4.032000000E1	4.132958603E1	1.865513418E1
4.036000000E1	4.132445101E1	1.865729286E1
4.040000000E1	4.091129347E1	1.838564878E1
4.044000000E1	3.892055581E1	1.726094162E1
4.048000000E1	3.893082141E1	1.724324341E1
4.052000000E1	3.740726659E1	1.650232063E1
4.056000000E1	3.565652517E1	1.566293940E1
4.060000000E1	3.343264680E1	1.461918369E1
4.064000000E1	3.090182928E1	1.345407338E1
4.068000000E1	2.817742856E1	1.225091987E1
4.072000000E1	2.537009266E1	1.102550054E1
4.076000000E1	2.251570830E1	9.867749382E0
4.080000000E1	1.988975493E1	8.948282405E0
4.084000000E1	1.735664264E1	8.088540780E0
4.088000000E1	1.526558667E1	7.460512963E0
4.092000000E1	1.363098210E1	7.011241981E0
4.096000000E1	1.248932753E1	6.594980615E0
