armbåge
t	x	y
0.000000000E0	1.169273882E1	5.830947673E0
4.000000000E-2	1.169137457E1	5.827474439E0
8.000000000E-2	1.168963302E1	5.824966261E0
1.200000000E-1	1.168899893E1	5.826640102E0
1.600000000E-1	1.169134920E1	5.828528896E0
2.000000000E-1	1.169382276E1	5.829708024E0
2.400000000E-1	1.169390313E1	5.829685258E0
2.800000000E-1	1.169426438E1	5.831017779E0
3.200000000E-1	1.169335642E1	5.830319385E0
3.600000000E-1	1.169310357E1	5.830119282E0
4.000000000E-1	1.169295586E1	5.829934518E0
4.400000000E-1	1.169330888E1	5.830217256E0
4.800000000E-1	1.169320092E1	5.830998000E0
5.200000000E-1	1.169384291E1	5.832497106E0
5.600000000E-1	1.169464625E1	5.833519249E0
6.000000000E-1	1.169391161E1	5.833170053E0
6.400000000E-1	1.169343958E1	5.833078187E0
6.800000000E-1	1.169332766E1	5.832747980E0
7.200000000E-1	1.169328132E1	5.832604835E0
7.600000000E-1	1.169276565E1	5.831864227E0
8.000000000E-1	1.169237568E1	5.831421099E0
8.400000000E-1	1.169240884E1	5.831511245E0
8.800000000E-1	1.169238790E1	5.831513974E0
9.200000000E-1	1.169286266E1	5.831990256E0
9.600000000E-1	1.169451111E1	5.834945512E0
1.000000000E0	1.168937783E1	5.834409575E0
1.040000000E0	1.169057806E1	5.843350343E0
1.080000000E0	1.169038968E1	5.988878597E0
1.120000000E0	1.189632467E1	6.306066387E0
1.160000000E0	1.256600071E1	6.695941183E0
1.200000000E0	1.395579240E1	7.309362318E0
1.240000000E0	1.603535701E1	8.178036933E0
1.280000000E0	1.864470046E1	9.295291845E0
1.320000000E0	2.162987804E1	1.057802622E1
1.360000000E0	2.472529330E1	1.203593863E1
1.400000000E0	2.760814835E1	1.350643976E1
1.440000000E0	3.011538135E1	1.493614405E1
1.480000000E0	3.213185793E1	1.617545170E1
1.520000000E0	3.361543388E1	1.712544100E1
1.560000000E0	3.447989817E1	1.776511822E1
1.600000000E0	3.485790245E1	1.812328250E1
1.640000000E0	3.484989456E1	1.823871565E1
1.680000000E0	3.446298909E1	1.813191954E1
1.720000000E0	3.381500294E1	1.784370144E1
1.760000000E0	3.293531552E1	1.747573826E1
1.800000000E0	3.183843671E1	1.699215823E1
1.840000000E0	3.056230583E1	1.645371599E1
1.880000000E0	2.917954051E1	1.580374724E1
1.920000000E0	2.772432643E1	1.503668699E1
1.960000000E0	2.623725782E1	1.424363049E1
2.000000000E0	2.487166771E1	1.348516263E1
2.040000000E0	2.371900741E1	1.288609762E1
2.080000000E0	2.292157558E1	1.245701420E1
2.120000000E0	2.245194003E1	1.209283021E1
2.160000000E0	2.229600472E1	1.181495679E1
2.200000000E0	2.230056490E1	1.157566901E1
2.240000000E0	2.237506569E1	1.146996907E1
2.280000000E0	2.251347983E1	1.140398938E1
2.320000000E0	2.259893953E1	1.134770876E1
2.360000000E0	2.256930606E1	1.129444072E1
2.400000000E0	2.249825528E1	1.123345596E1
2.440000000E0	2.235056926E1	1.112553449E1
2.480000000E0	2.217782669E1	1.092443858E1
2.520000000E0	2.187410036E1	1.062829252E1
2.560000000E0	2.133177761E1	1.026332302E1
2.600000000E0	2.055825545E1	9.782334389E0
2.640000000E0	1.961099770E1	9.265290523E0
2.680000000E0	1.857693130E1	8.816709372E0
2.720000000E0	1.757700551E1	8.409710890E0
2.760000000E0	1.668100421E1	8.077798982E0
2.800000000E0	1.595735704E1	7.786585487E0
2.840000000E0	1.541771441E1	7.541840369E0
2.880000000E0	1.507819818E1	7.410290601E0
2.920000000E0	1.498938606E1	7.329915022E0
2.960000000E0	1.498365293E1	7.284971902E0
3.000000000E0	1.500967335E1	7.302607012E0
3.040000000E0	1.501345072E1	7.317064863E0
3.080000000E0	1.499852101E1	7.318428189E0
3.120000000E0	1.498812533E1	7.311979869E0
3.160000000E0	1.499240763E1	7.324263655E0
3.200000000E0	1.513704827E1	7.345175514E0
3.240000000E0	1.547795418E1	7.493849820E0
3.280000000E0	1.625848523E1	7.778443289E0
3.320000000E0	1.754051608E1	8.224572264E0
3.360000000E0	1.924874871E1	8.916394010E0
3.400000000E0	2.125931246E1	9.822671865E0
3.440000000E0	2.343760146E1	1.089953156E1
3.480000000E0	2.567950805E1	1.209670109E1
3.520000000E0	2.783734150E1	1.335458992E1
3.560000000E0	2.985040684E1	1.452986198E1
3.600000000E0	3.159894573E1	1.554310104E1
3.640000000E0	3.294784633E1	1.629136401E1
3.680000000E0	3.386981867E1	1.681445225E1
3.720000000E0	3.451524449E1	1.730097414E1
3.760000000E0	3.449433073E1	1.732383666E1
3.800000000E0	3.418786464E1	1.728708042E1
3.840000000E0	3.354796231E1	1.703833539E1
3.880000000E0	3.256627331E1	1.667871603E1
3.920000000E0	3.135481389E1	1.619774362E1
3.960000000E0	2.999200794E1	1.571752995E1
4.000000000E0	2.845228709E1	1.506146534E1
4.040000000E0	2.683683613E1	1.434887662E1
4.080000000E0	2.382833996E1	1.284477073E1
4.120000000E0	2.383285758E1	1.285109135E1
4.160000000E0	2.256303888E1	1.214507125E1
4.200000000E0	2.162345646E1	1.154144565E1
4.240000000E0	2.098854383E1	1.104964616E1
4.280000000E0	2.072788342E1	1.073990639E1
4.320000000E0	2.070824122E1	1.048112288E1
4.360000000E0	2.083535722E1	1.032384929E1
4.400000000E0	2.097054049E1	1.030991737E1
4.440000000E0	2.098907207E1	1.033048696E1
4.480000000E0	2.098156546E1	1.042473885E1
4.520000000E0	2.091077725E1	1.044284988E1
4.560000000E0	2.082522647E1	1.034944966E1
4.600000000E0	2.068683548E1	1.021008414E1
4.640000000E0	2.053584882E1	1.002752542E1
4.680000000E0	2.019543455E1	9.551289603E0
4.720000000E0	2.021409378E1	9.561888050E0
4.760000000E0	1.993743083E1	9.203605512E0
4.800000000E0	1.954778476E1	8.832450937E0
4.840000000E0	1.903081469E1	8.450923256E0
4.880000000E0	1.845286434E1	8.159459941E0
4.920000000E0	1.787726879E1	7.930538101E0
4.960000000E0	1.741582990E1	7.772568987E0
5.000000000E0	1.717801633E1	7.662662213E0
5.040000000E0	1.711154231E1	7.675770447E0
5.080000000E0	1.711825258E1	7.747672802E0
5.120000000E0	1.710568666E1	7.763104576E0
5.160000000E0	1.719585011E1	7.762172123E0
5.200000000E0	1.725354466E1	7.798527740E0
5.240000000E0	1.734448067E1	7.796657001E0
5.280000000E0	1.740592802E1	7.911598930E0
5.320000000E0	1.768371419E1	8.071495063E0
5.360000000E0	1.915039660E1	8.835320692E0
5.400000000E0	1.916399622E1	8.829728360E0
5.440000000E0	2.050877059E1	9.543135333E0
5.480000000E0	2.222282743E1	1.048768515E1
5.520000000E0	2.418904844E1	1.162047960E1
5.560000000E0	2.629199401E1	1.295003656E1
5.600000000E0	2.840669949E1	1.434194664E1
5.640000000E0	3.036954896E1	1.559014710E1
5.680000000E0	3.207741254E1	1.663553347E1
5.720000000E0	3.340589715E1	1.736157039E1
5.760000000E0	3.429029975E1	1.782334738E1
5.800000000E0	3.474112604E1	1.797936196E1
5.840000000E0	3.471888048E1	1.786052191E1
5.880000000E0	3.423725506E1	1.749897340E1
5.920000000E0	3.226516977E1	1.654785384E1
5.960000000E0	3.224987612E1	1.657206487E1
6.000000000E0	3.099352362E1	1.603652281E1
6.040000000E0	2.957145576E1	1.542635631E1
6.080000000E0	2.810677726E1	1.481294008E1
6.120000000E0	2.660209817E1	1.414936455E1
6.160000000E0	2.514809263E1	1.347652318E1
6.200000000E0	2.389802163E1	1.287847243E1
6.240000000E0	2.281018990E1	1.224475787E1
6.280000000E0	2.194013332E1	1.166032456E1
6.320000000E0	2.130399413E1	1.118460481E1
6.360000000E0	2.088152435E1	1.079480435E1
6.400000000E0	2.070365968E1	1.050563901E1
6.440000000E0	2.077761821E1	1.043552785E1
6.480000000E0	2.088890783E1	1.045988410E1
6.520000000E0	2.089117696E1	1.047440472E1
6.560000000E0	2.084486625E1	1.048736195E1
6.600000000E0	2.080681301E1	1.048053596E1
6.640000000E0	2.072870281E1	1.049999568E1
6.680000000E0	2.069211306E1	1.047225091E1
6.720000000E0	2.067102366E1	1.044394192E1
6.760000000E0	2.067392106E1	1.039012533E1
6.800000000E0	2.068236656E1	1.031735726E1
6.840000000E0	2.068096354E1	1.031136191E1
6.880000000E0	2.067998727E1	1.030979083E1
6.920000000E0	2.066778127E1	1.030173294E1
6.960000000E0	2.064501398E1	1.028795925E1
7.000000000E0	2.062000927E1	1.024926451E1
7.040000000E0	2.063610069E1	1.018498918E1
7.080000000E0	2.059681981E1	1.015064253E1
7.120000000E0	2.055904000E1	1.004820129E1
7.160000000E0	2.054177517E1	9.978156358E0
7.200000000E0	2.053595557E1	9.879208279E0
7.240000000E0	2.051568269E1	9.814879603E0
7.280000000E0	2.050650217E1	9.728648955E0
7.320000000E0	2.046202241E1	9.696685163E0
7.360000000E0	2.046718429E1	9.667729211E0
7.400000000E0	2.052629275E1	9.693759891E0
7.440000000E0	2.066238781E1	9.703154704E0
7.480000000E0	2.085259901E1	9.770920518E0
7.520000000E0	2.124468582E1	9.893712137E0
7.560000000E0	2.178021493E1	1.017820847E1
7.600000000E0	2.262860783E1	1.063482717E1
7.640000000E0	2.371540188E1	1.127902001E1
7.680000000E0	2.497640419E1	1.205806865E1
7.720000000E0	2.636302664E1	1.290666238E1
7.760000000E0	2.781376424E1	1.378230321E1
7.800000000E0	2.924611323E1	1.469248209E1
7.840000000E0	3.058226607E1	1.556608925E1
7.880000000E0	3.272087994E1	1.702720730E1
7.920000000E0	3.270402905E1	1.703439828E1
7.960000000E0	3.336296176E1	1.741912388E1
8.000000000E0	3.372699019E1	1.755036166E1
8.040000000E0	3.372425230E1	1.748651429E1
8.080000000E0	3.341503178E1	1.728917049E1
8.120000000E0	3.283050190E1	1.690636603E1
8.160000000E0	3.196740284E1	1.643555545E1
8.200000000E0	3.091484530E1	1.584561385E1
8.240000000E0	2.969238574E1	1.523011732E1
8.280000000E0	2.844706001E1	1.464240968E1
8.320000000E0	2.714868212E1	1.403837210E1
8.360000000E0	2.589676078E1	1.347938183E1
8.400000000E0	2.475898372E1	1.298914369E1
8.440000000E0	2.372852673E1	1.250187059E1
8.480000000E0	2.296347599E1	1.213652944E1
8.520000000E0	2.247665405E1	1.184444710E1
8.560000000E0	2.226131377E1	1.167555542E1
8.600000000E0	2.219024063E1	1.164516353E1
8.640000000E0	2.221006222E1	1.166719276E1
8.680000000E0	2.229708896E1	1.168357751E1
8.720000000E0	2.234433826E1	1.171674963E1
8.760000000E0	2.235069481E1	1.176313197E1
8.800000000E0	2.234442652E1	1.175872585E1
8.840000000E0	2.233001738E1	1.171851913E1
8.880000000E0	2.231053970E1	1.166822555E1
8.920000000E0	2.221439051E1	1.162717794E1
8.960000000E0	2.215590429E1	1.149626481E1
9.000000000E0	2.203517905E1	1.134466611E1
9.040000000E0	2.188308961E1	1.110786224E1
9.080000000E0	2.159824777E1	1.082107895E1
9.120000000E0	2.128591600E1	1.054033637E1
9.160000000E0	2.085735402E1	1.024903488E1
9.200000000E0	2.041256157E1	9.994144945E0
9.240000000E0	1.995172018E1	9.714447865E0
9.280000000E0	1.942577068E1	9.407193493E0
9.320000000E0	1.890738443E1	9.131366497E0
9.360000000E0	1.838784351E1	8.916813161E0
9.400000000E0	1.794385464E1	8.693197609E0
9.440000000E0	1.755532005E1	8.530529363E0
9.480000000E0	1.726270786E1	8.364615891E0
9.520000000E0	1.710007877E1	8.249871516E0
9.560000000E0	1.700332680E1	8.227461865E0
9.600000000E0	1.693131888E1	8.186452972E0
9.640000000E0	1.690896263E1	8.123081018E0
9.680000000E0	1.690625813E1	8.041728915E0
9.720000000E0	1.691617132E1	8.017533217E0
9.760000000E0	1.691251450E1	8.012375964E0
9.800000000E0	1.690717866E1	8.008396853E0
9.840000000E0	1.692458246E1	8.055013279E0
9.880000000E0	1.693238060E1	8.069393918E0
9.920000000E0	1.693696455E1	8.074377434E0
9.960000000E0	1.694129395E1	8.090123897E0
1.000000000E1	1.695399521E1	8.097603476E0
1.004000000E1	1.694867930E1	8.093941027E0
1.008000000E1	1.694576558E1	8.092134559E0
1.012000000E1	1.694487753E1	8.087891033E0
1.016000000E1	1.694408182E1	8.086969218E0
1.020000000E1	1.694251778E1	8.080366629E0
1.024000000E1	1.694155136E1	8.077368636E0
1.028000000E1	1.694142504E1	8.076756738E0
1.032000000E1	1.695965471E1	8.102147906E0
1.036000000E1	1.706227042E1	8.117309969E0
1.040000000E1	1.722545517E1	8.204704358E0
1.044000000E1	1.753195628E1	8.296903599E0
1.048000000E1	1.797494200E1	8.462696886E0
1.052000000E1	1.866122282E1	8.740627611E0
1.056000000E1	1.952852044E1	9.093868441E0
1.060000000E1	2.066273026E1	9.665707778E0
1.064000000E1	2.204113983E1	1.035594414E1
1.068000000E1	2.358941328E1	1.119854811E1
1.072000000E1	2.529868016E1	1.220497126E1
1.076000000E1	2.712897557E1	1.333161627E1
1.080000000E1	2.891180998E1	1.447241294E1
1.084000000E1	3.057580315E1	1.551221119E1
1.088000000E1	3.201790074E1	1.640121530E1
1.092000000E1	3.317742568E1	1.705581281E1
1.096000000E1	3.444956777E1	1.773830153E1
1.100000000E1	3.446421930E1	1.776161151E1
1.104000000E1	3.460927377E1	1.782328545E1
1.108000000E1	3.444711062E1	1.775776913E1
1.112000000E1	3.400174658E1	1.749710033E1
1.116000000E1	3.325510713E1	1.715759389E1
1.120000000E1	3.226793123E1	1.674209632E1
1.124000000E1	3.114381995E1	1.626946379E1
1.128000000E1	2.983842574E1	1.569355533E1
1.132000000E1	2.844793272E1	1.509440494E1
1.136000000E1	2.702007283E1	1.447890007E1
1.140000000E1	2.563781203E1	1.387730476E1
1.144000000E1	2.435831920E1	1.328617033E1
1.148000000E1	2.324168396E1	1.271975530E1
1.152000000E1	2.246354438E1	1.225821037E1
1.156000000E1	2.204050275E1	1.195494086E1
1.160000000E1	2.194620466E1	1.180767176E1
1.164000000E1	2.201897779E1	1.177710150E1
1.168000000E1	2.215680772E1	1.181983308E1
1.172000000E1	2.219950888E1	1.189985845E1
1.176000000E1	2.219409996E1	1.196154131E1
1.180000000E1	2.217229140E1	1.196001517E1
1.184000000E1	2.203452692E1	1.190503052E1
1.188000000E1	2.186395458E1	1.177057542E1
1.192000000E1	2.158616754E1	1.152329980E1
1.196000000E1	2.068361456E1	1.087839081E1
1.200000000E1	2.068391561E1	1.088820234E1
1.204000000E1	2.012605678E1	1.050182619E1
1.208000000E1	1.964825552E1	1.018166613E1
1.212000000E1	1.934148960E1	9.960297634E0
1.216000000E1	1.921700850E1	9.878544789E0
1.220000000E1	1.919320290E1	9.836792978E0
1.224000000E1	1.921059384E1	9.841880837E0
1.228000000E1	1.924963155E1	9.846765014E0
1.232000000E1	1.928478280E1	9.795371191E0
1.236000000E1	1.928773353E1	9.820801816E0
1.240000000E1	1.931144893E1	9.845645200E0
1.244000000E1	1.929804316E1	9.856662768E0
1.248000000E1	1.927730536E1	9.863291245E0
1.252000000E1	1.931103016E1	9.865635078E0
1.256000000E1	1.932490680E1	9.864102892E0
1.260000000E1	1.933625456E1	9.865722319E0
1.264000000E1	1.933902855E1	9.865813207E0
1.268000000E1	1.933793664E1	9.857824086E0
1.272000000E1	1.933676060E1	9.857270401E0
1.276000000E1	1.933297693E1	9.861692549E0
1.280000000E1	1.932874756E1	9.863495355E0
1.284000000E1	1.933245452E1	9.864166727E0
1.288000000E1	1.933547089E1	9.864764218E0
1.292000000E1	1.933747743E1	9.863555892E0
1.296000000E1	1.933867923E1	9.865686032E0
1.300000000E1	1.934161176E1	9.862893879E0
1.304000000E1	1.934193452E1	9.866030649E0
1.308000000E1	1.934232676E1	9.867898615E0
1.312000000E1	1.936491753E1	9.889714080E0
1.316000000E1	1.942599848E1	9.892893937E0
1.320000000E1	1.948841966E1	9.917431289E0
1.324000000E1	1.949731064E1	9.909553378E0
1.328000000E1	1.949591696E1	9.890736380E0
1.332000000E1	1.958426613E1	9.881808114E0
1.336000000E1	1.981585474E1	9.980433226E0
1.340000000E1	2.045617338E1	1.018650727E1
1.344000000E1	2.153992483E1	1.062225541E1
1.348000000E1	2.310165916E1	1.135158095E1
1.352000000E1	2.503533362E1	1.238026614E1
1.356000000E1	2.722417607E1	1.360469330E1
1.360000000E1	2.947743644E1	1.482200049E1
1.364000000E1	3.153567234E1	1.601499825E1
1.368000000E1	3.322296295E1	1.699847100E1
1.372000000E1	3.439051190E1	1.765734946E1
1.376000000E1	3.496454148E1	1.796311317E1
1.380000000E1	3.502570910E1	1.793263779E1
1.384000000E1	3.462369099E1	1.764547469E1
1.388000000E1	3.375084923E1	1.718667751E1
1.392000000E1	3.264929862E1	1.676437428E1
1.396000000E1	3.141379456E1	1.643686876E1
1.400000000E1	3.003778308E1	1.598404602E1
1.404000000E1	2.862284258E1	1.547197579E1
1.408000000E1	2.724084439E1	1.491592965E1
1.412000000E1	2.592032905E1	1.433371035E1
1.416000000E1	2.473658271E1	1.377029060E1
1.420000000E1	2.284825121E1	1.284355000E1
1.424000000E1	2.281804540E1	1.285058520E1
1.428000000E1	2.215757168E1	1.245687494E1
1.432000000E1	2.159384217E1	1.208801712E1
1.436000000E1	2.113716131E1	1.177252557E1
1.440000000E1	2.084285184E1	1.149951069E1
1.444000000E1	2.070264885E1	1.127497309E1
1.448000000E1	2.068699437E1	1.116927530E1
1.452000000E1	2.070078367E1	1.108176631E1
1.456000000E1	2.069321507E1	1.105173717E1
1.460000000E1	2.068657800E1	1.096874379E1
1.464000000E1	2.066800057E1	1.090223178E1
1.468000000E1	2.059296107E1	1.086620898E1
1.472000000E1	2.054688726E1	1.079530415E1
1.476000000E1	2.053341004E1	1.076122821E1
1.480000000E1	2.052203624E1	1.073618117E1
1.484000000E1	2.052023417E1	1.065957955E1
1.488000000E1	2.051078657E1	1.061380374E1
1.492000000E1	2.049519763E1	1.059276689E1
1.496000000E1	2.047037092E1	1.054255709E1
1.500000000E1	2.044401279E1	1.052780081E1
1.504000000E1	2.038044951E1	1.045088565E1
1.508000000E1	2.036059738E1	1.037054729E1
1.512000000E1	2.037264766E1	1.032526486E1
1.516000000E1	2.038488305E1	1.031823516E1
1.520000000E1	2.039317025E1	1.032106953E1
1.524000000E1	2.039075653E1	1.031918653E1
1.528000000E1	2.038746170E1	1.031577710E1
1.532000000E1	2.038511701E1	1.031316000E1
1.536000000E1	2.038393848E1	1.030871482E1
1.540000000E1	2.038299082E1	1.030340989E1
1.544000000E1	2.037851027E1	1.030005479E1
1.548000000E1	2.038163545E1	1.030651514E1
1.552000000E1	2.038409732E1	1.031103301E1
1.556000000E1	2.038556909E1	1.031333457E1
1.560000000E1	2.038641900E1	1.031529998E1
1.564000000E1	2.038704977E1	1.031616338E1
1.568000000E1	2.038747789E1	1.031626660E1
1.572000000E1	2.038763002E1	1.031582619E1
1.576000000E1	2.038722694E1	1.031646449E1
1.580000000E1	2.038744466E1	1.031653102E1
1.584000000E1	2.039318483E1	1.031813999E1
1.588000000E1	2.054881666E1	1.033599513E1
1.592000000E1	2.090410627E1	1.046929251E1
1.596000000E1	2.150181863E1	1.074133149E1
1.600000000E1	2.242565931E1	1.119498984E1
1.604000000E1	2.368480671E1	1.191822885E1
1.608000000E1	2.527922230E1	1.283537537E1
1.612000000E1	2.710311267E1	1.385005964E1
1.616000000E1	2.894335108E1	1.484609270E1
1.620000000E1	3.072870068E1	1.582365192E1
1.624000000E1	3.235300191E1	1.674455731E1
1.628000000E1	3.369121528E1	1.750321747E1
1.632000000E1	3.463268575E1	1.797204207E1
1.636000000E1	3.509153160E1	1.813186523E1
1.640000000E1	3.507410509E1	1.798111971E1
1.644000000E1	3.467538190E1	1.769648520E1
1.648000000E1	3.404160372E1	1.737858837E1
1.652000000E1	3.321278615E1	1.704291934E1
1.656000000E1	3.223335111E1	1.670908150E1
1.660000000E1	3.109613049E1	1.625168936E1
1.664000000E1	2.985345303E1	1.576773643E1
1.668000000E1	2.854146321E1	1.519976805E1
1.672000000E1	2.715522705E1	1.459012079E1
1.676000000E1	2.576826350E1	1.399673655E1
1.680000000E1	2.445718509E1	1.344012401E1
1.684000000E1	2.326846190E1	1.286532759E1
1.688000000E1	2.225298427E1	1.238932262E1
1.692000000E1	2.145517947E1	1.196661633E1
1.696000000E1	2.093818223E1	1.163239432E1
1.700000000E1	2.067891294E1	1.135954859E1
1.704000000E1	2.064972583E1	1.120623895E1
1.708000000E1	2.071603280E1	1.113614667E1
1.712000000E1	2.071385287E1	1.106155697E1
1.716000000E1	2.066398623E1	1.095897216E1
1.720000000E1	2.067153055E1	1.093418082E1
1.724000000E1	2.065168386E1	1.092389457E1
1.728000000E1	2.064411632E1	1.091783913E1
1.732000000E1	2.063377328E1	1.091366359E1
1.736000000E1	2.064433037E1	1.090346073E1
1.740000000E1	2.065763459E1	1.088620907E1
1.744000000E1	2.068017968E1	1.083709725E1
1.748000000E1	2.068279105E1	1.077089760E1
1.752000000E1	2.068381302E1	1.076282740E1
1.756000000E1	2.068345739E1	1.075679247E1
1.760000000E1	2.068252837E1	1.075821068E1
1.764000000E1	2.068414782E1	1.076075677E1
1.768000000E1	2.068470049E1	1.076007572E1
1.772000000E1	2.068602958E1	1.076340167E1
1.776000000E1	2.068780458E1	1.076078107E1
1.780000000E1	2.068947803E1	1.075724313E1
1.784000000E1	2.068751867E1	1.075586024E1
1.788000000E1	2.068774460E1	1.075959081E1
1.792000000E1	2.068787203E1	1.076219410E1
1.796000000E1	2.068792595E1	1.076354157E1
1.800000000E1	2.069129564E1	1.076602748E1
1.804000000E1	2.069205981E1	1.077005944E1
1.808000000E1	2.069335253E1	1.077421102E1
1.812000000E1	2.074752110E1	1.077617036E1
1.816000000E1	2.096532583E1	1.076264112E1
1.820000000E1	2.143209775E1	1.091029553E1
1.824000000E1	2.220801132E1	1.125386927E1
1.828000000E1	2.335377244E1	1.184173042E1
1.832000000E1	2.485464791E1	1.270213253E1
1.836000000E1	2.659536049E1	1.367621660E1
1.840000000E1	2.841329631E1	1.472724234E1
1.844000000E1	3.022519057E1	1.576670498E1
1.848000000E1	3.186524087E1	1.674471501E1
1.852000000E1	3.318242778E1	1.751309143E1
1.856000000E1	3.411599718E1	1.802273611E1
1.860000000E1	3.469264577E1	1.829437546E1
1.864000000E1	3.485284103E1	1.827125646E1
1.868000000E1	3.475873240E1	1.818756868E1
1.872000000E1	3.449218028E1	1.808558321E1
1.876000000E1	3.410030340E1	1.797107376E1
1.880000000E1	3.358566495E1	1.779660124E1
1.884000000E1	3.300296076E1	1.759527047E1
1.888000000E1	3.233833990E1	1.730332384E1
1.892000000E1	3.160060902E1	1.693876642E1
1.896000000E1	3.073606927E1	1.652779835E1
1.900000000E1	2.983087496E1	1.611554078E1
1.904000000E1	2.882826284E1	1.557519149E1
1.908000000E1	2.772731761E1	1.497913520E1
1.912000000E1	2.663336699E1	1.440407245E1
1.916000000E1	2.552081764E1	1.386110688E1
1.920000000E1	2.445616513E1	1.336808971E1
1.924000000E1	2.346022388E1	1.286603609E1
1.928000000E1	2.263669196E1	1.252290102E1
1.932000000E1	2.205663296E1	1.224135583E1
1.936000000E1	2.173867109E1	1.202657202E1
1.940000000E1	2.163891268E1	1.197886336E1
1.944000000E1	2.170888060E1	1.196669627E1
1.948000000E1	2.175006764E1	1.196856502E1
1.952000000E1	2.177064109E1	1.195615781E1
1.956000000E1	2.175409606E1	1.195581695E1
1.960000000E1	2.173930948E1	1.195745321E1
1.964000000E1	2.173140846E1	1.195744683E1
1.968000000E1	2.172240672E1	1.195542963E1
1.972000000E1	2.171476517E1	1.195514399E1
1.976000000E1	2.172791076E1	1.196128601E1
1.980000000E1	2.173301453E1	1.196385009E1
1.984000000E1	2.173804926E1	1.196578234E1
1.988000000E1	2.174195351E1	1.196778243E1
1.992000000E1	2.173703275E1	1.196426293E1
1.996000000E1	2.173304492E1	1.196234879E1
2.000000000E1	2.172382315E1	1.195228880E1
2.004000000E1	2.172741594E1	1.195164640E1
2.008000000E1	2.172939124E1	1.195076171E1
2.012000000E1	2.173218641E1	1.195573736E1
2.016000000E1	2.173432446E1	1.195854522E1
2.020000000E1	2.173439507E1	1.195913936E1
2.024000000E1	2.173441385E1	1.195941969E1
2.028000000E1	2.172896789E1	1.194894837E1
2.032000000E1	2.172408505E1	1.194320352E1
2.036000000E1	2.172889779E1	1.195095518E1
2.040000000E1	2.173136408E1	1.195381002E1
2.044000000E1	2.173406668E1	1.195677618E1
2.048000000E1	2.173538847E1	1.195843138E1
2.052000000E1	2.173463712E1	1.195829295E1
2.056000000E1	2.173386905E1	1.195791396E1
2.060000000E1	2.173238570E1	1.195386767E1
2.064000000E1	2.173442373E1	1.195597985E1
2.068000000E1	2.173471779E1	1.195680216E1
2.072000000E1	2.173403066E1	1.195525627E1
2.076000000E1	2.173457217E1	1.195843481E1
2.080000000E1	2.173487331E1	1.195949813E1
2.084000000E1	2.173520628E1	1.195961700E1
2.088000000E1	2.173535092E1	1.195995809E1
2.092000000E1	2.173594786E1	1.196041909E1
2.096000000E1	2.173604010E1	1.196018934E1
2.100000000E1	2.173558482E1	1.196076305E1
2.104000000E1	2.173631708E1	1.196172732E1
2.108000000E1	2.173674895E1	1.196221400E1
2.112000000E1	2.173693537E1	1.196244173E1
2.116000000E1	2.173716503E1	1.196275601E1
2.120000000E1	2.173660444E1	1.196251910E1
2.124000000E1	2.173751296E1	1.196319417E1
2.128000000E1	2.173711902E1	1.196184680E1
2.132000000E1	2.173705082E1	1.196293768E1
2.136000000E1	2.173699683E1	1.196269841E1
2.140000000E1	2.173689942E1	1.196247702E1
2.144000000E1	2.173701010E1	1.196301692E1
2.148000000E1	2.173713576E1	1.196317058E1
2.152000000E1	2.173767845E1	1.196364386E1
2.156000000E1	2.173809126E1	1.196406686E1
2.160000000E1	2.173788595E1	1.196300186E1
2.164000000E1	2.173772836E1	1.196207543E1
2.168000000E1	2.173790328E1	1.196192804E1
2.172000000E1	2.173782271E1	1.196367932E1
2.176000000E1	2.173807327E1	1.196329902E1
2.180000000E1	2.173831626E1	1.196307105E1
2.184000000E1	2.174043647E1	1.195614301E1
2.188000000E1	2.181532603E1	1.193642603E1
2.192000000E1	2.201908638E1	1.195168968E1
2.196000000E1	2.233598542E1	1.199183032E1
2.200000000E1	2.279769817E1	1.220934434E1
2.204000000E1	2.353750057E1	1.255122418E1
2.208000000E1	2.454936533E1	1.308058047E1
2.212000000E1	2.578736899E1	1.377305116E1
2.216000000E1	2.714970254E1	1.457462841E1
2.220000000E1	2.838498499E1	1.523697781E1
2.224000000E1	2.940263306E1	1.570534552E1
2.228000000E1	3.014420578E1	1.592111274E1
2.232000000E1	3.061390432E1	1.596420267E1
2.236000000E1	3.092199223E1	1.598639166E1
2.240000000E1	3.109108011E1	1.599987997E1
2.244000000E1	3.122888390E1	1.604812911E1
2.248000000E1	3.146851232E1	1.629522582E1
2.252000000E1	3.183885158E1	1.667092536E1
2.256000000E1	3.236859848E1	1.717653266E1
2.260000000E1	3.296957537E1	1.766240653E1
2.264000000E1	3.352017249E1	1.806836626E1
2.268000000E1	3.387173589E1	1.827060806E1
2.272000000E1	3.386146249E1	1.821607880E1
2.276000000E1	3.353946607E1	1.796288169E1
2.280000000E1	3.296430270E1	1.764791591E1
2.284000000E1	3.214581718E1	1.726275023E1
2.288000000E1	3.115537139E1	1.681328461E1
2.292000000E1	3.003051326E1	1.632499827E1
2.296000000E1	2.876736350E1	1.578923097E1
2.300000000E1	2.742886093E1	1.520854052E1
2.304000000E1	2.614074249E1	1.463989090E1
2.308000000E1	2.489262591E1	1.402344721E1
2.312000000E1	2.385268781E1	1.344672441E1
2.316000000E1	2.302603684E1	1.290933670E1
2.320000000E1	2.244030789E1	1.252990036E1
2.324000000E1	2.194898899E1	1.221292707E1
2.328000000E1	2.155174606E1	1.192879204E1
2.332000000E1	2.133074701E1	1.170894344E1
2.336000000E1	2.125700344E1	1.154418893E1
2.340000000E1	2.119052033E1	1.140000333E1
2.344000000E1	2.116990704E1	1.136555675E1
2.348000000E1	2.116939938E1	1.135750012E1
2.352000000E1	2.116386526E1	1.137186203E1
2.356000000E1	2.115557638E1	1.137823846E1
2.360000000E1	2.114378018E1	1.136968866E1
2.364000000E1	2.112965063E1	1.135972410E1
2.368000000E1	2.111388445E1	1.134176470E1
2.372000000E1	2.109651385E1	1.132073418E1
2.376000000E1	2.111503635E1	1.134340573E1
2.380000000E1	2.112446165E1	1.135412281E1
2.384000000E1	2.113421361E1	1.136397301E1
2.388000000E1	2.113634951E1	1.136479735E1
2.392000000E1	2.113714516E1	1.136245895E1
2.396000000E1	2.113678171E1	1.136082540E1
2.400000000E1	2.113652336E1	1.135534816E1
2.404000000E1	2.113365765E1	1.135849167E1
2.408000000E1	2.113098530E1	1.135978229E1
2.412000000E1	2.113331154E1	1.136223341E1
2.416000000E1	2.113482026E1	1.136352353E1
2.420000000E1	2.113400552E1	1.136603790E1
2.424000000E1	2.113481956E1	1.136614499E1
2.428000000E1	2.113445853E1	1.136923126E1
2.432000000E1	2.113514853E1	1.137461688E1
2.436000000E1	2.114262949E1	1.138266765E1
2.440000000E1	2.115229061E1	1.139465172E1
2.444000000E1	2.116469028E1	1.142759409E1
2.448000000E1	2.115087824E1	1.147403221E1
2.452000000E1	2.114546715E1	1.149501252E1
2.456000000E1	2.114267548E1	1.150333727E1
2.460000000E1	2.114555896E1	1.147119143E1
2.464000000E1	2.127072901E1	1.138499822E1
2.468000000E1	2.155088806E1	1.146715530E1
2.472000000E1	2.218117788E1	1.172233353E1
2.476000000E1	2.310909087E1	1.224660942E1
2.480000000E1	2.440365901E1	1.297122145E1
2.484000000E1	2.592534059E1	1.388170255E1
2.488000000E1	2.755459106E1	1.478460921E1
2.492000000E1	3.060960816E1	1.645822355E1
2.496000000E1	3.059947068E1	1.645385803E1
2.500000000E1	3.188676173E1	1.708380724E1
2.504000000E1	3.286763778E1	1.758498613E1
2.508000000E1	3.352893696E1	1.788386281E1
2.512000000E1	3.379935852E1	1.794230071E1
2.516000000E1	3.357958702E1	1.772762539E1
2.520000000E1	3.302580561E1	1.740571969E1
2.524000000E1	3.217770925E1	1.701663289E1
2.528000000E1	3.106502999E1	1.656462938E1
2.532000000E1	2.981565395E1	1.610534580E1
2.536000000E1	2.846645526E1	1.557684305E1
2.540000000E1	2.708635207E1	1.503069842E1
2.544000000E1	2.567506984E1	1.446700194E1
2.548000000E1	2.443373184E1	1.396456969E1
2.552000000E1	2.338269435E1	1.346634097E1
2.556000000E1	2.258871243E1	1.303442058E1
2.560000000E1	2.173047547E1	1.250296700E1
2.564000000E1	2.173395733E1	1.252830581E1
2.568000000E1	2.156465199E1	1.230839389E1
2.572000000E1	2.146254021E1	1.213639213E1
2.576000000E1	2.146750087E1	1.202420700E1
2.580000000E1	2.146299572E1	1.192212708E1
2.584000000E1	2.144619291E1	1.190134493E1
2.588000000E1	2.143633756E1	1.191141535E1
2.592000000E1	2.143047270E1	1.186718012E1
2.596000000E1	2.140835759E1	1.181715520E1
2.600000000E1	2.139298396E1	1.171390611E1
2.604000000E1	2.141415198E1	1.168079924E1
2.608000000E1	2.142339681E1	1.165955062E1
2.612000000E1	2.140352034E1	1.160204403E1
2.616000000E1	2.140819127E1	1.153713618E1
2.620000000E1	2.135206083E1	1.153723847E1
2.624000000E1	2.129470398E1	1.151815318E1
2.628000000E1	2.128859329E1	1.151618624E1
2.632000000E1	2.128735210E1	1.151462844E1
2.636000000E1	2.129044721E1	1.151035222E1
2.640000000E1	2.129000480E1	1.151256648E1
2.644000000E1	2.129399969E1	1.151210981E1
2.648000000E1	2.129894945E1	1.151147590E1
2.652000000E1	2.129014584E1	1.150274341E1
2.656000000E1	2.128236655E1	1.148689639E1
2.660000000E1	2.127973763E1	1.142756432E1
2.664000000E1	2.126748316E1	1.137412794E1
2.668000000E1	2.120892171E1	1.136994585E1
2.672000000E1	2.114395918E1	1.133520668E1
2.676000000E1	2.115908575E1	1.132652435E1
2.680000000E1	2.139570348E1	1.131697073E1
2.684000000E1	2.193030717E1	1.153926071E1
2.688000000E1	2.288798596E1	1.197345451E1
2.692000000E1	2.419514369E1	1.269885840E1
2.696000000E1	2.749417094E1	1.448404506E1
2.700000000E1	2.747066337E1	1.449023088E1
2.704000000E1	2.922670736E1	1.540403066E1
2.708000000E1	3.029720393E1	1.627881532E1
2.712000000E1	3.222224311E1	1.696243156E1
2.716000000E1	3.329545909E1	1.748128856E1
2.720000000E1	3.393997303E1	1.777694639E1
2.724000000E1	3.407036748E1	1.780458157E1
2.728000000E1	3.378507456E1	1.766765985E1
2.732000000E1	3.315498580E1	1.740116068E1
2.736000000E1	3.224334594E1	1.701035467E1
2.740000000E1	3.110742190E1	1.653108749E1
2.744000000E1	2.985439174E1	1.611831604E1
2.748000000E1	2.851797329E1	1.568524243E1
2.752000000E1	2.589375800E1	1.480318434E1
2.756000000E1	2.591312204E1	1.480285794E1
2.760000000E1	2.472181297E1	1.436430728E1
2.764000000E1	2.368537108E1	1.392235386E1
2.768000000E1	2.286333941E1	1.348629259E1
2.772000000E1	2.231474749E1	1.314919665E1
2.776000000E1	2.200710993E1	1.287633385E1
2.780000000E1	2.184395843E1	1.266912606E1
2.784000000E1	2.176966386E1	1.253876817E1
2.788000000E1	2.175994269E1	1.242035206E1
2.792000000E1	2.179938248E1	1.240139163E1
2.796000000E1	2.180298693E1	1.241194076E1
2.800000000E1	2.175631422E1	1.241414310E1
2.804000000E1	2.172570692E1	1.240228022E1
2.808000000E1	2.163349363E1	1.240245213E1
2.812000000E1	2.158550137E1	1.236192503E1
2.816000000E1	2.159242774E1	1.230825588E1
2.820000000E1	2.158693264E1	1.226853225E1
2.824000000E1	2.158447301E1	1.225583522E1
2.828000000E1	2.157458942E1	1.221527103E1
2.832000000E1	2.157998936E1	1.224175228E1
2.836000000E1	2.157183503E1	1.224373253E1
2.840000000E1	2.156699256E1	1.224779306E1
2.844000000E1	2.157340869E1	1.224394917E1
2.848000000E1	2.157764819E1	1.224492484E1
2.852000000E1	2.158002362E1	1.224389074E1
2.856000000E1	2.158172711E1	1.224247625E1
2.860000000E1	2.158482891E1	1.224740895E1
2.864000000E1	2.188688308E1	1.136382142E1
2.868000000E1	2.188765748E1	1.136040617E1
2.872000000E1	2.188828477E1	1.136040400E1
2.876000000E1	2.189471194E1	1.134378055E1
2.880000000E1	2.200941605E1	1.124950178E1
2.884000000E1	2.218914809E1	1.124243586E1
2.888000000E1	2.262595935E1	1.136273498E1
2.892000000E1	2.335077607E1	1.167194790E1
2.896000000E1	2.444860172E1	1.226073709E1
2.900000000E1	2.588839680E1	1.302676037E1
2.904000000E1	2.751801958E1	1.388573343E1
2.908000000E1	2.922504152E1	1.478942945E1
2.912000000E1	3.085803358E1	1.568229070E1
2.916000000E1	3.235380348E1	1.652409449E1
2.920000000E1	3.352820471E1	1.721153456E1
2.924000000E1	3.432315727E1	1.770101116E1
2.928000000E1	3.464843945E1	1.793067548E1
2.932000000E1	3.449386665E1	1.789421100E1
2.936000000E1	3.304899257E1	1.722203659E1
2.940000000E1	3.301994121E1	1.721242982E1
2.944000000E1	3.186601532E1	1.671498850E1
2.948000000E1	3.056554525E1	1.615603321E1
2.952000000E1	2.913188160E1	1.555763951E1
2.956000000E1	2.771078580E1	1.495859133E1
2.960000000E1	2.635575088E1	1.436467525E1
2.964000000E1	2.516018318E1	1.381637615E1
2.968000000E1	2.410969815E1	1.329759086E1
2.972000000E1	2.329158720E1	1.288457249E1
2.976000000E1	2.220961462E1	1.216211942E1
2.980000000E1	2.219986468E1	1.214570402E1
2.984000000E1	2.195280929E1	1.190268227E1
2.988000000E1	2.186958082E1	1.178230996E1
2.992000000E1	2.188799732E1	1.171861394E1
2.996000000E1	2.189845347E1	1.168126735E1
3.000000000E1	2.191100738E1	1.167596036E1
3.004000000E1	2.190760578E1	1.167244105E1
3.008000000E1	2.189667841E1	1.166360891E1
3.012000000E1	2.188658091E1	1.164255522E1
3.016000000E1	2.188297960E1	1.157270807E1
3.020000000E1	2.187163272E1	1.150972653E1
3.024000000E1	2.185007056E1	1.144837448E1
3.028000000E1	2.184366024E1	1.139238943E1
3.032000000E1	2.185788662E1	1.136448723E1
3.036000000E1	2.186105583E1	1.133645531E1
3.040000000E1	2.186860796E1	1.126314377E1
3.044000000E1	2.182422665E1	1.118763209E1
3.048000000E1	2.179003487E1	1.111920238E1
3.052000000E1	2.174122608E1	1.105734278E1
3.056000000E1	2.171988634E1	1.100687966E1
3.060000000E1	2.168257906E1	1.096588709E1
3.064000000E1	2.161554537E1	1.093519639E1
3.068000000E1	2.158819889E1	1.091069709E1
3.072000000E1	2.157062035E1	1.088632202E1
3.076000000E1	2.157482210E1	1.087372763E1
3.080000000E1	2.157839965E1	1.086780311E1
3.084000000E1	2.158331708E1	1.087488474E1
3.088000000E1	2.158587568E1	1.088276941E1
3.092000000E1	2.159255538E1	1.089452563E1
3.096000000E1	2.159864137E1	1.090026581E1
3.100000000E1	2.173205784E1	1.092267895E1
3.104000000E1	2.203105107E1	1.106926287E1
3.108000000E1	2.254013743E1	1.134811628E1
3.112000000E1	2.339333199E1	1.181291707E1
3.116000000E1	2.459648115E1	1.250172339E1
3.120000000E1	2.607769944E1	1.336530045E1
3.124000000E1	2.774817227E1	1.431841027E1
3.128000000E1	2.949438364E1	1.535046017E1
3.132000000E1	3.117306793E1	1.630090990E1
3.136000000E1	3.259217399E1	1.710454790E1
3.140000000E1	3.365876093E1	1.765608305E1
3.144000000E1	3.458375910E1	1.816981881E1
3.148000000E1	3.460453539E1	1.820038994E1
3.152000000E1	3.446899329E1	1.818142597E1
3.156000000E1	3.400255218E1	1.793734227E1
3.160000000E1	3.318029336E1	1.752579037E1
3.164000000E1	3.209240125E1	1.699949826E1
3.168000000E1	3.085126198E1	1.641604543E1
3.172000000E1	2.946687540E1	1.581993219E1
3.176000000E1	2.802213509E1	1.513281477E1
3.180000000E1	2.657760404E1	1.448386082E1
3.184000000E1	2.519919435E1	1.382230350E1
3.188000000E1	2.399485300E1	1.319986779E1
3.192000000E1	2.304443628E1	1.266203599E1
3.196000000E1	2.233431418E1	1.213805434E1
3.200000000E1	2.176132020E1	1.164749714E1
3.204000000E1	2.138035138E1	1.123557567E1
3.208000000E1	2.122200820E1	1.094015878E1
3.212000000E1	2.121412743E1	1.077915713E1
3.216000000E1	2.126531452E1	1.073332556E1
3.220000000E1	2.128451433E1	1.076532532E1
3.224000000E1	2.129168139E1	1.079989505E1
3.228000000E1	2.127678401E1	1.078840375E1
3.232000000E1	2.126269302E1	1.078197591E1
3.236000000E1	2.123322647E1	1.076368920E1
3.240000000E1	2.118398816E1	1.076045291E1
3.244000000E1	2.116522937E1	1.074524078E1
3.248000000E1	2.115760746E1	1.073546347E1
3.252000000E1	2.114964755E1	1.074343128E1
3.256000000E1	2.114476827E1	1.074931298E1
3.260000000E1	2.113839040E1	1.074900586E1
3.264000000E1	2.113398060E1	1.074751175E1
3.268000000E1	2.112693309E1	1.074392727E1
3.272000000E1	2.111893964E1	1.073943196E1
3.276000000E1	2.112499986E1	1.074737278E1
3.280000000E1	2.112873844E1	1.075234327E1
3.284000000E1	2.113402221E1	1.075572459E1
3.288000000E1	2.113632117E1	1.075814483E1
3.292000000E1	2.113600898E1	1.075993658E1
3.296000000E1	2.113650766E1	1.076150891E1
3.300000000E1	2.113273652E1	1.076104797E1
3.304000000E1	2.113679033E1	1.076736343E1
3.308000000E1	2.113857650E1	1.077113025E1
3.312000000E1	2.113919082E1	1.077039266E1
3.316000000E1	2.113973919E1	1.077024632E1
3.320000000E1	2.114117405E1	1.077424118E1
3.324000000E1	2.114313375E1	1.078014066E1
3.328000000E1	2.114867119E1	1.078399928E1
3.332000000E1	2.115564721E1	1.079098898E1
3.336000000E1	2.115331082E1	1.078630879E1
3.340000000E1	2.117370476E1	1.080244860E1
3.344000000E1	2.129170780E1	1.086558227E1
3.348000000E1	2.173605265E1	1.104459755E1
3.352000000E1	2.253661506E1	1.138548138E1
3.356000000E1	2.369761092E1	1.198745409E1
3.360000000E1	2.523795258E1	1.283658353E1
3.364000000E1	2.703904374E1	1.383674301E1
3.368000000E1	2.896136309E1	1.495470966E1
3.372000000E1	3.086783049E1	1.600418388E1
3.376000000E1	3.252897766E1	1.688567655E1
3.380000000E1	3.378604680E1	1.752444279E1
3.384000000E1	3.455396973E1	1.787754440E1
3.388000000E1	3.478700916E1	1.793206919E1
3.392000000E1	3.449880750E1	1.767116722E1
3.396000000E1	3.376543877E1	1.723543111E1
3.400000000E1	3.270012913E1	1.671531844E1
3.404000000E1	3.138335301E1	1.616432507E1
3.408000000E1	2.996766823E1	1.570649261E1
3.412000000E1	2.848689669E1	1.522684940E1
3.416000000E1	2.697361282E1	1.468814986E1
3.420000000E1	2.550267087E1	1.414226098E1
3.424000000E1	2.415586552E1	1.358225098E1
3.428000000E1	2.294786140E1	1.299454659E1
3.432000000E1	2.203353826E1	1.245338318E1
3.436000000E1	2.141644553E1	1.205508741E1
3.440000000E1	2.104454907E1	1.174996410E1
3.444000000E1	2.088819076E1	1.154365904E1
3.448000000E1	2.086876364E1	1.139339378E1
3.452000000E1	2.086016201E1	1.125474118E1
3.456000000E1	2.083812176E1	1.119130458E1
3.460000000E1	2.082753867E1	1.118167882E1
3.464000000E1	2.081359040E1	1.115410020E1
3.468000000E1	2.080039245E1	1.111735403E1
3.472000000E1	2.075752005E1	1.108455306E1
3.476000000E1	2.071466491E1	1.105819797E1
3.480000000E1	2.070541582E1	1.105367409E1
3.484000000E1	2.071056439E1	1.105772805E1
3.488000000E1	2.071925457E1	1.106122010E1
3.492000000E1	2.071014881E1	1.106175406E1
3.496000000E1	2.070488808E1	1.106222029E1
3.500000000E1	2.069471112E1	1.105917500E1
3.504000000E1	2.069136838E1	1.105508997E1
3.508000000E1	2.069013690E1	1.104993277E1
3.512000000E1	2.068975227E1	1.105648184E1
3.516000000E1	2.068950935E1	1.106013540E1
3.520000000E1	2.068994973E1	1.106297797E1
3.524000000E1	2.069038686E1	1.106501350E1
3.528000000E1	2.069063178E1	1.106678054E1
3.532000000E1	2.069097261E1	1.106776605E1
3.536000000E1	2.069085842E1	1.106731179E1
3.540000000E1	2.068942860E1	1.106630376E1
3.544000000E1	2.068408243E1	1.104355216E1
3.548000000E1	2.068198365E1	1.094734827E1
3.552000000E1	2.069574168E1	1.092129521E1
3.556000000E1	2.083947375E1	1.093151824E1
3.560000000E1	2.114068603E1	1.107515688E1
3.564000000E1	2.238066953E1	1.176034274E1
3.568000000E1	2.236577834E1	1.177956212E1
3.572000000E1	2.334939935E1	1.230456224E1
3.576000000E1	2.444633836E1	1.289957651E1
3.580000000E1	2.562978279E1	1.348704758E1
3.584000000E1	2.681482233E1	1.407610672E1
3.588000000E1	2.795623733E1	1.464740916E1
3.592000000E1	2.899162992E1	1.513101537E1
3.596000000E1	2.992088303E1	1.556970777E1
3.600000000E1	3.073487286E1	1.599498983E1
3.604000000E1	3.141788629E1	1.642212697E1
3.608000000E1	3.199521416E1	1.677227694E1
3.612000000E1	3.237541998E1	1.702110582E1
3.616000000E1	3.258025045E1	1.706834500E1
3.620000000E1	3.265539709E1	1.701898540E1
3.624000000E1	3.268106857E1	1.691384673E1
3.628000000E1	3.268128206E1	1.684803657E1
3.632000000E1	3.269489604E1	1.678805765E1
3.636000000E1	3.270380153E1	1.674971382E1
3.640000000E1	3.271616753E1	1.672866008E1
3.644000000E1	3.277804498E1	1.670617198E1
3.648000000E1	3.282583138E1	1.672374796E1
3.652000000E1	3.284818704E1	1.674073602E1
3.656000000E1	3.294129027E1	1.675704246E1
3.660000000E1	3.298579811E1	1.683805301E1
3.664000000E1	3.309511457E1	1.689250605E1
3.668000000E1	3.312198622E1	1.691700232E1
3.672000000E1	3.300749567E1	1.689487619E1
3.676000000E1	3.269617106E1	1.673121563E1
3.680000000E1	3.215727177E1	1.640345952E1
3.684000000E1	3.131559899E1	1.589096114E1
3.688000000E1	3.024479604E1	1.530971282E1
3.692000000E1	2.897199467E1	1.466518789E1
3.696000000E1	2.757177535E1	1.400601316E1
3.700000000E1	2.611404180E1	1.333329626E1
3.704000000E1	2.468059175E1	1.269302313E1
3.708000000E1	2.336146388E1	1.202682776E1
3.712000000E1	2.219295915E1	1.150804180E1
3.716000000E1	2.140012545E1	1.117956527E1
3.720000000E1	2.098666777E1	1.101556261E1
3.724000000E1	2.092990425E1	1.095073502E1
3.728000000E1	2.101159234E1	1.095431928E1
3.732000000E1	2.113703868E1	1.097139516E1
3.736000000E1	2.119770411E1	1.101528329E1
3.740000000E1	2.123341243E1	1.101992861E1
3.744000000E1	2.114599482E1	1.092326853E1
3.748000000E1	2.114296827E1	1.092120323E1
3.752000000E1	2.102519661E1	1.082651212E1
3.756000000E1	2.089270642E1	1.075665922E1
3.760000000E1	2.082573199E1	1.071419865E1
3.764000000E1	2.080379133E1	1.065503667E1
3.768000000E1	2.082560003E1	1.063318171E1
3.772000000E1	2.083684244E1	1.062449260E1
3.776000000E1	2.083846862E1	1.061933871E1
3.780000000E1	2.083967564E1	1.061710610E1
3.784000000E1	2.083428438E1	1.060989455E1
3.788000000E1	2.082731435E1	1.059901530E1
3.792000000E1	2.081932316E1	1.058009441E1
3.796000000E1	2.082643246E1	1.059271188E1
3.800000000E1	2.082610438E1	1.055186737E1
3.804000000E1	2.082997996E1	1.057472831E1
3.808000000E1	2.083118801E1	1.056187071E1
3.812000000E1	2.082898662E1	1.055512311E1
3.816000000E1	2.083112942E1	1.057374642E1
3.820000000E1	2.082997774E1	1.055593943E1
3.824000000E1	2.083101132E1	1.055350432E1
3.828000000E1	2.082960181E1	1.055191515E1
3.832000000E1	2.082820669E1	1.055086802E1
3.836000000E1	2.083045239E1	1.057568144E1
3.840000000E1	2.083230988E1	1.059086136E1
3.844000000E1	2.084705071E1	1.060472019E1
3.848000000E1	2.100184575E1	1.063195861E1
3.852000000E1	2.142938878E1	1.077179692E1
3.856000000E1	2.207358008E1	1.107488026E1
3.860000000E1	2.304740717E1	1.153977871E1
3.864000000E1	2.430051047E1	1.218105384E1
3.868000000E1	2.575984557E1	1.288073513E1
3.872000000E1	2.732949758E1	1.367037173E1
3.876000000E1	2.888841572E1	1.450158761E1
3.880000000E1	3.038847435E1	1.538492005E1
3.884000000E1	3.175440817E1	1.624206899E1
3.888000000E1	3.287077834E1	1.698108816E1
3.892000000E1	3.370183745E1	1.752544334E1
3.896000000E1	3.415708433E1	1.780197765E1
3.900000000E1	3.422469980E1	1.779438124E1
3.904000000E1	3.399517164E1	1.760677589E1
3.908000000E1	3.356309258E1	1.742043343E1
3.912000000E1	3.293863505E1	1.709676345E1
3.916000000E1	3.211453549E1	1.674496479E1
3.920000000E1	3.115368703E1	1.634767282E1
3.924000000E1	3.000967249E1	1.587550021E1
3.928000000E1	2.881179261E1	1.539989067E1
3.932000000E1	2.757572317E1	1.485697598E1
3.936000000E1	2.630650649E1	1.428834013E1
3.940000000E1	2.506039326E1	1.375288319E1
3.944000000E1	2.394340568E1	1.322945042E1
3.948000000E1	2.293202993E1	1.270871814E1
3.952000000E1	2.218073020E1	1.226712713E1
3.956000000E1	2.168729071E1	1.190927842E1
3.960000000E1	2.143714248E1	1.166693767E1
3.964000000E1	2.135280750E1	1.150777018E1
3.968000000E1	2.135641688E1	1.142784953E1
3.972000000E1	2.139282391E1	1.137810472E1
3.976000000E1	2.142743935E1	1.138055187E1
3.980000000E1	2.142949641E1	1.136993779E1
3.984000000E1	2.141760798E1	1.135151955E1
3.988000000E1	2.138868908E1	1.130447090E1
3.992000000E1	2.140647878E1	1.127579006E1
3.996000000E1	2.141588307E1	1.123146307E1
4.000000000E1	2.142485711E1	1.122054104E1
4.004000000E1	2.143395370E1	1.121739925E1
4.008000000E1	2.143831217E1	1.121594757E1
4.012000000E1	2.143709855E1	1.121384091E1
4.016000000E1	2.143586941E1	1.121228848E1
4.020000000E1	2.143087633E1	1.120563732E1
4.024000000E1	2.142345390E1	1.119594806E1
4.028000000E1	2.142903515E1	1.120343241E1
4.032000000E1	2.143236247E1	1.120790852E1
4.036000000E1	2.143480916E1	1.121223138E1
4.040000000E1	2.143579921E1	1.121444314E1
4.044000000E1	2.143586906E1	1.121358922E1
4.048000000E1	2.143596866E1	1.121312687E1
4.052000000E1	2.143597063E1	1.121367776E1
4.056000000E1	2.143612020E1	1.121406970E1
4.060000000E1	2.143955813E1	1.121352828E1
4.064000000E1	2.144373595E1	1.121224446E1
4.068000000E1	2.156440318E1	1.120148604E1
4.072000000E1	2.174827311E1	1.121645252E1
4.076000000E1	2.221955512E1	1.137397600E1
4.080000000E1	2.303562331E1	1.171435870E1
4.084000000E1	2.417798146E1	1.228678733E1
4.088000000E1	2.560356021E1	1.303692718E1
4.092000000E1	2.722564821E1	1.389165667E1
4.096000000E1	2.890518422E1	1.477994689E1
4.100000000E1	3.051456303E1	1.564422143E1
4.104000000E1	3.196462140E1	1.645723909E1
4.108000000E1	3.316979784E1	1.715411602E1
4.112000000E1	3.405100693E1	1.767009808E1
4.116000000E1	3.455381229E1	1.793925548E1
4.120000000E1	3.453441076E1	1.788729402E1
4.124000000E1	3.411523538E1	1.758199415E1
4.128000000E1	3.342572435E1	1.719519866E1
4.132000000E1	3.252144049E1	1.672802594E1
4.136000000E1	3.145549334E1	1.626845258E1
4.140000000E1	3.026186404E1	1.577814791E1
4.144000000E1	2.896110592E1	1.530399329E1
4.148000000E1	2.767713720E1	1.484434068E1
4.152000000E1	2.640212436E1	1.436620515E1
4.156000000E1	2.519359520E1	1.392389190E1
4.160000000E1	2.404702444E1	1.342422854E1
4.164000000E1	2.296444352E1	1.289225504E1
4.168000000E1	2.204438185E1	1.239869532E1
4.172000000E1	2.128374554E1	1.185455808E1
4.176000000E1	2.072245146E1	1.138428013E1
4.180000000E1	2.042594779E1	1.104696766E1
4.184000000E1	2.034973693E1	1.078154837E1
4.188000000E1	2.038608603E1	1.071376092E1
4.192000000E1	2.049183318E1	1.072238398E1
4.196000000E1	2.054884119E1	1.076587213E1
4.200000000E1	2.056467186E1	1.080200185E1
4.204000000E1	2.054598082E1	1.080550821E1
4.208000000E1	2.053157703E1	1.078231172E1
4.212000000E1	2.050630357E1	1.075858027E1
4.216000000E1	2.046071519E1	1.073936607E1
4.220000000E1	2.040824142E1	1.070151997E1
4.224000000E1	2.040106035E1	1.064986501E1
4.228000000E1	2.039852815E1	1.061934149E1
4.232000000E1	2.039352277E1	1.060774359E1
4.236000000E1	2.039178772E1	1.060468658E1
4.240000000E1	2.038854157E1	1.060105480E1
4.244000000E1	2.038628663E1	1.060259456E1
4.248000000E1	2.038096214E1	1.059782417E1
4.252000000E1	2.038149138E1	1.059204678E1
4.256000000E1	2.038175484E1	1.058576415E1
4.260000000E1	2.038216548E1	1.057009541E1
4.264000000E1	2.038120127E1	1.056712444E1
4.268000000E1	2.037840033E1	1.054939150E1
4.272000000E1	2.037547210E1	1.054619701E1
4.276000000E1	2.038000848E1	1.052105456E1
4.280000000E1	2.037710525E1	1.047466312E1
4.284000000E1	2.036938674E1	1.045683510E1
4.288000000E1	2.035625428E1	1.043247087E1
4.292000000E1	2.034155715E1	1.040996967E1
4.296000000E1	2.035218985E1	1.038983867E1
4.300000000E1	2.034366885E1	1.034214194E1
4.304000000E1	2.028009757E1	1.034306217E1
4.308000000E1	2.023613479E1	1.032091179E1
4.312000000E1	2.011056444E1	1.030252553E1
4.316000000E1	1.995815636E1	1.019706964E1
4.320000000E1	1.978132946E1	1.003276599E1
4.324000000E1	1.947842924E1	9.859712147E0
4.328000000E1	1.908116674E1	9.692231253E0
4.332000000E1	1.868191575E1	9.524365594E0
4.336000000E1	1.787873296E1	9.296922840E0
4.340000000E1	1.786349510E1	9.288984775E0
4.344000000E1	1.742537241E1	9.152766328E0
4.348000000E1	1.692692019E1	8.978022077E0
4.352000000E1	1.640164294E1	8.841240702E0
4.356000000E1	1.586397420E1	8.671443168E0
4.360000000E1	1.499175368E1	8.390009241E0
4.364000000E1	1.499068500E1	8.380317345E0
4.368000000E1	1.468404550E1	8.338533283E0
4.372000000E1	1.453045933E1	8.304083130E0
