axel
t	x	y
0.000000000E0	8.279914969E0	3.729842828E1
4.000000000E-2	8.429584619E0	3.714844228E1
8.000000000E-2	8.429578467E0	3.715392274E1
1.200000000E-1	8.429193055E0	3.715336428E1
1.600000000E-1	8.429727552E0	3.715217574E1
2.000000000E-1	8.429448485E0	3.715225498E1
2.400000000E-1	8.429667388E0	3.715102646E1
2.800000000E-1	8.429004888E0	3.715141210E1
3.200000000E-1	8.428790851E0	3.715059036E1
3.600000000E-1	8.429107891E0	3.715225035E1
4.000000000E-1	8.429213694E0	3.714916173E1
4.400000000E-1	8.430004377E0	3.714858599E1
4.800000000E-1	8.430937387E0	3.714756452E1
5.200000000E-1	8.430681472E0	3.714770042E1
5.600000000E-1	8.432706458E0	3.714663098E1
6.000000000E-1	8.432917042E0	3.713677046E1
6.400000000E-1	8.432210509E0	3.713959026E1
6.800000000E-1	8.432487909E0	3.713848475E1
7.200000000E-1	8.434894762E0	3.712320174E1
7.600000000E-1	8.434108186E0	3.713405640E1
8.000000000E-1	8.432775310E0	3.713875770E1
8.400000000E-1	8.431638295E0	3.713974097E1
8.800000000E-1	8.431288067E0	3.714342401E1
9.200000000E-1	8.431396138E0	3.714286774E1
9.600000000E-1	8.430910306E0	3.714399163E1
1.000000000E0	8.431487981E0	3.714151543E1
1.040000000E0	8.431073213E0	3.714347643E1
1.080000000E0	8.430787319E0	3.714475904E1
1.120000000E0	8.430497493E0	3.714584902E1
1.160000000E0	8.430301946E0	3.714654946E1
1.200000000E0	8.429535266E0	3.714732237E1
1.240000000E0	8.428905003E0	3.714773031E1
1.280000000E0	8.429185827E0	3.714780133E1
1.320000000E0	8.429397823E0	3.714784805E1
1.360000000E0	8.429541430E0	3.714775188E1
1.400000000E0	8.429653752E0	3.714762758E1
1.440000000E0	8.430714695E0	3.714775247E1
1.480000000E0	8.430359443E0	3.715302896E1
1.520000000E0	8.430532420E0	3.714953945E1
1.560000000E0	8.430333316E0	3.714884978E1
1.600000000E0	8.429863033E0	3.714858681E1
1.640000000E0	8.429542717E0	3.714840619E1
1.680000000E0	8.429522850E0	3.714809362E1
1.720000000E0	8.429550450E0	3.714779822E1
1.760000000E0	8.429536347E0	3.714775225E1
1.800000000E0	8.428985738E0	3.714522777E1
1.840000000E0	8.424477489E0	3.714564049E1
1.880000000E0	8.424742389E0	3.714618782E1
1.920000000E0	8.427114890E0	3.714632179E1
1.960000000E0	8.428021818E0	3.714674882E1
2.000000000E0	8.430967844E0	3.714822065E1
2.040000000E0	8.430717249E0	3.714796690E1
2.080000000E0	8.430565224E0	3.714782391E1
2.120000000E0	8.430346049E0	3.714801293E1
2.160000000E0	8.430187843E0	3.714813489E1
2.200000000E0	8.430088377E0	3.714817219E1
2.240000000E0	8.430064378E0	3.714816130E1
2.280000000E0	8.429787388E0	3.714889548E1
2.320000000E0	8.429619822E0	3.714917154E1
2.360000000E0	8.429745775E0	3.714870480E1
2.400000000E0	8.429840261E0	3.714837941E1
2.440000000E0	8.429997931E0	3.714828640E1
2.480000000E0	8.429843617E0	3.714827708E1
2.520000000E0	8.429848854E0	3.714825537E1
2.560000000E0	8.429854521E0	3.714825604E1
2.600000000E0	8.429675146E0	3.714839854E1
2.640000000E0	8.429491417E0	3.714848641E1
2.680000000E0	8.429385620E0	3.714842298E1
2.720000000E0	8.429269048E0	3.714835770E1
2.760000000E0	8.429410411E0	3.714828737E1
2.800000000E0	8.429538624E0	3.714822418E1
2.840000000E0	8.429400969E0	3.714741436E1
2.880000000E0	8.429227465E0	3.714648989E1
2.920000000E0	8.429226360E0	3.714704188E1
2.960000000E0	8.429162844E0	3.714739524E1
3.000000000E0	8.426576524E0	3.714888228E1
3.040000000E0	8.429029539E0	3.714971180E1
3.080000000E0	8.430736204E0	3.715027577E1
3.120000000E0	8.431429555E0	3.714959220E1
3.160000000E0	8.430512282E0	3.714924137E1
3.200000000E0	8.430857368E0	3.714933251E1
3.240000000E0	8.430899897E0	3.714959994E1
3.280000000E0	8.430657817E0	3.714935960E1
3.320000000E0	8.430579333E0	3.714921922E1
3.360000000E0	8.431275212E0	3.714919559E1
3.400000000E0	8.431941126E0	3.714919986E1
3.440000000E0	8.431294196E0	3.715113411E1
3.480000000E0	8.430829288E0	3.715372026E1
3.520000000E0	8.428266844E0	3.715434973E1
3.560000000E0	8.425772005E0	3.715605245E1
3.600000000E0	8.424594122E0	3.716104535E1
3.640000000E0	8.425142563E0	3.715515947E1
3.680000000E0	8.428335065E0	3.715318808E1
3.720000000E0	8.430279291E0	3.715230067E1
3.760000000E0	8.430584090E0	3.714998245E1
3.800000000E0	8.430742105E0	3.714812866E1
3.840000000E0	8.435027765E0	3.714471133E1
3.880000000E0	8.441088287E0	3.714031844E1
3.920000000E0	8.445918410E0	3.713980704E1
3.960000000E0	8.452432747E0	3.714195797E1
4.000000000E0	8.452734113E0	3.713398910E1
4.040000000E0	8.460969577E0	3.713900907E1
4.080000000E0	8.456007495E0	3.714070462E1
4.120000000E0	8.474913461E0	3.714328693E1
4.160000000E0	8.502096961E0	3.714532831E1
4.200000000E0	8.567098408E0	3.714633276E1
4.240000000E0	8.605023509E0	3.714561640E1
4.280000000E0	8.718742119E0	3.715541366E1
4.320000000E0	8.747075718E0	3.716854451E1
4.360000000E0	8.752835407E0	3.726685979E1
4.400000000E0	8.744080892E0	3.738567555E1
4.440000000E0	8.742918137E0	3.749695614E1
4.480000000E0	8.745948239E0	3.766302707E1
4.520000000E0	8.770211929E0	3.779676237E1
4.560000000E0	8.850595106E0	3.795930264E1
4.600000000E0	9.002011628E0	3.810123189E1
4.640000000E0	9.135261506E0	3.822157685E1
4.680000000E0	9.316357376E0	3.833542131E1
4.720000000E0	9.482842432E0	3.840014146E1
4.760000000E0	9.505379222E0	3.836652896E1
4.800000000E0	9.475478818E0	3.833899844E1
4.840000000E0	9.469311380E0	3.832373444E1
4.880000000E0	9.540987675E0	3.835787215E1
4.920000000E0	9.818900164E0	3.847043577E1
4.960000000E0	1.025569710E1	3.866285979E1
5.000000000E0	1.073341597E1	3.885685053E1
5.040000000E0	1.124331726E1	3.902063606E1
5.080000000E0	1.238568362E1	3.923202610E1
5.120000000E0	1.237294299E1	3.923000711E1
5.160000000E0	1.294014685E1	3.930102627E1
5.200000000E0	1.340055035E1	3.937709154E1
5.240000000E0	1.374960219E1	3.941880392E1
5.280000000E0	1.392185328E1	3.940714802E1
5.320000000E0	1.397587487E1	3.940264168E1
5.360000000E0	1.394358454E1	3.939658179E1
5.400000000E0	1.386881281E1	3.939289114E1
5.440000000E0	1.382551647E1	3.939062535E1
5.480000000E0	1.377585185E1	3.939774376E1
5.520000000E0	1.380075666E1	3.939417391E1
5.560000000E0	1.381313012E1	3.939287043E1
5.600000000E0	1.379163606E1	3.939477545E1
5.640000000E0	1.373448710E1	3.939160529E1
5.680000000E0	1.367929335E1	3.938648275E1
5.720000000E0	1.365216891E1	3.937964450E1
5.760000000E0	1.356972745E1	3.937882351E1
5.800000000E0	1.351727682E1	3.938300071E1
5.840000000E0	1.340406842E1	3.938229399E1
5.880000000E0	1.326030046E1	3.938485594E1
5.920000000E0	1.307475563E1	3.939090772E1
5.960000000E0	1.286078517E1	3.939541942E1
6.000000000E0	1.263291621E1	3.939881732E1
6.040000000E0	1.239591465E1	3.940892473E1
6.080000000E0	1.217127668E1	3.943883783E1
6.120000000E0	1.196324543E1	3.950018569E1
6.160000000E0	1.174336886E1	3.953122556E1
6.200000000E0	1.149163808E1	3.950132360E1
6.240000000E0	1.120347420E1	3.940432992E1
6.280000000E0	1.089756429E1	3.916786538E1
6.320000000E0	1.056585278E1	3.885284940E1
6.360000000E0	1.015817004E1	3.847415789E1
6.400000000E0	9.728343712E0	3.811527147E1
6.440000000E0	9.178201981E0	3.783294285E1
6.480000000E0	8.703151105E0	3.772469369E1
6.520000000E0	8.599021673E0	3.772365534E1
6.560000000E0	8.869398265E0	3.774927057E1
6.600000000E0	9.078164293E0	3.774806770E1
6.640000000E0	9.206574524E0	3.770956904E1
6.680000000E0	9.512381824E0	3.762101277E1
6.720000000E0	9.496157875E0	3.760958519E1
6.760000000E0	9.481458779E0	3.754695931E1
6.800000000E0	9.359134197E0	3.745936591E1
6.840000000E0	9.303150651E0	3.740590887E1
6.880000000E0	9.235981673E0	3.734805916E1
6.920000000E0	9.203226302E0	3.732345990E1
6.960000000E0	9.202838830E0	3.734812528E1
7.000000000E0	9.225512562E0	3.741423066E1
7.040000000E0	9.237668817E0	3.754225190E1
7.080000000E0	9.225346797E0	3.770599110E1
7.120000000E0	9.194433370E0	3.789955528E1
7.160000000E0	9.240741116E0	3.808027086E1
7.200000000E0	9.338353533E0	3.822501249E1
7.240000000E0	9.534473239E0	3.836008871E1
7.280000000E0	9.836361884E0	3.851616282E1
7.320000000E0	1.020497316E1	3.864821956E1
7.360000000E0	1.064292172E1	3.880672448E1
7.400000000E0	1.112483036E1	3.895607734E1
7.440000000E0	1.159285630E1	3.908632764E1
7.480000000E0	1.206554793E1	3.921769472E1
7.520000000E0	1.252263656E1	3.938792324E1
7.560000000E0	1.301193073E1	3.951938899E1
7.600000000E0	1.350425509E1	3.964513500E1
7.640000000E0	1.388128150E1	3.968331119E1
7.680000000E0	1.404677431E1	3.965410446E1
7.720000000E0	1.399392289E1	3.962447021E1
7.760000000E0	1.387667632E1	3.966051920E1
7.800000000E0	1.378785512E1	3.967256000E1
7.840000000E0	1.371806317E1	3.967823717E1
7.880000000E0	1.369979954E1	3.968495267E1
7.920000000E0	1.372200093E1	3.968786712E1
7.960000000E0	1.375643791E1	3.968404543E1
8.000000000E0	1.380116543E1	3.969224098E1
8.040000000E0	1.379159146E1	3.969413822E1
8.080000000E0	1.373238063E1	3.969396301E1
8.120000000E0	1.367712796E1	3.969057304E1
8.160000000E0	1.366043081E1	3.968926510E1
8.200000000E0	1.362822910E1	3.968838437E1
8.240000000E0	1.357699289E1	3.969256856E1
8.280000000E0	1.352467913E1	3.969467404E1
8.320000000E0	1.343160970E1	3.971009309E1
8.360000000E0	1.326131884E1	3.977004849E1
8.400000000E0	1.306201613E1	3.989559982E1
8.440000000E0	1.237133941E1	4.006979896E1
8.480000000E0	1.235450151E1	4.011590387E1
8.520000000E0	1.200299191E1	4.013098601E1
8.560000000E0	1.158343660E1	4.008699663E1
8.600000000E0	1.121416912E1	3.995038208E1
8.640000000E0	1.093473539E1	3.973845623E1
8.680000000E0	1.067261765E1	3.943396737E1
8.720000000E0	1.050612570E1	3.908276876E1
8.760000000E0	1.026965942E1	3.864985371E1
8.800000000E0	9.923327011E0	3.824119418E1
8.840000000E0	9.559193606E0	3.793032184E1
8.880000000E0	9.354412564E0	3.787669681E1
8.920000000E0	9.342380461E0	3.788612983E1
8.960000000E0	9.364409576E0	3.790978123E1
9.000000000E0	9.372968043E0	3.791462965E1
9.040000000E0	9.485055383E0	3.790266345E1
9.080000000E0	9.667371271E0	3.789805371E1
9.120000000E0	9.789665012E0	3.789984865E1
9.160000000E0	9.794198796E0	3.789299362E1
9.200000000E0	9.772525337E0	3.790229170E1
9.240000000E0	9.735899627E0	3.800436591E1
9.280000000E0	9.722869809E0	3.815565436E1
9.320000000E0	9.785819551E0	3.832459393E1
9.360000000E0	9.992033908E0	3.849407065E1
9.400000000E0	1.028923968E1	3.865844494E1
9.440000000E0	1.065403666E1	3.881451585E1
9.480000000E0	1.097311640E1	3.893708739E1
9.520000000E0	1.127920729E1	3.903559703E1
9.560000000E0	1.162253736E1	3.911489291E1
9.600000000E0	1.193408887E1	3.920888312E1
9.640000000E0	1.226577184E1	3.930999988E1
9.680000000E0	1.269502372E1	3.943848276E1
9.720000000E0	1.312317849E1	3.956712921E1
9.760000000E0	1.357444732E1	3.969387789E1
9.800000000E0	1.400656007E1	3.980890621E1
9.840000000E0	1.436565487E1	3.984286250E1
9.880000000E0	1.456710092E1	3.982420781E1
9.920000000E0	1.455691101E1	3.973356268E1
9.960000000E0	1.442213227E1	3.969055100E1
1.000000000E1	1.427060066E1	3.967764018E1
1.004000000E1	1.415366920E1	3.968565969E1
1.008000000E1	1.411847459E1	3.969017852E1
1.012000000E1	1.413144793E1	3.969877010E1
1.016000000E1	1.413151753E1	3.969365317E1
1.020000000E1	1.412681054E1	3.969256201E1
1.024000000E1	1.411570760E1	3.968838587E1
1.028000000E1	1.404437038E1	3.967962526E1
1.032000000E1	1.396789052E1	3.967561703E1
1.036000000E1	1.387398674E1	3.967605489E1
1.040000000E1	1.377444322E1	3.968270017E1
1.044000000E1	1.366262368E1	3.969702586E1
1.048000000E1	1.349949209E1	3.972646575E1
1.052000000E1	1.325215210E1	3.979969175E1
1.056000000E1	1.300806464E1	3.985910086E1
1.060000000E1	1.274164379E1	3.985997060E1
1.064000000E1	1.244489124E1	3.985544616E1
1.068000000E1	1.216062001E1	3.983082272E1
1.072000000E1	1.188946370E1	3.980762403E1
1.076000000E1	1.171704162E1	3.971472114E1
1.080000000E1	1.151062859E1	3.953307994E1
1.084000000E1	1.139205894E1	3.933814388E1
1.088000000E1	1.129648431E1	3.907912876E1
1.092000000E1	1.113794447E1	3.867951079E1
1.096000000E1	1.091778664E1	3.819749785E1
1.100000000E1	1.068439702E1	3.785932742E1
1.104000000E1	1.054654142E1	3.771801674E1
1.108000000E1	1.052518299E1	3.772357066E1
1.112000000E1	1.051216188E1	3.775430680E1
1.116000000E1	1.044510219E1	3.775463609E1
1.120000000E1	1.039411588E1	3.774947820E1
1.124000000E1	1.050599175E1	3.774907877E1
1.128000000E1	1.054984238E1	3.775214817E1
1.132000000E1	1.055053603E1	3.784192640E1
1.136000000E1	1.050160767E1	3.799311651E1
1.140000000E1	1.039235116E1	3.819230236E1
1.144000000E1	1.026555549E1	3.839368927E1
1.148000000E1	1.026704106E1	3.861223612E1
1.152000000E1	1.039806869E1	3.880994716E1
1.156000000E1	1.066283846E1	3.896603404E1
1.160000000E1	1.099542351E1	3.912957353E1
1.164000000E1	1.130616876E1	3.925777502E1
1.168000000E1	1.161695121E1	3.938343130E1
1.172000000E1	1.193759879E1	3.952324064E1
1.176000000E1	1.223802970E1	3.969174917E1
1.180000000E1	1.254604029E1	3.983126131E1
1.184000000E1	1.286981601E1	3.995984122E1
1.188000000E1	1.327262129E1	4.013011494E1
1.192000000E1	1.367529139E1	4.027990009E1
1.196000000E1	1.406453825E1	4.038397754E1
1.200000000E1	1.444153467E1	4.028546007E1
1.204000000E1	1.443294754E1	4.028506242E1
1.208000000E1	1.433248796E1	4.024682957E1
1.212000000E1	1.414893240E1	4.024888586E1
1.216000000E1	1.400714394E1	4.025446931E1
1.220000000E1	1.393613262E1	4.026667029E1
1.224000000E1	1.391318873E1	4.028082451E1
1.228000000E1	1.395671774E1	4.028454885E1
1.232000000E1	1.396612914E1	4.028543115E1
1.236000000E1	1.395730747E1	4.027656052E1
1.240000000E1	1.392504079E1	4.025816802E1
1.244000000E1	1.386076271E1	4.024333294E1
1.248000000E1	1.373278193E1	4.026393136E1
1.252000000E1	1.355591483E1	4.028878756E1
1.256000000E1	1.335656106E1	4.031992633E1
1.260000000E1	1.308370381E1	4.041854855E1
1.264000000E1	1.277675244E1	4.054094970E1
1.268000000E1	1.246424367E1	4.059008768E1
1.272000000E1	1.213681967E1	4.059213502E1
1.276000000E1	1.183013110E1	4.055201153E1
1.280000000E1	1.156630003E1	4.048206020E1
1.284000000E1	1.128548335E1	4.031568032E1
1.288000000E1	1.108097347E1	4.014180475E1
1.292000000E1	1.097168405E1	3.989677649E1
1.296000000E1	1.085334089E1	3.956669989E1
1.300000000E1	1.070498231E1	3.921767353E1
1.304000000E1	1.055198618E1	3.886722816E1
1.308000000E1	1.036244481E1	3.854420338E1
1.312000000E1	1.022031246E1	3.840546252E1
1.316000000E1	1.017130601E1	3.837917188E1
1.320000000E1	1.020514458E1	3.838713008E1
1.324000000E1	1.021475561E1	3.840548077E1
1.328000000E1	1.024483789E1	3.837170887E1
1.332000000E1	1.038016935E1	3.835600052E1
1.336000000E1	1.042568321E1	3.834740841E1
1.340000000E1	1.043809545E1	3.834020050E1
1.344000000E1	1.038203341E1	3.834835357E1
1.348000000E1	1.036509643E1	3.835706284E1
1.352000000E1	1.036401942E1	3.844347041E1
1.356000000E1	1.037621173E1	3.861666160E1
1.360000000E1	1.045032333E1	3.875134625E1
1.364000000E1	1.055295552E1	3.892209943E1
1.368000000E1	1.071587426E1	3.907555966E1
1.372000000E1	1.093743984E1	3.919536531E1
1.376000000E1	1.121928272E1	3.931591217E1
1.380000000E1	1.146693254E1	3.938720215E1
1.384000000E1	1.172073400E1	3.942950229E1
1.388000000E1	1.200300948E1	3.948591647E1
1.392000000E1	1.232399234E1	3.956883038E1
1.396000000E1	1.264806934E1	3.966793077E1
1.400000000E1	1.300244986E1	3.975313207E1
1.404000000E1	1.338810253E1	3.983333566E1
1.408000000E1	1.372886444E1	3.995063024E1
1.412000000E1	1.407954004E1	4.008847830E1
1.416000000E1	1.438460184E1	4.018441865E1
1.420000000E1	1.456586944E1	4.014714202E1
1.424000000E1	1.455691575E1	4.011669663E1
1.428000000E1	1.445724112E1	4.011335643E1
1.432000000E1	1.436198024E1	4.011878854E1
1.436000000E1	1.430999410E1	4.013041143E1
1.440000000E1	1.428792302E1	4.013486977E1
1.444000000E1	1.428900487E1	4.014299332E1
1.448000000E1	1.427773972E1	4.014545106E1
1.452000000E1	1.415149574E1	4.016171913E1
1.456000000E1	1.398220054E1	4.020737517E1
1.460000000E1	1.369538289E1	4.022547665E1
1.464000000E1	1.336077924E1	4.027277638E1
1.468000000E1	1.301318137E1	4.026268076E1
1.472000000E1	1.263096784E1	4.022821851E1
1.476000000E1	1.228184945E1	4.014617436E1
1.480000000E1	1.194146793E1	4.010216546E1
1.484000000E1	1.170163439E1	4.002295768E1
1.488000000E1	1.150182516E1	3.993337773E1
1.492000000E1	1.136483908E1	3.980461396E1
1.496000000E1	1.137553165E1	3.963557592E1
1.500000000E1	1.134805704E1	3.938570231E1
1.504000000E1	1.113253253E1	3.908911720E1
1.508000000E1	1.082828746E1	3.881471116E1
1.512000000E1	1.048941572E1	3.871282245E1
1.516000000E1	1.031462352E1	3.865936945E1
1.520000000E1	1.032086684E1	3.866827327E1
1.524000000E1	1.036444009E1	3.866617877E1
1.528000000E1	1.040017101E1	3.865299261E1
1.532000000E1	1.053000872E1	3.864397657E1
1.536000000E1	1.064750655E1	3.862891421E1
1.540000000E1	1.069889325E1	3.860809354E1
1.544000000E1	1.069979288E1	3.859891640E1
1.548000000E1	1.068064714E1	3.861627211E1
1.552000000E1	1.067005922E1	3.863827891E1
1.556000000E1	1.058304431E1	3.866234198E1
1.560000000E1	1.051945416E1	3.877596938E1
1.564000000E1	1.044456889E1	3.894170826E1
1.568000000E1	1.038890526E1	3.910876165E1
1.572000000E1	1.036151244E1	3.934899822E1
1.576000000E1	1.034484389E1	3.955745642E1
1.580000000E1	1.040717731E1	3.970003101E1
1.584000000E1	1.052898028E1	3.983349739E1
1.588000000E1	1.076343239E1	3.993969538E1
1.592000000E1	1.114343854E1	4.000729190E1
1.596000000E1	1.152935354E1	4.003333627E1
1.600000000E1	1.190777699E1	4.003889886E1
1.604000000E1	1.230195227E1	4.004925032E1
1.608000000E1	1.272627155E1	4.008914420E1
1.612000000E1	1.320219402E1	4.013630679E1
1.616000000E1	1.364292161E1	4.014132040E1
1.620000000E1	1.398558139E1	4.014700551E1
1.624000000E1	1.425334248E1	4.015233012E1
1.628000000E1	1.444259609E1	4.014928000E1
1.632000000E1	1.456945434E1	4.013676576E1
1.636000000E1	1.456261602E1	4.012897836E1
1.640000000E1	1.443736882E1	4.013511236E1
1.644000000E1	1.430973333E1	4.013922414E1
1.648000000E1	1.422788150E1	4.014088062E1
1.652000000E1	1.414082213E1	4.014041364E1
1.656000000E1	1.413002672E1	4.013911540E1
1.660000000E1	1.413899842E1	4.013439119E1
1.664000000E1	1.414331368E1	4.013343305E1
1.668000000E1	1.413277415E1	4.013534191E1
1.672000000E1	1.411596727E1	4.013780252E1
1.676000000E1	1.401427266E1	4.014989790E1
1.680000000E1	1.392882981E1	4.017402199E1
1.684000000E1	1.376303740E1	4.027947967E1
1.688000000E1	1.352958813E1	4.043865260E1
1.692000000E1	1.326944713E1	4.054285718E1
1.696000000E1	1.301447069E1	4.059729979E1
1.700000000E1	1.272758012E1	4.059041632E1
1.704000000E1	1.245634876E1	4.054392685E1
1.708000000E1	1.218855115E1	4.048677543E1
1.712000000E1	1.188633643E1	4.039955527E1
1.716000000E1	1.166761653E1	4.029833704E1
1.720000000E1	1.147280514E1	4.015496184E1
1.724000000E1	1.129534024E1	3.997568797E1
1.728000000E1	1.110475475E1	3.973532888E1
1.732000000E1	1.092250665E1	3.943712385E1
1.736000000E1	1.072391565E1	3.913940939E1
1.740000000E1	1.051732096E1	3.891999139E1
1.744000000E1	1.041144435E1	3.881697134E1
1.748000000E1	1.039058914E1	3.877781821E1
1.752000000E1	1.057454327E1	3.869168030E1
1.756000000E1	1.054712341E1	3.865826252E1
1.760000000E1	1.069744109E1	3.863537056E1
1.764000000E1	1.081951563E1	3.862365503E1
1.768000000E1	1.084819844E1	3.861820531E1
1.772000000E1	1.083752645E1	3.860988349E1
1.776000000E1	1.081960220E1	3.861983874E1
1.780000000E1	1.080203141E1	3.862602622E1
1.784000000E1	1.078232167E1	3.864398944E1
1.788000000E1	1.074197457E1	3.868302580E1
1.792000000E1	1.067375805E1	3.881629602E1
1.796000000E1	1.065389475E1	3.895827041E1
1.800000000E1	1.069440384E1	3.909470842E1
1.804000000E1	1.084033923E1	3.922821935E1
1.808000000E1	1.108146762E1	3.935229396E1
1.812000000E1	1.140718174E1	3.943750848E1
1.816000000E1	1.169009055E1	3.952141226E1
1.820000000E1	1.193577104E1	3.959404836E1
1.824000000E1	1.215276515E1	3.963210984E1
1.828000000E1	1.240268821E1	3.973899075E1
1.832000000E1	1.263028222E1	3.982349354E1
1.836000000E1	1.292491463E1	3.990974167E1
1.840000000E1	1.321845904E1	3.992026223E1
1.844000000E1	1.352537938E1	4.001695239E1
1.848000000E1	1.381834511E1	4.005988981E1
1.852000000E1	1.402079785E1	4.008878087E1
1.856000000E1	1.412530890E1	4.014171631E1
1.860000000E1	1.412776880E1	4.014187153E1
1.864000000E1	1.406609679E1	4.014059211E1
1.868000000E1	1.387848931E1	4.012317862E1
1.872000000E1	1.384316852E1	4.013087983E1
1.876000000E1	1.380050147E1	4.013563253E1
1.880000000E1	1.381430254E1	4.013848414E1
1.884000000E1	1.382737926E1	4.014199936E1
1.888000000E1	1.383585908E1	4.014531089E1
1.892000000E1	1.383693592E1	4.013894453E1
1.896000000E1	1.382687973E1	4.013929635E1
1.900000000E1	1.380879003E1	4.013722074E1
1.904000000E1	1.374541943E1	4.014708905E1
1.908000000E1	1.365570758E1	4.018773109E1
1.912000000E1	1.351623579E1	4.029216300E1
1.916000000E1	1.333314277E1	4.039587144E1
1.920000000E1	1.310968881E1	4.042685600E1
1.924000000E1	1.283324240E1	4.041698579E1
1.928000000E1	1.227507571E1	4.020679980E1
1.932000000E1	1.230999545E1	4.017079837E1
1.936000000E1	1.199418384E1	4.008338837E1
1.940000000E1	1.173856963E1	3.997295968E1
1.944000000E1	1.155356230E1	3.980883887E1
1.948000000E1	1.148381195E1	3.953572021E1
1.952000000E1	1.137541838E1	3.920400451E1
1.956000000E1	1.125215201E1	3.890958851E1
1.960000000E1	1.108026311E1	3.879514491E1
1.964000000E1	1.107407371E1	3.880222091E1
1.968000000E1	1.109883240E1	3.883805286E1
1.972000000E1	1.109898294E1	3.886798168E1
1.976000000E1	1.112065319E1	3.880536531E1
1.980000000E1	1.122245489E1	3.878410917E1
1.984000000E1	1.140502775E1	3.876498890E1
1.988000000E1	1.152608985E1	3.874925405E1
1.992000000E1	1.157194965E1	3.872675449E1
1.996000000E1	1.155665812E1	3.876038485E1
2.000000000E1	1.146077470E1	3.879563521E1
2.004000000E1	1.131627666E1	3.892124103E1
2.008000000E1	1.095662107E1	3.938330856E1
2.012000000E1	1.096997107E1	3.938871976E1
2.016000000E1	1.081506660E1	3.968684963E1
2.020000000E1	1.073707696E1	3.996451304E1
2.024000000E1	1.081819073E1	4.017249749E1
2.028000000E1	1.097787413E1	4.030590237E1
2.032000000E1	1.123624117E1	4.039893888E1
2.036000000E1	1.156762018E1	4.043919843E1
2.040000000E1	1.189935338E1	4.044242902E1
2.044000000E1	1.219371269E1	4.044130996E1
2.048000000E1	1.254079004E1	4.045656165E1
2.052000000E1	1.320977425E1	4.057041832E1
2.056000000E1	1.321327804E1	4.059123839E1
2.060000000E1	1.353354225E1	4.066723282E1
2.064000000E1	1.385818066E1	4.079972441E1
2.068000000E1	1.412776755E1	4.086540901E1
2.072000000E1	1.432375664E1	4.089050198E1
2.076000000E1	1.438459090E1	4.087612278E1
2.080000000E1	1.430998791E1	4.087045746E1
2.084000000E1	1.414702954E1	4.087519766E1
2.088000000E1	1.401363418E1	4.088166501E1
2.092000000E1	1.396877336E1	4.088202500E1
2.096000000E1	1.397158440E1	4.088428409E1
2.100000000E1	1.399166624E1	4.088749676E1
2.104000000E1	1.399172699E1	4.088346016E1
2.108000000E1	1.399222288E1	4.087828995E1
2.112000000E1	1.396654408E1	4.087827558E1
2.116000000E1	1.387596995E1	4.088122464E1
2.120000000E1	1.377295623E1	4.089062226E1
2.124000000E1	1.366398855E1	4.091566893E1
2.128000000E1	1.340625222E1	4.100426925E1
2.132000000E1	1.315727760E1	4.106451254E1
2.136000000E1	1.293225563E1	4.104768259E1
2.140000000E1	1.258412437E1	4.098153305E1
2.144000000E1	1.239520698E1	4.090937674E1
2.148000000E1	1.207091821E1	4.081435448E1
2.152000000E1	1.157105961E1	4.050222779E1
2.156000000E1	1.157095232E1	4.046665493E1
2.160000000E1	1.140045009E1	4.020223750E1
2.164000000E1	1.124447755E1	3.984495397E1
2.168000000E1	1.101908092E1	3.948132853E1
2.172000000E1	1.073534179E1	3.926634862E1
2.176000000E1	1.059101622E1	3.921486389E1
2.180000000E1	1.056791494E1	3.922091016E1
2.184000000E1	1.063899120E1	3.925379359E1
2.188000000E1	1.073859540E1	3.925887687E1
2.192000000E1	1.084306800E1	3.924394040E1
2.196000000E1	1.098333220E1	3.923457320E1
2.200000000E1	1.109529647E1	3.922807683E1
2.204000000E1	1.111594859E1	3.920614595E1
2.208000000E1	1.096801789E1	3.911070634E1
2.212000000E1	1.097051258E1	3.909687689E1
2.216000000E1	1.085463280E1	3.908480101E1
2.220000000E1	1.082132199E1	3.909608772E1
2.224000000E1	1.079359014E1	3.911813560E1
2.228000000E1	1.080603630E1	3.923310643E1
2.232000000E1	1.079983782E1	3.939496151E1
2.236000000E1	1.081751261E1	3.957801952E1
2.240000000E1	1.083677473E1	3.974352165E1
2.244000000E1	1.095623385E1	3.988663935E1
2.248000000E1	1.111222347E1	4.000116092E1
2.252000000E1	1.134445388E1	4.013674835E1
2.256000000E1	1.158218014E1	4.023249313E1
2.260000000E1	1.187789067E1	4.031545022E1
2.264000000E1	1.222069971E1	4.040554999E1
2.268000000E1	1.257872927E1	4.052807836E1
2.272000000E1	1.298782244E1	4.070222081E1
2.276000000E1	1.340510620E1	4.080300154E1
2.280000000E1	1.374528710E1	4.086327509E1
2.284000000E1	1.414694045E1	4.102529058E1
2.288000000E1	1.413217964E1	4.103259791E1
2.292000000E1	1.426009991E1	4.105275051E1
2.296000000E1	1.427232278E1	4.104768827E1
2.300000000E1	1.423055990E1	4.104163095E1
2.304000000E1	1.412570687E1	4.104326772E1
2.308000000E1	1.402673974E1	4.105203961E1
2.312000000E1	1.397938899E1	4.104465617E1
2.316000000E1	1.400099700E1	4.104954495E1
2.320000000E1	1.404859341E1	4.103789234E1
2.324000000E1	1.408630881E1	4.103059109E1
2.328000000E1	1.411219840E1	4.103443793E1
2.332000000E1	1.403456560E1	4.103747135E1
2.336000000E1	1.391978299E1	4.105177908E1
2.340000000E1	1.379468993E1	4.111074110E1
2.344000000E1	1.356605282E1	4.116419170E1
2.348000000E1	1.335481404E1	4.118350193E1
2.352000000E1	1.307387017E1	4.116671241E1
2.356000000E1	1.277140344E1	4.106445459E1
2.360000000E1	1.241842605E1	4.096954046E1
2.364000000E1	1.208226041E1	4.087511785E1
2.368000000E1	1.181520358E1	4.075741945E1
2.372000000E1	1.172180753E1	4.057706963E1
2.376000000E1	1.170552717E1	4.030836827E1
2.380000000E1	1.162621295E1	3.991348817E1
2.384000000E1	1.141444770E1	3.940888038E1
2.388000000E1	1.112526768E1	3.910089221E1
2.392000000E1	1.093298567E1	3.901123193E1
2.396000000E1	1.085698596E1	3.897188630E1
2.400000000E1	1.080001231E1	3.902822722E1
2.404000000E1	1.082618019E1	3.909638018E1
2.408000000E1	1.096513782E1	3.909210938E1
2.412000000E1	1.111083509E1	3.907742969E1
2.416000000E1	1.123713067E1	3.901376723E1
2.420000000E1	1.127359093E1	3.894573184E1
2.424000000E1	1.127950820E1	3.893391774E1
2.428000000E1	1.124749695E1	3.894209924E1
2.432000000E1	1.114932161E1	3.896299404E1
2.436000000E1	1.101784371E1	3.911465150E1
2.440000000E1	1.088638256E1	3.927800824E1
2.444000000E1	1.081713776E1	3.952557485E1
2.448000000E1	1.080455936E1	3.978186562E1
2.452000000E1	1.086939847E1	4.000283565E1
2.456000000E1	1.105333314E1	4.014900297E1
2.460000000E1	1.129999151E1	4.028044785E1
2.464000000E1	1.169804652E1	4.039198779E1
2.468000000E1	1.207788248E1	4.047403492E1
2.472000000E1	1.241449353E1	4.050744943E1
2.476000000E1	1.273920009E1	4.057793097E1
2.480000000E1	1.307230226E1	4.063330377E1
2.484000000E1	1.339967360E1	4.064985452E1
2.488000000E1	1.367806214E1	4.061189753E1
2.492000000E1	1.393036284E1	4.059786063E1
2.496000000E1	1.416427677E1	4.060751160E1
2.500000000E1	1.437190118E1	4.061560245E1
2.504000000E1	1.455199338E1	4.060019390E1
2.508000000E1	1.458384786E1	4.059267199E1
2.512000000E1	1.456167414E1	4.058458898E1
2.516000000E1	1.443633388E1	4.058512676E1
2.520000000E1	1.431850239E1	4.058292987E1
2.524000000E1	1.425440845E1	4.058845152E1
2.528000000E1	1.416584762E1	4.059318949E1
2.532000000E1	1.410930749E1	4.059295440E1
2.536000000E1	1.398711905E1	4.061054965E1
2.540000000E1	1.380671633E1	4.065199250E1
2.544000000E1	1.356295793E1	4.069522518E1
2.548000000E1	1.333799008E1	4.074067747E1
2.552000000E1	1.306781306E1	4.076212085E1
2.556000000E1	1.276130130E1	4.074444729E1
2.560000000E1	1.250678087E1	4.073493284E1
2.564000000E1	1.228149345E1	4.056930598E1
2.568000000E1	1.210513316E1	4.035050539E1
2.572000000E1	1.193002407E1	4.008722644E1
2.576000000E1	1.186372561E1	3.982031631E1
2.580000000E1	1.181433871E1	3.939795233E1
2.584000000E1	1.162395577E1	3.902930360E1
2.588000000E1	1.139521912E1	3.881578347E1
2.592000000E1	1.126415671E1	3.875736433E1
2.596000000E1	1.121779718E1	3.879643223E1
2.600000000E1	1.114562221E1	3.882489412E1
2.604000000E1	1.102647233E1	3.885479131E1
2.608000000E1	1.099179939E1	3.883267195E1
2.612000000E1	1.098456463E1	3.880653364E1
2.616000000E1	1.109688190E1	3.879576526E1
2.620000000E1	1.114840691E1	3.879343368E1
2.624000000E1	1.120258134E1	3.879377920E1
2.628000000E1	1.114782969E1	3.879800269E1
2.632000000E1	1.113054902E1	3.880895244E1
2.636000000E1	1.105487527E1	3.888069840E1
2.640000000E1	1.101339583E1	3.906014276E1
2.644000000E1	1.096469610E1	3.922362898E1
2.648000000E1	1.088397751E1	3.969617457E1
2.652000000E1	1.084941896E1	3.969509467E1
2.656000000E1	1.086698567E1	3.996038444E1
2.660000000E1	1.094663983E1	4.017408427E1
2.664000000E1	1.112739612E1	4.031722322E1
2.668000000E1	1.139697603E1	4.047712252E1
2.672000000E1	1.170125940E1	4.056507335E1
2.676000000E1	1.201583637E1	4.061692652E1
2.680000000E1	1.232222801E1	4.067578480E1
2.684000000E1	1.268563289E1	4.076325179E1
2.688000000E1	1.307346586E1	4.079052405E1
2.692000000E1	1.347923922E1	4.077283838E1
2.696000000E1	1.385807748E1	4.075576817E1
2.700000000E1	1.420649763E1	4.077519139E1
2.704000000E1	1.456743173E1	4.076740135E1
2.708000000E1	1.484422919E1	4.074847793E1
2.712000000E1	1.494757529E1	4.073417529E1
2.716000000E1	1.487561745E1	4.072281545E1
2.720000000E1	1.473664179E1	4.073175181E1
2.724000000E1	1.458614667E1	4.073945196E1
2.728000000E1	1.443919545E1	4.074241046E1
2.732000000E1	1.439360605E1	4.074450980E1
2.736000000E1	1.438970462E1	4.074101838E1
2.740000000E1	1.435836550E1	4.074051748E1
2.744000000E1	1.430347268E1	4.074716728E1
2.748000000E1	1.417225371E1	4.076518097E1
2.752000000E1	1.395739632E1	4.077962252E1
2.756000000E1	1.367791848E1	4.075945565E1
2.760000000E1	1.337302039E1	4.074818115E1
2.764000000E1	1.304150533E1	4.073444867E1
2.768000000E1	1.263892216E1	4.073434200E1
2.772000000E1	1.231621728E1	4.072853052E1
2.776000000E1	1.201870755E1	4.072349420E1
2.780000000E1	1.176556525E1	4.070375200E1
2.784000000E1	1.162601437E1	4.056793351E1
2.788000000E1	1.153278157E1	4.032584013E1
2.792000000E1	1.144870144E1	3.997212292E1
2.796000000E1	1.128426538E1	3.958072241E1
2.800000000E1	1.108827568E1	3.925705244E1
2.804000000E1	1.087440703E1	3.905195459E1
2.808000000E1	1.070546667E1	3.898170267E1
2.812000000E1	1.067731557E1	3.896761981E1
2.816000000E1	1.069396145E1	3.895462715E1
2.820000000E1	1.079620622E1	3.894459876E1
2.824000000E1	1.093752881E1	3.890680005E1
2.828000000E1	1.107102573E1	3.886851689E1
2.832000000E1	1.114792366E1	3.880129567E1
2.836000000E1	1.115465608E1	3.877948434E1
2.840000000E1	1.113252651E1	3.878089829E1
2.844000000E1	1.112382984E1	3.879143850E1
2.848000000E1	1.111784628E1	3.879596520E1
2.852000000E1	1.103955037E1	3.885807478E1
2.856000000E1	1.097083231E1	3.892913290E1
2.860000000E1	1.094510772E1	3.903321179E1
2.864000000E1	1.094034892E1	3.922139846E1
2.868000000E1	1.096845484E1	3.940014458E1
2.872000000E1	1.100690713E1	3.964185363E1
2.876000000E1	1.113326797E1	3.984834661E1
2.880000000E1	1.130881569E1	4.001796218E1
2.884000000E1	1.163984729E1	4.027587066E1
2.888000000E1	1.160039478E1	4.028314312E1
2.892000000E1	1.175011492E1	4.038509134E1
2.896000000E1	1.190481501E1	4.046052005E1
2.900000000E1	1.213193996E1	4.050943824E1
2.904000000E1	1.240302056E1	4.056712829E1
2.908000000E1	1.266306667E1	4.062295693E1
2.912000000E1	1.297581682E1	4.068576037E1
2.916000000E1	1.326938116E1	4.075917044E1
2.920000000E1	1.355360035E1	4.078924328E1
2.924000000E1	1.380614935E1	4.076993014E1
2.928000000E1	1.398292835E1	4.074863168E1
2.932000000E1	1.407616594E1	4.073483238E1
2.936000000E1	1.407425478E1	4.072904757E1
2.940000000E1	1.403296109E1	4.073735220E1
2.944000000E1	1.398025337E1	4.074439059E1
2.948000000E1	1.397988132E1	4.074255921E1
2.952000000E1	1.399168802E1	4.074340039E1
2.956000000E1	1.400635560E1	4.074483576E1
2.960000000E1	1.397149879E1	4.075102994E1
2.964000000E1	1.390252821E1	4.077766750E1
2.968000000E1	1.373784373E1	4.087810936E1
2.972000000E1	1.352062180E1	4.091045319E1
2.976000000E1	1.322280917E1	4.089957490E1
2.980000000E1	1.289962498E1	4.087319919E1
2.984000000E1	1.263201827E1	4.084768202E1
2.988000000E1	1.234473888E1	4.082573985E1
2.992000000E1	1.191558005E1	4.068290404E1
2.996000000E1	1.190058324E1	4.071738191E1
3.000000000E1	1.173624388E1	4.059429836E1
3.004000000E1	1.159238477E1	4.041843343E1
3.008000000E1	1.150146826E1	4.014225549E1
3.012000000E1	1.130288589E1	3.975121812E1
3.016000000E1	1.099543507E1	3.930334316E1
3.020000000E1	1.069732072E1	3.907349882E1
3.024000000E1	1.056259888E1	3.905451587E1
3.028000000E1	1.055441865E1	3.910048324E1
3.032000000E1	1.059044145E1	3.913323882E1
3.036000000E1	1.068100474E1	3.912970204E1
3.040000000E1	1.083056966E1	3.909819609E1
3.044000000E1	1.105850882E1	3.907902592E1
3.048000000E1	1.110169459E1	3.908904007E1
3.052000000E1	1.111535976E1	3.907860143E1
3.056000000E1	1.109962609E1	3.907538374E1
3.060000000E1	1.099980590E1	3.908748219E1
3.064000000E1	1.094241806E1	3.911167588E1
3.068000000E1	1.086323385E1	3.922765896E1
3.072000000E1	1.082881485E1	3.938443681E1
3.076000000E1	1.083036863E1	3.955099276E1
3.080000000E1	1.083901379E1	3.973375754E1
3.084000000E1	1.093311138E1	3.992276723E1
3.088000000E1	1.106123202E1	4.012025030E1
3.092000000E1	1.126612932E1	4.026040793E1
3.096000000E1	1.148847135E1	4.036224897E1
3.100000000E1	1.174091707E1	4.041555240E1
3.104000000E1	1.205292875E1	4.049957090E1
3.108000000E1	1.233590941E1	4.055865514E1
3.112000000E1	1.268405022E1	4.062391361E1
3.116000000E1	1.304705175E1	4.071097916E1
3.120000000E1	1.347102180E1	4.082642196E1
3.124000000E1	1.387417280E1	4.092799241E1
3.128000000E1	1.426355742E1	4.090465039E1
3.132000000E1	1.426868017E1	4.089336817E1
3.136000000E1	1.424830740E1	4.087550011E1
3.140000000E1	1.412587452E1	4.087528276E1
3.144000000E1	1.400409488E1	4.087776310E1
3.148000000E1	1.395827328E1	4.088077996E1
3.152000000E1	1.397495249E1	4.088574206E1
3.156000000E1	1.398199551E1	4.088831169E1
3.160000000E1	1.396998310E1	4.088921612E1
3.164000000E1	1.385595214E1	4.090159935E1
3.168000000E1	1.369276987E1	4.090425802E1
3.172000000E1	1.351740065E1	4.092058753E1
3.176000000E1	1.330216646E1	4.092686098E1
3.180000000E1	1.308411483E1	4.091600733E1
3.184000000E1	1.290303192E1	4.090653167E1
3.188000000E1	1.266846114E1	4.089290005E1
3.192000000E1	1.244985049E1	4.083618121E1
3.196000000E1	1.226915631E1	4.068782868E1
3.200000000E1	1.206707876E1	4.059847960E1
3.204000000E1	1.189733481E1	4.045110487E1
3.208000000E1	1.175472484E1	4.029179963E1
3.212000000E1	1.166634904E1	4.003981864E1
3.216000000E1	1.156805200E1	3.969793054E1
3.220000000E1	1.135476894E1	3.937168924E1
3.224000000E1	1.108724652E1	3.910697879E1
3.228000000E1	1.086928920E1	3.907759974E1
3.232000000E1	1.080633660E1	3.910480234E1
3.236000000E1	1.085916853E1	3.912304067E1
3.240000000E1	1.095202378E1	3.912816475E1
3.244000000E1	1.110671133E1	3.909856466E1
3.248000000E1	1.127370745E1	3.909034801E1
3.252000000E1	1.139541320E1	3.906712920E1
3.256000000E1	1.142457781E1	3.903729301E1
3.260000000E1	1.139551083E1	3.901102930E1
3.264000000E1	1.130572206E1	3.894462189E1
3.268000000E1	1.125892818E1	3.894157455E1
3.272000000E1	1.119823775E1	3.895643400E1
3.276000000E1	1.113917186E1	3.902022084E1
3.280000000E1	1.113976205E1	3.912763507E1
3.284000000E1	1.114688107E1	3.924630305E1
3.288000000E1	1.115941107E1	3.939874662E1
3.292000000E1	1.119500843E1	3.954923159E1
3.296000000E1	1.123907748E1	3.971967573E1
3.300000000E1	1.130798143E1	3.985420817E1
3.304000000E1	1.141687794E1	3.999687243E1
3.308000000E1	1.154556490E1	4.012479128E1
3.312000000E1	1.171659283E1	4.023650359E1
3.316000000E1	1.194307047E1	4.032797889E1
3.320000000E1	1.214006105E1	4.038486887E1
3.324000000E1	1.245008901E1	4.046552325E1
3.328000000E1	1.277841964E1	4.053815277E1
3.332000000E1	1.319578364E1	4.060422557E1
3.336000000E1	1.364053515E1	4.064356159E1
3.340000000E1	1.403954724E1	4.065994060E1
3.344000000E1	1.435670713E1	4.064839190E1
3.348000000E1	1.484215915E1	4.064500946E1
3.352000000E1	1.486241081E1	4.060984815E1
3.356000000E1	1.491667357E1	4.059755944E1
3.360000000E1	1.486685633E1	4.058306930E1
3.364000000E1	1.478122792E1	4.057536066E1
3.368000000E1	1.470327004E1	4.057357243E1
3.372000000E1	1.465916983E1	4.057971235E1
3.376000000E1	1.469474629E1	4.059097282E1
3.380000000E1	1.469866388E1	4.059811786E1
3.384000000E1	1.461665501E1	4.061133434E1
3.388000000E1	1.448646144E1	4.062573858E1
3.392000000E1	1.427973968E1	4.065058645E1
3.396000000E1	1.398390101E1	4.070417489E1
3.400000000E1	1.368168688E1	4.076069342E1
3.404000000E1	1.338655145E1	4.075522620E1
3.408000000E1	1.305648351E1	4.071581412E1
3.412000000E1	1.281500627E1	4.061647274E1
3.416000000E1	1.254861447E1	4.044356408E1
3.420000000E1	1.231748387E1	4.024714129E1
3.424000000E1	1.213768237E1	4.002836897E1
3.428000000E1	1.201037532E1	3.968658286E1
3.432000000E1	1.185336156E1	3.927304548E1
3.436000000E1	1.159690669E1	3.892391294E1
3.440000000E1	1.137574417E1	3.869965796E1
3.444000000E1	1.127604545E1	3.863651919E1
3.448000000E1	1.126963409E1	3.864843977E1
3.452000000E1	1.127719060E1	3.866020761E1
3.456000000E1	1.130043474E1	3.865756341E1
3.460000000E1	1.142543082E1	3.863883503E1
3.464000000E1	1.157833787E1	3.862069895E1
3.468000000E1	1.166895228E1	3.857515601E1
3.472000000E1	1.171288984E1	3.853349586E1
3.476000000E1	1.167255368E1	3.848789547E1
3.480000000E1	1.158470103E1	3.848958648E1
3.484000000E1	1.153493497E1	3.850058593E1
3.488000000E1	1.144797805E1	3.860369029E1
3.492000000E1	1.128401537E1	3.894347085E1
3.496000000E1	1.127975634E1	3.894539435E1
3.500000000E1	1.124654055E1	3.919066221E1
3.504000000E1	1.124829454E1	3.943246470E1
3.508000000E1	1.131048144E1	3.963265302E1
3.512000000E1	1.145439532E1	3.980770470E1
3.516000000E1	1.165957073E1	3.992892016E1
3.520000000E1	1.196584588E1	4.002381837E1
3.524000000E1	1.221131368E1	4.007182654E1
3.528000000E1	1.245110427E1	4.012952747E1
3.532000000E1	1.271345312E1	4.014771762E1
3.536000000E1	1.300864183E1	4.017407214E1
3.540000000E1	1.335194668E1	4.021011213E1
3.544000000E1	1.364583301E1	4.027373255E1
3.548000000E1	1.397024385E1	4.039898634E1
3.552000000E1	1.462831475E1	4.063141343E1
3.556000000E1	1.459968058E1	4.061052461E1
3.560000000E1	1.483966349E1	4.061738464E1
3.564000000E1	1.491863145E1	4.059979852E1
3.568000000E1	1.487489355E1	4.058615644E1
3.572000000E1	1.475516671E1	4.058425303E1
3.576000000E1	1.470210827E1	4.057815662E1
3.580000000E1	1.466981511E1	4.058011860E1
3.584000000E1	1.472049248E1	4.058695415E1
3.588000000E1	1.473222776E1	4.058985894E1
3.592000000E1	1.464929403E1	4.060526907E1
3.596000000E1	1.460811016E1	4.059598080E1
3.600000000E1	1.449290978E1	4.060349660E1
3.604000000E1	1.431017904E1	4.061960793E1
3.608000000E1	1.412899578E1	4.063042442E1
3.612000000E1	1.384291696E1	4.066763770E1
3.616000000E1	1.356207158E1	4.071274537E1
3.620000000E1	1.322436970E1	4.068237682E1
3.624000000E1	1.294860923E1	4.060181510E1
3.628000000E1	1.264445674E1	4.047589592E1
3.632000000E1	1.243077348E1	4.033222586E1
3.636000000E1	1.236445195E1	4.010524757E1
3.640000000E1	1.233279122E1	3.981899598E1
3.644000000E1	1.225083289E1	3.941941616E1
3.648000000E1	1.193542099E1	3.899927005E1
3.652000000E1	1.152085834E1	3.877466962E1
3.656000000E1	1.128125543E1	3.874698655E1
3.660000000E1	1.120594696E1	3.878335347E1
3.664000000E1	1.125867065E1	3.880092305E1
3.668000000E1	1.128834607E1	3.880042139E1
3.672000000E1	1.134179504E1	3.879503636E1
3.676000000E1	1.143697408E1	3.879147801E1
3.680000000E1	1.156699703E1	3.879316997E1
3.684000000E1	1.158207731E1	3.881252070E1
3.688000000E1	1.155462882E1	3.889347157E1
3.692000000E1	1.147267090E1	3.901647241E1
3.696000000E1	1.142028743E1	3.909611284E1
3.700000000E1	1.139313592E1	3.924386982E1
3.704000000E1	1.138405674E1	3.941419435E1
3.708000000E1	1.143494758E1	3.955819353E1
3.712000000E1	1.157125085E1	3.969623388E1
3.716000000E1	1.172443544E1	3.981624138E1
3.720000000E1	1.191055445E1	3.988888255E1
3.724000000E1	1.213284942E1	3.993865402E1
3.728000000E1	1.240947571E1	3.999846742E1
3.732000000E1	1.273013598E1	4.002923952E1
3.736000000E1	1.302751185E1	4.008123445E1
3.740000000E1	1.336327779E1	4.014716759E1
3.744000000E1	1.367310502E1	4.016793860E1
3.748000000E1	1.424987871E1	4.024781982E1
3.752000000E1	1.426099500E1	4.027243330E1
3.756000000E1	1.452357423E1	4.029633648E1
3.760000000E1	1.474135229E1	4.030560522E1
3.764000000E1	1.491436735E1	4.031928571E1
3.768000000E1	1.504170295E1	4.030220379E1
3.772000000E1	1.506476283E1	4.028950394E1
3.776000000E1	1.501012025E1	4.028177995E1
3.780000000E1	1.488401712E1	4.028595687E1
3.784000000E1	1.477022024E1	4.029089496E1
3.788000000E1	1.471859435E1	4.029177030E1
3.792000000E1	1.472062464E1	4.029102339E1
3.796000000E1	1.472394115E1	4.029021735E1
3.800000000E1	1.472292825E1	4.029005595E1
3.804000000E1	1.473170417E1	4.028867514E1
3.808000000E1	1.472231008E1	4.028855133E1
3.812000000E1	1.467604720E1	4.029591771E1
3.816000000E1	1.460493685E1	4.032829428E1
3.820000000E1	1.444065252E1	4.044362081E1
3.824000000E1	1.425291544E1	4.057097962E1
3.828000000E1	1.399011158E1	4.067954192E1
3.832000000E1	1.376587944E1	4.074461912E1
3.836000000E1	1.350438963E1	4.073652676E1
3.840000000E1	1.322283529E1	4.073354241E1
3.844000000E1	1.292366786E1	4.072142930E1
3.848000000E1	1.261316938E1	4.071884031E1
3.852000000E1	1.237700809E1	4.059852193E1
3.856000000E1	1.218458750E1	4.037324575E1
3.860000000E1	1.205062128E1	4.011037179E1
3.864000000E1	1.191705055E1	3.960127391E1
3.868000000E1	1.165996729E1	3.904839148E1
3.872000000E1	1.138945056E1	3.867811222E1
3.876000000E1	1.123477314E1	3.850882635E1
3.880000000E1	1.117535635E1	3.852059390E1
3.884000000E1	1.108480865E1	3.859815373E1
3.888000000E1	1.102659930E1	3.865204680E1
3.892000000E1	1.113250407E1	3.862987886E1
3.896000000E1	1.112947657E1	3.864121090E1
3.900000000E1	1.124654265E1	3.863457563E1
3.904000000E1	1.130289304E1	3.863776649E1
3.908000000E1	1.140137611E1	3.863751311E1
3.912000000E1	1.147052115E1	3.866703565E1
3.916000000E1	1.146027396E1	3.879495221E1
3.920000000E1	1.145198395E1	3.898999761E1
3.924000000E1	1.142071135E1	3.924548565E1
3.928000000E1	1.141679499E1	3.954078337E1
3.932000000E1	1.147398178E1	3.982833246E1
3.936000000E1	1.160686901E1	4.006372576E1
3.940000000E1	1.177460364E1	4.015367205E1
3.944000000E1	1.192973402E1	4.025986548E1
3.948000000E1	1.210342866E1	4.033397470E1
3.952000000E1	1.222040865E1	4.037361547E1
3.956000000E1	1.241740387E1	4.043873830E1
3.960000000E1	1.268234516E1	4.047117167E1
3.964000000E1	1.295784744E1	4.049060311E1
3.968000000E1	1.326233705E1	4.049903809E1
3.972000000E1	1.356691054E1	4.048464410E1
3.976000000E1	1.386361581E1	4.047320796E1
3.980000000E1	1.414990001E1	4.048769906E1
3.984000000E1	1.441461436E1	4.050378213E1
3.988000000E1	1.463368467E1	4.048001000E1
3.992000000E1	1.474398752E1	4.044392328E1
3.996000000E1	1.477834630E1	4.043022094E1
4.000000000E1	1.474256735E1	4.042518019E1
4.004000000E1	1.471600463E1	4.043133002E1
4.008000000E1	1.472242261E1	4.044361053E1
4.012000000E1	1.473284749E1	4.045000809E1
4.016000000E1	1.474723232E1	4.045587657E1
4.020000000E1	1.474010878E1	4.044907210E1
4.024000000E1	1.471517759E1	4.044946506E1
4.028000000E1	1.461978683E1	4.048139145E1
4.032000000E1	1.441710993E1	4.052850785E1
4.036000000E1	1.425876712E1	4.061383662E1
4.040000000E1	1.400696462E1	4.073327799E1
4.044000000E1	1.379119865E1	4.075838699E1
4.048000000E1	1.356535998E1	4.076716576E1
4.052000000E1	1.324018796E1	4.076151873E1
4.056000000E1	1.294831685E1	4.076581533E1
4.060000000E1	1.260849126E1	4.077366917E1
4.064000000E1	1.228602031E1	4.074280105E1
4.068000000E1	1.199817199E1	4.071884531E1
4.072000000E1	1.177007296E1	4.066735735E1
4.076000000E1	1.159824560E1	4.048380146E1
4.080000000E1	1.146475488E1	4.014538187E1
4.084000000E1	1.127522899E1	3.973086599E1
4.088000000E1	1.104023875E1	3.924404653E1
4.092000000E1	1.082765391E1	3.889623907E1
4.096000000E1	1.070799685E1	3.866085448E1
4.100000000E1	1.083074923E1	3.838619888E1
4.104000000E1	1.106235082E1	3.818769145E1
4.108000000E1	1.128761523E1	3.803393265E1
4.112000000E1	1.176906614E1	3.776649312E1
4.116000000E1	1.174311946E1	3.775217250E1
4.120000000E1	1.186190729E1	3.774780175E1
4.124000000E1	1.185752712E1	3.772809350E1
4.128000000E1	1.181844263E1	3.764703062E1
4.132000000E1	1.175075396E1	3.758538414E1
4.136000000E1	1.169548571E1	3.757897176E1
4.140000000E1	1.163639674E1	3.758899434E1
4.144000000E1	1.169140727E1	3.759381957E1
4.148000000E1	1.174770149E1	3.761015743E1
4.152000000E1	1.173005535E1	3.763393262E1
4.156000000E1	1.159101908E1	3.765399400E1
4.160000000E1	1.144267039E1	3.768493351E1
4.164000000E1	1.141477287E1	3.775041017E1
4.168000000E1	1.142801633E1	3.776220294E1
4.172000000E1	1.144319297E1	3.777382895E1
4.176000000E1	1.153904069E1	3.776920671E1
4.180000000E1	1.162028352E1	3.776538762E1
4.184000000E1	1.172569420E1	3.778495339E1
4.188000000E1	1.172558464E1	3.775933266E1
4.192000000E1	1.172773075E1	3.775052161E1
4.196000000E1	1.172743654E1	3.774566648E1
4.200000000E1	1.172672155E1	3.774246862E1
4.204000000E1	1.172592455E1	3.773429172E1
4.208000000E1	1.172456631E1	3.772645185E1
4.212000000E1	1.171923733E1	3.772429395E1
4.216000000E1	1.171431066E1	3.772547875E1
4.220000000E1	1.171155033E1	3.772793375E1
4.224000000E1	1.171955885E1	3.773720615E1
4.228000000E1	1.172341630E1	3.773607271E1
4.232000000E1	1.172595006E1	3.773443961E1
4.236000000E1	1.172499062E1	3.773958204E1
4.240000000E1	1.171749161E1	3.774124734E1
4.244000000E1	1.171981921E1	3.773874730E1
4.248000000E1	1.171660785E1	3.773304785E1
4.252000000E1	1.171630690E1	3.773687160E1
4.256000000E1	1.171765125E1	3.774083735E1
4.260000000E1	1.171921159E1	3.774241990E1
4.264000000E1	1.171430482E1	3.774368913E1
4.268000000E1	1.171967917E1	3.774495110E1
4.272000000E1	1.172116515E1	3.774970156E1
4.276000000E1	1.172010927E1	3.774640149E1
4.280000000E1	1.172325481E1	3.774539863E1
4.284000000E1	1.172585825E1	3.774597192E1
4.288000000E1	1.172680498E1	3.774689091E1
4.292000000E1	1.172803215E1	3.774691214E1
4.296000000E1	1.172904141E1	3.774705808E1
4.300000000E1	1.172927800E1	3.774775161E1
4.304000000E1	1.172797940E1	3.774656701E1
4.308000000E1	1.172786208E1	3.774653562E1
4.312000000E1	1.172680541E1	3.774803849E1
4.316000000E1	1.172642949E1	3.774915006E1
4.320000000E1	1.172517542E1	3.774628465E1
4.324000000E1	1.172598283E1	3.774553809E1
4.328000000E1	1.172471526E1	3.774531215E1
4.332000000E1	1.172377868E1	3.774509886E1
4.336000000E1	1.172369038E1	3.774611061E1
4.340000000E1	1.172581845E1	3.774479450E1
4.344000000E1	1.172278748E1	3.774560145E1
4.348000000E1	1.172519576E1	3.774447258E1
4.352000000E1	1.172591043E1	3.774442488E1
4.356000000E1	1.172634516E1	3.774441942E1
4.360000000E1	1.172573092E1	3.774387308E1
4.364000000E1	1.172435670E1	3.773890802E1
4.368000000E1	1.172579000E1	3.774052524E1
4.372000000E1	1.172615567E1	3.774255212E1
