axel
t	x	y
0.000000000E0	1.442333019E1	3.774142670E1
4.000000000E-2	1.442196997E1	3.773804541E1
8.000000000E-2	1.440600798E1	3.773605019E1
1.200000000E-1	1.438529949E1	3.773525673E1
1.600000000E-1	1.440729759E1	3.773860770E1
2.000000000E-1	1.442100374E1	3.774056466E1
2.400000000E-1	1.442475880E1	3.774113178E1
2.800000000E-1	1.442424042E1	3.774135927E1
3.200000000E-1	1.442394070E1	3.774136469E1
3.600000000E-1	1.442530400E1	3.774073347E1
4.000000000E-1	1.442649437E1	3.774050922E1
4.400000000E-1	1.443117711E1	3.774153916E1
4.800000000E-1	1.443597064E1	3.774334587E1
5.200000000E-1	1.442986657E1	3.774279110E1
5.600000000E-1	1.442685818E1	3.774215992E1
6.000000000E-1	1.442543129E1	3.774228841E1
6.400000000E-1	1.442479795E1	3.774244922E1
6.800000000E-1	1.442406672E1	3.774206120E1
7.200000000E-1	1.442370664E1	3.774188016E1
7.600000000E-1	1.442019866E1	3.774127057E1
8.000000000E-1	1.441611627E1	3.774068745E1
8.400000000E-1	1.442074916E1	3.774167229E1
8.800000000E-1	1.442139474E1	3.774149859E1
9.200000000E-1	1.442187371E1	3.774309116E1
9.600000000E-1	1.442414745E1	3.774263415E1
1.000000000E0	1.442053991E1	3.774252045E1
1.040000000E0	1.442337209E1	3.774248219E1
1.080000000E0	1.449719637E1	3.779208293E1
1.120000000E0	1.456110991E1	3.792524734E1
1.160000000E0	1.463885203E1	3.818098485E1
1.200000000E0	1.464829255E1	3.851440420E1
1.240000000E0	1.462426370E1	3.886169780E1
1.280000000E0	1.464396320E1	3.916045251E1
1.320000000E0	1.472336259E1	3.938411093E1
1.360000000E0	1.503773411E1	3.956760809E1
1.400000000E0	1.544675348E1	3.968211365E1
1.440000000E0	1.590819440E1	3.984401525E1
1.480000000E0	1.633890858E1	3.999706670E1
1.520000000E0	1.670055839E1	4.013013677E1
1.560000000E0	1.696093659E1	4.022042315E1
1.600000000E0	1.712053423E1	4.030342525E1
1.640000000E0	1.712427184E1	4.036848816E1
1.680000000E0	1.708477272E1	4.042992737E1
1.720000000E0	1.697699138E1	4.045888991E1
1.760000000E0	1.681283004E1	4.046474189E1
1.800000000E0	1.663504643E1	4.047022157E1
1.840000000E0	1.641215687E1	4.046705325E1
1.880000000E0	1.622411826E1	4.044633335E1
1.920000000E0	1.600180438E1	4.042200079E1
1.960000000E0	1.586120411E1	4.030111352E1
2.000000000E0	1.569130069E1	4.020602533E1
2.040000000E0	1.535343699E1	4.010800639E1
2.080000000E0	1.515447679E1	3.997948228E1
2.120000000E0	1.501523652E1	3.987654387E1
2.160000000E0	1.496376966E1	3.977854611E1
2.200000000E0	1.506891431E1	3.972459394E1
2.240000000E0	1.510553147E1	3.962546527E1
2.280000000E0	1.518662783E1	3.965123465E1
2.320000000E0	1.526824361E1	3.963666527E1
2.360000000E0	1.532591477E1	3.966183751E1
2.400000000E0	1.532556910E1	3.965893816E1
2.440000000E0	1.529460962E1	3.963488496E1
2.480000000E0	1.533212021E1	3.959795881E1
2.520000000E0	1.536304413E1	3.953206399E1
2.560000000E0	1.544557866E1	3.946386751E1
2.600000000E0	1.558122193E1	3.942102174E1
2.640000000E0	1.556748426E1	3.937851446E1
2.680000000E0	1.545061774E1	3.935028857E1
2.720000000E0	1.531318845E1	3.924910990E1
2.760000000E0	1.514606188E1	3.913363454E1
2.800000000E0	1.504675049E1	3.897304684E1
2.840000000E0	1.500420506E1	3.882809535E1
2.880000000E0	1.497502979E1	3.876758795E1
2.920000000E0	1.500040455E1	3.874590874E1
2.960000000E0	1.501394715E1	3.874866500E1
3.000000000E0	1.501586875E1	3.877544825E1
3.040000000E0	1.502288104E1	3.878695700E1
3.080000000E0	1.502474917E1	3.878924402E1
3.120000000E0	1.502194070E1	3.878231667E1
3.160000000E0	1.501987263E1	3.877910717E1
3.200000000E0	1.502422030E1	3.877576913E1
3.240000000E0	1.502584255E1	3.877758454E1
3.280000000E0	1.501859153E1	3.878864051E1
3.320000000E0	1.501159235E1	3.884523206E1
3.360000000E0	1.503989732E1	3.894384043E1
3.400000000E0	1.519616272E1	3.908969383E1
3.440000000E0	1.544657906E1	3.919656000E1
3.480000000E0	1.577214575E1	3.932641592E1
3.520000000E0	1.610903552E1	3.950498812E1
3.560000000E0	1.645612281E1	3.961933320E1
3.600000000E0	1.689749746E1	3.970138645E1
3.640000000E0	1.724574571E1	3.969816979E1
3.680000000E0	1.753930308E1	3.969077229E1
3.720000000E0	1.777714895E1	3.972657436E1
3.760000000E0	1.774689100E1	3.970821046E1
3.800000000E0	1.772711762E1	3.972921322E1
3.840000000E0	1.759302203E1	3.974085317E1
3.880000000E0	1.737472254E1	3.972692525E1
3.920000000E0	1.711274701E1	3.973908545E1
3.960000000E0	1.681669725E1	3.972632213E1
4.000000000E0	1.654725096E1	3.972900856E1
4.040000000E0	1.624928716E1	3.970760500E1
4.080000000E0	1.576559906E1	3.959493254E1
4.120000000E0	1.577167289E1	3.956409808E1
4.160000000E0	1.549983269E1	3.952138413E1
4.200000000E0	1.533404413E1	3.943668783E1
4.240000000E0	1.518221567E1	3.929395528E1
4.280000000E0	1.505984594E1	3.923222599E1
4.320000000E0	1.509954625E1	3.911277082E1
4.360000000E0	1.528729600E1	3.906289048E1
4.400000000E0	1.545804903E1	3.907587213E1
4.440000000E0	1.551734273E1	3.909911734E1
4.480000000E0	1.548809410E1	3.919461153E1
4.520000000E0	1.545897548E1	3.922202260E1
4.560000000E0	1.535503426E1	3.919700655E1
4.600000000E0	1.529267954E1	3.916698033E1
4.640000000E0	1.532483759E1	3.913054758E1
4.680000000E0	1.534565456E1	3.903523353E1
4.720000000E0	1.533375405E1	3.907707275E1
4.760000000E0	1.546263238E1	3.895742122E1
4.800000000E0	1.558585019E1	3.880310695E1
4.840000000E0	1.560959136E1	3.874793890E1
4.880000000E0	1.562957961E1	3.866114017E1
4.920000000E0	1.556617355E1	3.861434331E1
4.960000000E0	1.547965018E1	3.853279750E1
5.000000000E0	1.529999636E1	3.849047328E1
5.040000000E0	1.518113440E1	3.849887724E1
5.080000000E0	1.518355126E1	3.851603192E1
5.120000000E0	1.518096925E1	3.850401158E1
5.160000000E0	1.521902829E1	3.850411209E1
5.200000000E0	1.525412310E1	3.848408019E1
5.240000000E0	1.531775372E1	3.848689548E1
5.280000000E0	1.532771776E1	3.848966054E1
5.320000000E0	1.534078353E1	3.849430035E1
5.360000000E0	1.532107447E1	3.857548106E1
5.400000000E0	1.532319140E1	3.861476455E1
5.440000000E0	1.535899588E1	3.869469497E1
5.480000000E0	1.547178166E1	3.878149438E1
5.520000000E0	1.566570069E1	3.892574313E1
5.560000000E0	1.593062152E1	3.907347673E1
5.600000000E0	1.627780663E1	3.920853678E1
5.640000000E0	1.666379969E1	3.934882925E1
5.680000000E0	1.704543998E1	3.951473781E1
5.720000000E0	1.739778270E1	3.955039012E1
5.760000000E0	1.770690932E1	3.955278102E1
5.800000000E0	1.789341273E1	3.955137231E1
5.840000000E0	1.801536520E1	3.956520340E1
5.880000000E0	1.799110296E1	3.954332838E1
5.920000000E0	1.754845639E1	3.955492105E1
5.960000000E0	1.756086455E1	3.954234728E1
6.000000000E0	1.725673351E1	3.954653572E1
6.040000000E0	1.695186070E1	3.955543933E1
6.080000000E0	1.666424945E1	3.954494190E1
6.120000000E0	1.640026970E1	3.956988637E1
6.160000000E0	1.615236911E1	3.952614343E1
6.200000000E0	1.592550832E1	3.950646607E1
6.240000000E0	1.580675982E1	3.944393861E1
6.280000000E0	1.564511493E1	3.938493559E1
6.320000000E0	1.558253784E1	3.928467759E1
6.360000000E0	1.554039445E1	3.924292348E1
6.400000000E0	1.547091941E1	3.920861057E1
6.440000000E0	1.545774605E1	3.920211635E1
6.480000000E0	1.547160406E1	3.922438727E1
6.520000000E0	1.551481277E1	3.924201217E1
6.560000000E0	1.555475336E1	3.924267444E1
6.600000000E0	1.561201587E1	3.924484401E1
6.640000000E0	1.560676399E1	3.923859783E1
6.680000000E0	1.561029509E1	3.922997505E1
6.720000000E0	1.561188350E1	3.922427457E1
6.760000000E0	1.561804093E1	3.921750449E1
6.800000000E0	1.562428349E1	3.921015645E1
6.840000000E0	1.562418266E1	3.922253316E1
6.880000000E0	1.562358814E1	3.921684427E1
6.920000000E0	1.561663022E1	3.922878230E1
6.960000000E0	1.561599187E1	3.923229505E1
7.000000000E0	1.560729050E1	3.922403005E1
7.040000000E0	1.559601739E1	3.921542165E1
7.080000000E0	1.558613282E1	3.921095504E1
7.120000000E0	1.559650540E1	3.919145382E1
7.160000000E0	1.560104471E1	3.917452523E1
7.200000000E0	1.564547103E1	3.914886294E1
7.240000000E0	1.563134096E1	3.909464524E1
7.280000000E0	1.563080083E1	3.908236196E1
7.320000000E0	1.562942388E1	3.907724681E1
7.360000000E0	1.564908105E1	3.906617646E1
7.400000000E0	1.568571469E1	3.908679816E1
7.440000000E0	1.570611771E1	3.905993378E1
7.480000000E0	1.576630866E1	3.905971588E1
7.520000000E0	1.578620758E1	3.906820358E1
7.560000000E0	1.580699827E1	3.908204997E1
7.600000000E0	1.584910654E1	3.907834056E1
7.640000000E0	1.593888631E1	3.912085222E1
7.680000000E0	1.602771744E1	3.920388845E1
7.720000000E0	1.621660497E1	3.926094203E1
7.760000000E0	1.640075296E1	3.937162796E1
7.800000000E0	1.666119290E1	3.941043925E1
7.840000000E0	1.684325113E1	3.947498191E1
7.880000000E0	1.726021301E1	3.956899837E1
7.920000000E0	1.726697420E1	3.957456479E1
7.960000000E0	1.741057867E1	3.954545652E1
8.000000000E0	1.751675016E1	3.954181488E1
8.040000000E0	1.756721919E1	3.953984118E1
8.080000000E0	1.752592215E1	3.954153075E1
8.120000000E0	1.743033931E1	3.953712467E1
8.160000000E0	1.727806523E1	3.953774361E1
8.200000000E0	1.711271243E1	3.953338672E1
8.240000000E0	1.687722667E1	3.952635950E1
8.280000000E0	1.660103041E1	3.951051133E1
8.320000000E0	1.649914330E1	3.943336282E1
8.360000000E0	1.627475394E1	3.944069307E1
8.400000000E0	1.605449634E1	3.937686584E1
8.440000000E0	1.589337218E1	3.934787349E1
8.480000000E0	1.572836636E1	3.932128410E1
8.520000000E0	1.560417754E1	3.933003233E1
8.560000000E0	1.559199469E1	3.924650883E1
8.600000000E0	1.561381813E1	3.924025596E1
8.640000000E0	1.563159481E1	3.924256190E1
8.680000000E0	1.569816073E1	3.925101726E1
8.720000000E0	1.573970061E1	3.924423250E1
8.760000000E0	1.574304418E1	3.925905093E1
8.800000000E0	1.574836458E1	3.923683418E1
8.840000000E0	1.573330073E1	3.923058760E1
8.880000000E0	1.575163891E1	3.923321445E1
8.920000000E0	1.576070494E1	3.922522890E1
8.960000000E0	1.577215191E1	3.921838532E1
9.000000000E0	1.588870337E1	3.911314148E1
9.040000000E0	1.592144190E1	3.910967869E1
9.080000000E0	1.593091179E1	3.907619170E1
9.120000000E0	1.591642466E1	3.904643604E1
9.160000000E0	1.590963907E1	3.905718976E1
9.200000000E0	1.588754512E1	3.904638750E1
9.240000000E0	1.588155168E1	3.905775251E1
9.280000000E0	1.591719121E1	3.897941055E1
9.320000000E0	1.590527001E1	3.893504704E1
9.360000000E0	1.582639173E1	3.893952359E1
9.400000000E0	1.576052538E1	3.892382122E1
9.440000000E0	1.568469351E1	3.890364730E1
9.480000000E0	1.563410048E1	3.884149905E1
9.520000000E0	1.559275133E1	3.879739135E1
9.560000000E0	1.557350459E1	3.880227256E1
9.600000000E0	1.560083365E1	3.880686917E1
9.640000000E0	1.561165018E1	3.879833555E1
9.680000000E0	1.559898859E1	3.878241849E1
9.720000000E0	1.558755433E1	3.877526114E1
9.760000000E0	1.554336927E1	3.878970899E1
9.800000000E0	1.548303119E1	3.878527295E1
9.840000000E0	1.548487769E1	3.878491910E1
9.880000000E0	1.548265182E1	3.879087000E1
9.920000000E0	1.548460712E1	3.879080288E1
9.960000000E0	1.548702051E1	3.878932120E1
1.000000000E1	1.548924567E1	3.879448623E1
1.004000000E1	1.548132014E1	3.879226804E1
1.008000000E1	1.547759783E1	3.879108769E1
1.012000000E1	1.548358422E1	3.879080191E1
1.016000000E1	1.548371299E1	3.879119463E1
1.020000000E1	1.548058320E1	3.878943677E1
1.024000000E1	1.547841408E1	3.878916818E1
1.028000000E1	1.547937796E1	3.879042478E1
1.032000000E1	1.548296261E1	3.879239370E1
1.036000000E1	1.565902278E1	3.864742439E1
1.040000000E1	1.567860835E1	3.865132891E1
1.044000000E1	1.577075426E1	3.864214556E1
1.048000000E1	1.582960768E1	3.865172041E1
1.052000000E1	1.593110245E1	3.865572096E1
1.056000000E1	1.598869284E1	3.870061127E1
1.060000000E1	1.597527840E1	3.876127921E1
1.064000000E1	1.604564988E1	3.881124066E1
1.068000000E1	1.611789702E1	3.891316456E1
1.072000000E1	1.626858746E1	3.897864844E1
1.076000000E1	1.641894498E1	3.907854028E1
1.080000000E1	1.669438593E1	3.914146043E1
1.084000000E1	1.697653906E1	3.920741932E1
1.088000000E1	1.729264315E1	3.925963918E1
1.092000000E1	1.761166940E1	3.928993854E1
1.096000000E1	1.796318845E1	3.931116347E1
1.100000000E1	1.793518002E1	3.927361356E1
1.104000000E1	1.798293316E1	3.926054113E1
1.108000000E1	1.803427638E1	3.925753175E1
1.112000000E1	1.794118983E1	3.926164089E1
1.116000000E1	1.776879714E1	3.926032458E1
1.120000000E1	1.758483960E1	3.926641575E1
1.124000000E1	1.736410954E1	3.928869568E1
1.128000000E1	1.714624887E1	3.926676592E1
1.132000000E1	1.692333092E1	3.926225612E1
1.136000000E1	1.668363066E1	3.923560396E1
1.140000000E1	1.645126904E1	3.923272221E1
1.144000000E1	1.627022140E1	3.915764175E1
1.148000000E1	1.607938939E1	3.908394652E1
1.152000000E1	1.584729119E1	3.906615889E1
1.156000000E1	1.569471525E1	3.897760058E1
1.160000000E1	1.561543471E1	3.889601583E1
1.164000000E1	1.565632541E1	3.892078118E1
1.168000000E1	1.577675593E1	3.893888702E1
1.172000000E1	1.584461039E1	3.895779902E1
1.176000000E1	1.590398941E1	3.896063521E1
1.180000000E1	1.589876952E1	3.895465996E1
1.184000000E1	1.591694327E1	3.894080738E1
1.188000000E1	1.592207864E1	3.893004004E1
1.192000000E1	1.595866281E1	3.891195547E1
1.196000000E1	1.615453013E1	3.881337842E1
1.200000000E1	1.613325029E1	3.881070838E1
1.204000000E1	1.611264201E1	3.878296001E1
1.208000000E1	1.600419476E1	3.876334229E1
1.212000000E1	1.594764506E1	3.870161985E1
1.216000000E1	1.585199648E1	3.866359348E1
1.220000000E1	1.581686685E1	3.865135782E1
1.224000000E1	1.584846969E1	3.865175369E1
1.228000000E1	1.590290673E1	3.863687273E1
1.232000000E1	1.595824075E1	3.864290354E1
1.236000000E1	1.594196242E1	3.864000946E1
1.240000000E1	1.595086740E1	3.864266614E1
1.244000000E1	1.594847122E1	3.864638845E1
1.248000000E1	1.594476291E1	3.864872350E1
1.252000000E1	1.595273869E1	3.864894969E1
1.256000000E1	1.595694256E1	3.864804691E1
1.260000000E1	1.595940286E1	3.864923304E1
1.264000000E1	1.595917390E1	3.864860305E1
1.268000000E1	1.595542850E1	3.864603779E1
1.272000000E1	1.595384652E1	3.864575398E1
1.276000000E1	1.595152329E1	3.864572314E1
1.280000000E1	1.594522792E1	3.864650940E1
1.284000000E1	1.594720186E1	3.864481268E1
1.288000000E1	1.595254679E1	3.864455604E1
1.292000000E1	1.595369345E1	3.864616901E1
1.296000000E1	1.594508109E1	3.864204345E1
1.300000000E1	1.595245204E1	3.864342534E1
1.304000000E1	1.595646567E1	3.864534833E1
1.308000000E1	1.595956658E1	3.864736212E1
1.312000000E1	1.596862806E1	3.865230129E1
1.316000000E1	1.597636951E1	3.865626962E1
1.320000000E1	1.602681244E1	3.866285546E1
1.324000000E1	1.606675677E1	3.864500717E1
1.328000000E1	1.611973269E1	3.865135840E1
1.332000000E1	1.621662918E1	3.864209965E1
1.336000000E1	1.630504384E1	3.863927445E1
1.340000000E1	1.639989410E1	3.858135856E1
1.344000000E1	1.652922290E1	3.857892116E1
1.348000000E1	1.670712033E1	3.863778177E1
1.352000000E1	1.690510084E1	3.878857003E1
1.356000000E1	1.717242543E1	3.893961352E1
1.360000000E1	1.756333153E1	3.906449994E1
1.364000000E1	1.791572951E1	3.919531371E1
1.368000000E1	1.825913925E1	3.934545153E1
1.372000000E1	1.857115596E1	3.941752949E1
1.376000000E1	1.878607234E1	3.941037270E1
1.380000000E1	1.891800123E1	3.939758259E1
1.384000000E1	1.890460595E1	3.938859434E1
1.388000000E1	1.875729026E1	3.938473355E1
1.392000000E1	1.846797039E1	3.939453086E1
1.396000000E1	1.815084560E1	3.940685718E1
1.400000000E1	1.788167386E1	3.941589210E1
1.404000000E1	1.760614504E1	3.940608569E1
1.408000000E1	1.734503613E1	3.940512211E1
1.412000000E1	1.713466361E1	3.938073472E1
1.416000000E1	1.691916294E1	3.937324415E1
1.420000000E1	1.669591440E1	3.930024400E1
1.424000000E1	1.670155408E1	3.925479897E1
1.428000000E1	1.660298119E1	3.923932730E1
1.432000000E1	1.655038177E1	3.922954374E1
1.436000000E1	1.653175260E1	3.922216642E1
1.440000000E1	1.648490826E1	3.920703689E1
1.444000000E1	1.649137184E1	3.917845644E1
1.448000000E1	1.656359991E1	3.915776551E1
1.452000000E1	1.656385582E1	3.910515666E1
1.456000000E1	1.656152658E1	3.910013237E1
1.460000000E1	1.655479564E1	3.908942090E1
1.464000000E1	1.653321333E1	3.906671753E1
1.468000000E1	1.649633457E1	3.903529115E1
1.472000000E1	1.646051773E1	3.907459207E1
1.476000000E1	1.640789827E1	3.907131499E1
1.480000000E1	1.639729536E1	3.907664370E1
1.484000000E1	1.640311156E1	3.908228495E1
1.488000000E1	1.640606748E1	3.908199735E1
1.492000000E1	1.640492978E1	3.908926686E1
1.496000000E1	1.640402096E1	3.908848500E1
1.500000000E1	1.640976148E1	3.908761232E1
1.504000000E1	1.641230375E1	3.908678145E1
1.508000000E1	1.641434790E1	3.908577189E1
1.512000000E1	1.641215829E1	3.908642079E1
1.516000000E1	1.641093395E1	3.908637293E1
1.520000000E1	1.641144342E1	3.909124047E1
1.524000000E1	1.641097214E1	3.909346815E1
1.528000000E1	1.641055389E1	3.909499605E1
1.532000000E1	1.641047805E1	3.909574322E1
1.536000000E1	1.640710916E1	3.909567928E1
1.540000000E1	1.640377736E1	3.909482151E1
1.544000000E1	1.639996786E1	3.909433179E1
1.548000000E1	1.639628666E1	3.909392136E1
1.552000000E1	1.639622866E1	3.909417882E1
1.556000000E1	1.639584264E1	3.909417954E1
1.560000000E1	1.639520539E1	3.909536742E1
1.564000000E1	1.640421505E1	3.909563253E1
1.568000000E1	1.640358275E1	3.909506580E1
1.572000000E1	1.640408645E1	3.909493275E1
1.576000000E1	1.640594311E1	3.909545519E1
1.580000000E1	1.640897351E1	3.909612432E1
1.584000000E1	1.641417642E1	3.909653305E1
1.588000000E1	1.644789864E1	3.909339159E1
1.592000000E1	1.654248498E1	3.906272224E1
1.596000000E1	1.664961180E1	3.904749281E1
1.600000000E1	1.677280964E1	3.909703309E1
1.604000000E1	1.687561209E1	3.913410521E1
1.608000000E1	1.698076950E1	3.921840037E1
1.612000000E1	1.717860036E1	3.935000541E1
1.616000000E1	1.747921217E1	3.941969401E1
1.620000000E1	1.781784208E1	3.945663884E1
1.624000000E1	1.808009120E1	3.952797521E1
1.628000000E1	1.838071434E1	3.960190297E1
1.632000000E1	1.865801530E1	3.957225842E1
1.636000000E1	1.884192525E1	3.956532632E1
1.640000000E1	1.892914043E1	3.954941844E1
1.644000000E1	1.889438720E1	3.954078979E1
1.648000000E1	1.874608096E1	3.953651125E1
1.652000000E1	1.851437959E1	3.954408535E1
1.656000000E1	1.828593503E1	3.954137830E1
1.660000000E1	1.807965268E1	3.955132030E1
1.664000000E1	1.786205008E1	3.954467806E1
1.668000000E1	1.769702163E1	3.953765489E1
1.672000000E1	1.758359423E1	3.953662722E1
1.676000000E1	1.739908861E1	3.950029431E1
1.680000000E1	1.720986012E1	3.949975556E1
1.684000000E1	1.700177875E1	3.948113190E1
1.688000000E1	1.681833531E1	3.950377728E1
1.692000000E1	1.665963142E1	3.950409839E1
1.696000000E1	1.657573413E1	3.945932498E1
1.700000000E1	1.651639961E1	3.935108921E1
1.704000000E1	1.654415689E1	3.935523940E1
1.708000000E1	1.657256377E1	3.937251312E1
1.712000000E1	1.666067782E1	3.936594918E1
1.716000000E1	1.676401709E1	3.937916323E1
1.720000000E1	1.672877166E1	3.939029426E1
1.724000000E1	1.670696802E1	3.938807285E1
1.728000000E1	1.664805721E1	3.937858894E1
1.732000000E1	1.659188018E1	3.939148573E1
1.736000000E1	1.657777046E1	3.939412980E1
1.740000000E1	1.657959716E1	3.939499939E1
1.744000000E1	1.657438115E1	3.939296432E1
1.748000000E1	1.657026026E1	3.939124471E1
1.752000000E1	1.656060785E1	3.939090324E1
1.756000000E1	1.655487632E1	3.938974491E1
1.760000000E1	1.654440581E1	3.938911699E1
1.764000000E1	1.654927983E1	3.939150679E1
1.768000000E1	1.654528682E1	3.939032419E1
1.772000000E1	1.655494146E1	3.939465950E1
1.776000000E1	1.655179279E1	3.939297731E1
1.780000000E1	1.654920084E1	3.939153068E1
1.784000000E1	1.654528761E1	3.939070322E1
1.788000000E1	1.655176464E1	3.939301417E1
1.792000000E1	1.655514949E1	3.939445374E1
1.796000000E1	1.655657774E1	3.939508404E1
1.800000000E1	1.655779470E1	3.939546137E1
1.804000000E1	1.656154649E1	3.939700429E1
1.808000000E1	1.656417938E1	3.939731854E1
1.812000000E1	1.659435041E1	3.939307464E1
1.816000000E1	1.667870158E1	3.933964181E1
1.820000000E1	1.684865492E1	3.926925540E1
1.824000000E1	1.691317674E1	3.926574853E1
1.828000000E1	1.700628631E1	3.927129371E1
1.832000000E1	1.710653159E1	3.937719154E1
1.836000000E1	1.730333084E1	3.949337426E1
1.840000000E1	1.756139369E1	3.963338073E1
1.844000000E1	1.791678038E1	3.972404177E1
1.848000000E1	1.821841286E1	3.982333850E1
1.852000000E1	1.857329452E1	3.989161886E1
1.856000000E1	1.887056493E1	3.988123891E1
1.860000000E1	1.909166612E1	3.984397692E1
1.864000000E1	1.920704817E1	3.982639126E1
1.868000000E1	1.922888211E1	3.981842213E1
1.872000000E1	1.910721143E1	3.982580471E1
1.876000000E1	1.894007192E1	3.983375242E1
1.880000000E1	1.877055264E1	3.983616665E1
1.884000000E1	1.864105829E1	3.984120120E1
1.888000000E1	1.850018503E1	3.984235732E1
1.892000000E1	1.835934216E1	3.984385508E1
1.896000000E1	1.820749386E1	3.984395788E1
1.900000000E1	1.805085602E1	3.984063857E1
1.904000000E1	1.791706803E1	3.983553082E1
1.908000000E1	1.776036753E1	3.981133315E1
1.912000000E1	1.761565715E1	3.979542606E1
1.916000000E1	1.745948412E1	3.978223040E1
1.920000000E1	1.730652197E1	3.977421492E1
1.924000000E1	1.717717847E1	3.974768172E1
1.928000000E1	1.700339852E1	3.969531081E1
1.932000000E1	1.685503484E1	3.967162295E1
1.936000000E1	1.732538497E1	3.994886562E1
1.940000000E1	1.724000785E1	3.995895999E1
1.944000000E1	1.727465470E1	3.998055884E1
1.948000000E1	1.731632131E1	3.999313622E1
1.952000000E1	1.736008336E1	3.999905067E1
1.956000000E1	1.738417150E1	3.998841982E1
1.960000000E1	1.733801539E1	3.999842326E1
1.964000000E1	1.637283177E1	3.938747651E1
1.968000000E1	1.636162449E1	3.938616818E1
1.972000000E1	1.634896103E1	3.938702195E1
1.976000000E1	1.636460990E1	3.939075026E1
1.980000000E1	1.637123906E1	3.939224473E1
1.984000000E1	1.637371678E1	3.939125109E1
1.988000000E1	1.637838425E1	3.939284137E1
1.992000000E1	1.637752289E1	3.939514907E1
1.996000000E1	1.637485327E1	3.939491116E1
2.000000000E1	1.637152964E1	3.939423163E1
2.004000000E1	1.637178315E1	3.939164093E1
2.008000000E1	1.637199793E1	3.938994907E1
2.012000000E1	1.637248834E1	3.938946201E1
2.016000000E1	1.637261466E1	3.938895821E1
2.020000000E1	1.637180417E1	3.938874452E1
2.024000000E1	1.637132701E1	3.938878208E1
2.028000000E1	1.637000763E1	3.938729961E1
2.032000000E1	1.607333430E1	3.953762068E1
2.036000000E1	1.607224222E1	3.953737281E1
2.040000000E1	1.606964673E1	3.953771720E1
2.044000000E1	1.607089374E1	3.953679135E1
2.048000000E1	1.607189653E1	3.953707589E1
2.052000000E1	1.606892079E1	3.953607876E1
2.056000000E1	1.606602459E1	3.953531213E1
2.060000000E1	1.606786502E1	3.953542151E1
2.064000000E1	1.606955951E1	3.953598347E1
2.068000000E1	1.607078352E1	3.953642553E1
2.072000000E1	1.606999670E1	3.953610540E1
2.076000000E1	1.607034624E1	3.953656316E1
2.080000000E1	1.607117232E1	3.953721009E1
2.084000000E1	1.607162322E1	3.953662867E1
2.088000000E1	1.607249882E1	3.953698642E1
2.092000000E1	1.607289151E1	3.953683077E1
2.096000000E1	1.607288107E1	3.953687608E1
2.100000000E1	1.607445758E1	3.953819315E1
2.104000000E1	1.607401188E1	3.953800417E1
2.108000000E1	1.607383227E1	3.953790704E1
2.112000000E1	1.607039529E1	3.953566852E1
2.116000000E1	1.607430527E1	3.953790376E1
2.120000000E1	1.607338343E1	3.953752221E1
2.124000000E1	1.607292616E1	3.953722781E1
2.128000000E1	1.607193124E1	3.953591785E1
2.132000000E1	1.607280067E1	3.953672266E1
2.136000000E1	1.607309681E1	3.953716164E1
2.140000000E1	1.607322197E1	3.953736953E1
2.144000000E1	1.607314511E1	3.953754321E1
2.148000000E1	1.607338651E1	3.953772753E1
2.152000000E1	1.607280127E1	3.953768691E1
2.156000000E1	1.607284864E1	3.953808969E1
2.160000000E1	1.607051272E1	3.953688138E1
2.164000000E1	1.606796794E1	3.953588728E1
2.168000000E1	1.607130028E1	3.953803679E1
2.172000000E1	1.607334838E1	3.953823658E1
2.176000000E1	1.607513349E1	3.953785690E1
2.180000000E1	1.608243337E1	3.954065070E1
2.184000000E1	1.608495014E1	3.954000990E1
2.188000000E1	1.611746745E1	3.953638007E1
2.192000000E1	1.620555449E1	3.951277645E1
2.196000000E1	1.629676191E1	3.952662111E1
2.200000000E1	1.637707713E1	3.953258140E1
2.204000000E1	1.643093893E1	3.954752636E1
2.208000000E1	1.649797396E1	3.955535081E1
2.212000000E1	1.653433870E1	3.967066365E1
2.216000000E1	1.665501525E1	3.978515300E1
2.220000000E1	1.690829198E1	3.985335384E1
2.224000000E1	1.724577595E1	3.989523153E1
2.228000000E1	1.755426759E1	3.987128385E1
2.232000000E1	1.776096197E1	3.985852958E1
2.236000000E1	1.785369888E1	3.983684817E1
2.240000000E1	1.785813555E1	3.983571174E1
2.244000000E1	1.775031895E1	3.983485222E1
2.248000000E1	1.760541591E1	3.983522156E1
2.252000000E1	1.755166541E1	3.983267464E1
2.256000000E1	1.752276248E1	3.983281458E1
2.260000000E1	1.757064123E1	3.984283546E1
2.264000000E1	1.771280102E1	3.985790338E1
2.268000000E1	1.787387941E1	3.988370139E1
2.272000000E1	1.802011155E1	3.989203832E1
2.276000000E1	1.804845690E1	3.988456624E1
2.280000000E1	1.795122597E1	3.984607619E1
2.284000000E1	1.778014568E1	3.984541771E1
2.288000000E1	1.756262699E1	3.983270963E1
2.292000000E1	1.738548045E1	3.983314242E1
2.296000000E1	1.719599213E1	3.983980921E1
2.300000000E1	1.699245206E1	3.983951239E1
2.304000000E1	1.681665066E1	3.982936311E1
2.308000000E1	1.662085875E1	3.979133533E1
2.312000000E1	1.648651446E1	3.968845273E1
2.316000000E1	1.637426991E1	3.960851686E1
2.320000000E1	1.622850176E1	3.953283358E1
2.324000000E1	1.621336333E1	3.951629957E1
2.328000000E1	1.622275081E1	3.951229718E1
2.332000000E1	1.622366563E1	3.952187247E1
2.336000000E1	1.622635117E1	3.951694375E1
2.340000000E1	1.623210065E1	3.950885720E1
2.344000000E1	1.624869530E1	3.951836178E1
2.348000000E1	1.624352914E1	3.952683757E1
2.352000000E1	1.623390599E1	3.953470471E1
2.356000000E1	1.622946753E1	3.953898320E1
2.360000000E1	1.622466868E1	3.953883121E1
2.364000000E1	1.622217383E1	3.953863815E1
2.368000000E1	1.621653226E1	3.953424912E1
2.372000000E1	1.621299273E1	3.953154800E1
2.376000000E1	1.621875789E1	3.953673616E1
2.380000000E1	1.622016315E1	3.953728400E1
2.384000000E1	1.621155504E1	3.954320414E1
2.388000000E1	1.621640137E1	3.954073558E1
2.392000000E1	1.621571436E1	3.953806816E1
2.396000000E1	1.621453149E1	3.953645680E1
2.400000000E1	1.622089296E1	3.953714462E1
2.404000000E1	1.621628892E1	3.953612600E1
2.408000000E1	1.621076601E1	3.953501842E1
2.412000000E1	1.621549408E1	3.953578320E1
2.416000000E1	1.621798988E1	3.953628553E1
2.420000000E1	1.620743850E1	3.953717164E1
2.424000000E1	1.620770325E1	3.953523528E1
2.428000000E1	1.621235954E1	3.953623485E1
2.432000000E1	1.621894655E1	3.954242515E1
2.436000000E1	1.621320647E1	3.953787583E1
2.440000000E1	1.621392844E1	3.953703282E1
2.444000000E1	1.621176376E1	3.953583463E1
2.448000000E1	1.621066687E1	3.953599449E1
2.452000000E1	1.621448823E1	3.953246291E1
2.456000000E1	1.621618092E1	3.952910724E1
2.460000000E1	1.624579813E1	3.950585312E1
2.464000000E1	1.637605195E1	3.941247272E1
2.468000000E1	1.637773958E1	3.937713261E1
2.472000000E1	1.637446915E1	3.936873043E1
2.476000000E1	1.637540468E1	3.938314918E1
2.480000000E1	1.640919910E1	3.941049967E1
2.484000000E1	1.652591732E1	3.952042607E1
2.488000000E1	1.673255655E1	3.964496681E1
2.492000000E1	1.728497538E1	3.975597663E1
2.496000000E1	1.727545923E1	3.972005754E1
2.500000000E1	1.755913983E1	3.974043953E1
2.504000000E1	1.775793081E1	3.979045623E1
2.508000000E1	1.798451931E1	3.977568063E1
2.512000000E1	1.815982660E1	3.982504656E1
2.516000000E1	1.824064538E1	3.984903402E1
2.520000000E1	1.817551851E1	3.983859921E1
2.524000000E1	1.803161074E1	3.984561953E1
2.528000000E1	1.783247677E1	3.984455985E1
2.532000000E1	1.758270298E1	3.984647301E1
2.536000000E1	1.731223771E1	3.985478195E1
2.540000000E1	1.708936501E1	3.984586966E1
2.544000000E1	1.684203339E1	3.984731078E1
2.548000000E1	1.659329552E1	3.983214531E1
2.552000000E1	1.637153721E1	3.983047407E1
2.556000000E1	1.622064386E1	3.981214550E1
2.560000000E1	1.607621194E1	3.973092373E1
2.564000000E1	1.607328006E1	3.969539787E1
2.568000000E1	1.609996119E1	3.969100624E1
2.572000000E1	1.612365483E1	3.965404358E1
2.576000000E1	1.621998084E1	3.958589342E1
2.580000000E1	1.623711756E1	3.954285129E1
2.584000000E1	1.622838712E1	3.953476106E1
2.588000000E1	1.622382566E1	3.953426422E1
2.592000000E1	1.622257364E1	3.953224951E1
2.596000000E1	1.622157949E1	3.953091527E1
2.600000000E1	1.621299327E1	3.950651184E1
2.604000000E1	1.621718191E1	3.952123961E1
2.608000000E1	1.621978527E1	3.952716304E1
2.612000000E1	1.621361777E1	3.951312959E1
2.616000000E1	1.621680495E1	3.951731716E1
2.620000000E1	1.621099408E1	3.952328590E1
2.624000000E1	1.620563046E1	3.952643499E1
2.628000000E1	1.619407240E1	3.952791328E1
2.632000000E1	1.619657790E1	3.952844187E1
2.636000000E1	1.619562675E1	3.952738442E1
2.640000000E1	1.621194395E1	3.953309121E1
2.644000000E1	1.621823549E1	3.953420322E1
2.648000000E1	1.622317655E1	3.953418967E1
2.652000000E1	1.622392744E1	3.953463629E1
2.656000000E1	1.622682094E1	3.953276563E1
2.660000000E1	1.622679323E1	3.953186567E1
2.664000000E1	1.622917791E1	3.953400181E1
2.668000000E1	1.623288616E1	3.952875393E1
2.672000000E1	1.623875786E1	3.952686949E1
2.676000000E1	1.625203200E1	3.951706021E1
2.680000000E1	1.635089143E1	3.942236956E1
2.684000000E1	1.634077902E1	3.938238695E1
2.688000000E1	1.635281596E1	3.937386458E1
2.692000000E1	1.639332277E1	3.943198574E1
2.696000000E1	1.679669000E1	3.961354625E1
2.700000000E1	1.681169637E1	3.965025465E1
2.704000000E1	1.716071365E1	3.971576382E1
2.708000000E1	1.745499540E1	3.976564793E1
2.712000000E1	1.777736503E1	3.984877881E1
2.716000000E1	1.806155691E1	3.986668747E1
2.720000000E1	1.830927065E1	3.985657515E1
2.724000000E1	1.846218778E1	3.985718942E1
2.728000000E1	1.847523963E1	3.986996157E1
2.732000000E1	1.834306865E1	3.987199319E1
2.736000000E1	1.814873084E1	3.984860545E1
2.740000000E1	1.787676744E1	3.984651876E1
2.744000000E1	1.759026464E1	3.984933046E1
2.748000000E1	1.730052740E1	3.985317565E1
2.752000000E1	1.683764197E1	3.987341447E1
2.756000000E1	1.683250965E1	3.985331595E1
2.760000000E1	1.657920015E1	3.985673558E1
2.764000000E1	1.637275328E1	3.984789628E1
2.768000000E1	1.618954312E1	3.983783906E1
2.772000000E1	1.605492009E1	3.983467873E1
2.776000000E1	1.594278096E1	3.982950136E1
2.780000000E1	1.593384640E1	3.980886486E1
2.784000000E1	1.606336034E1	3.973830337E1
2.788000000E1	1.612249993E1	3.969880968E1
2.792000000E1	1.618453686E1	3.966892016E1
2.796000000E1	1.622230312E1	3.968274415E1
2.800000000E1	1.622715415E1	3.968690912E1
2.804000000E1	1.622588677E1	3.968728758E1
2.808000000E1	1.623357177E1	3.969457599E1
2.812000000E1	1.622429509E1	3.968296292E1
2.816000000E1	1.622518440E1	3.968386122E1
2.820000000E1	1.622615933E1	3.968342767E1
2.824000000E1	1.622524054E1	3.968182429E1
2.828000000E1	1.623121550E1	3.968664628E1
2.832000000E1	1.622669546E1	3.968358605E1
2.836000000E1	1.622074125E1	3.968440856E1
2.840000000E1	1.621569535E1	3.968444177E1
2.844000000E1	1.621002839E1	3.968240640E1
2.848000000E1	1.620645490E1	3.968159338E1
2.852000000E1	1.620536669E1	3.968127156E1
2.856000000E1	1.620420258E1	3.968086982E1
2.860000000E1	1.621062947E1	3.968162977E1
2.864000000E1	1.621383883E1	3.968202183E1
2.868000000E1	1.621189007E1	3.968173742E1
2.872000000E1	1.621823511E1	3.967849186E1
2.876000000E1	1.624714909E1	3.967552943E1
2.880000000E1	1.634382872E1	3.964692958E1
2.884000000E1	1.639994742E1	3.965384959E1
2.888000000E1	1.653451491E1	3.960439271E1
2.892000000E1	1.655696696E1	3.957062833E1
2.896000000E1	1.663211587E1	3.955542222E1
2.900000000E1	1.671419009E1	3.966465546E1
2.904000000E1	1.696193221E1	3.969752437E1
2.908000000E1	1.724068229E1	3.976254129E1
2.912000000E1	1.758415550E1	3.986637299E1
2.916000000E1	1.789915391E1	3.990063411E1
2.920000000E1	1.815894599E1	3.991918420E1
2.924000000E1	1.836803284E1	3.999431206E1
2.928000000E1	1.848012414E1	4.000943195E1
2.932000000E1	1.850555869E1	4.002129054E1
2.936000000E1	1.820615957E1	4.003616818E1
2.940000000E1	1.818834378E1	4.000124627E1
2.944000000E1	1.791701175E1	4.000065172E1
2.948000000E1	1.759930440E1	3.999949324E1
2.952000000E1	1.728015803E1	3.998827151E1
2.956000000E1	1.699166980E1	3.998866830E1
2.960000000E1	1.670471598E1	3.997514179E1
2.964000000E1	1.645571653E1	3.993619990E1
2.968000000E1	1.630931120E1	3.993879827E1
2.972000000E1	1.620371009E1	3.996203225E1
2.976000000E1	1.608200100E1	3.990456417E1
2.980000000E1	1.607679054E1	3.987665217E1
2.984000000E1	1.605866050E1	3.982101044E1
2.988000000E1	1.608482831E1	3.975719493E1
2.992000000E1	1.609572431E1	3.970878317E1
2.996000000E1	1.612545132E1	3.970077266E1
3.000000000E1	1.618924361E1	3.968572247E1
3.004000000E1	1.622496332E1	3.969213169E1
3.008000000E1	1.622395773E1	3.968834027E1
3.012000000E1	1.622346212E1	3.968622140E1
3.016000000E1	1.622313200E1	3.968463562E1
3.020000000E1	1.622224043E1	3.967401001E1
3.024000000E1	1.622334512E1	3.967071602E1
3.028000000E1	1.621620466E1	3.966154737E1
3.032000000E1	1.621930304E1	3.967100135E1
3.036000000E1	1.621802578E1	3.966894411E1
3.040000000E1	1.621686831E1	3.966646487E1
3.044000000E1	1.622223546E1	3.965782567E1
3.048000000E1	1.622903320E1	3.965344861E1
3.052000000E1	1.622560789E1	3.965562003E1
3.056000000E1	1.622313562E1	3.965951313E1
3.060000000E1	1.621809112E1	3.967454580E1
3.064000000E1	1.621220804E1	3.967901055E1
3.068000000E1	1.621357432E1	3.968107927E1
3.072000000E1	1.619837962E1	3.967403300E1
3.076000000E1	1.621016643E1	3.967681967E1
3.080000000E1	1.621618288E1	3.967941825E1
3.084000000E1	1.622160549E1	3.968152331E1
3.088000000E1	1.622276093E1	3.968176229E1
3.092000000E1	1.622719163E1	3.968324691E1
3.096000000E1	1.623148913E1	3.968390440E1
3.100000000E1	1.622356729E1	3.968329486E1
3.104000000E1	1.622426082E1	3.968539259E1
3.108000000E1	1.622937372E1	3.968660138E1
3.112000000E1	1.622442078E1	3.969081701E1
3.116000000E1	1.624593621E1	3.971865401E1
3.120000000E1	1.636556996E1	3.979533321E1
3.124000000E1	1.661016078E1	3.984337788E1
3.128000000E1	1.687477511E1	3.997794198E1
3.132000000E1	1.721695775E1	4.002828978E1
3.136000000E1	1.752208875E1	4.008643362E1
3.140000000E1	1.786193202E1	4.015214420E1
3.144000000E1	1.817761710E1	4.021699585E1
3.148000000E1	1.817422361E1	4.025121475E1
3.152000000E1	1.817622439E1	4.028710687E1
3.156000000E1	1.806143772E1	4.030096372E1
3.160000000E1	1.787685344E1	4.028841691E1
3.164000000E1	1.768091727E1	4.028053403E1
3.168000000E1	1.745879464E1	4.028518503E1
3.172000000E1	1.723835173E1	4.028151048E1
3.176000000E1	1.700103849E1	4.027621423E1
3.180000000E1	1.677769157E1	4.022710001E1
3.184000000E1	1.654994283E1	4.021986886E1
3.188000000E1	1.637520907E1	4.018007517E1
3.192000000E1	1.618415482E1	4.012968572E1
3.196000000E1	1.605763415E1	4.009333640E1
3.200000000E1	1.607326337E1	3.998773741E1
3.204000000E1	1.607092932E1	3.993696487E1
3.208000000E1	1.607721274E1	3.992148382E1
3.212000000E1	1.617217035E1	3.986875110E1
3.216000000E1	1.622349107E1	3.985128177E1
3.220000000E1	1.623219644E1	3.985335724E1
3.224000000E1	1.624376376E1	3.986439899E1
3.228000000E1	1.623492626E1	3.985127041E1
3.232000000E1	1.622827006E1	3.984365243E1
3.236000000E1	1.622439214E1	3.983913634E1
3.240000000E1	1.622310491E1	3.983542210E1
3.244000000E1	1.622161285E1	3.983344292E1
3.248000000E1	1.622552152E1	3.983314055E1
3.252000000E1	1.622423601E1	3.983529770E1
3.256000000E1	1.622388202E1	3.983605601E1
3.260000000E1	1.621946018E1	3.983472753E1
3.264000000E1	1.621485921E1	3.983341213E1
3.268000000E1	1.620700982E1	3.983003615E1
3.272000000E1	1.621070982E1	3.983191231E1
3.276000000E1	1.621282437E1	3.983270517E1
3.280000000E1	1.621386224E1	3.983308475E1
3.284000000E1	1.621781730E1	3.983392359E1
3.288000000E1	1.622047280E1	3.983571337E1
3.292000000E1	1.622027654E1	3.983518935E1
3.296000000E1	1.621982361E1	3.983473582E1
3.300000000E1	1.621550401E1	3.983419321E1
3.304000000E1	1.621990600E1	3.983606463E1
3.308000000E1	1.622191428E1	3.983699944E1
3.312000000E1	1.622410699E1	3.983748022E1
3.316000000E1	1.622583637E1	3.983790141E1
3.320000000E1	1.622513656E1	3.983783561E1
3.324000000E1	1.623073253E1	3.984154211E1
3.328000000E1	1.623419231E1	3.984174456E1
3.332000000E1	1.623967193E1	3.984218087E1
3.336000000E1	1.623712717E1	3.984021707E1
3.340000000E1	1.624717728E1	3.984027042E1
3.344000000E1	1.631557212E1	3.980923806E1
3.348000000E1	1.639455648E1	3.980739098E1
3.352000000E1	1.649207093E1	3.976606666E1
3.356000000E1	1.662960153E1	3.981875298E1
3.360000000E1	1.681115345E1	3.986456413E1
3.364000000E1	1.698260625E1	3.998639674E1
3.368000000E1	1.724243660E1	4.012542171E1
3.372000000E1	1.757750512E1	4.023238949E1
3.376000000E1	1.792389358E1	4.031190035E1
3.380000000E1	1.824285505E1	4.033970884E1
3.384000000E1	1.846613306E1	4.032159020E1
3.388000000E1	1.864014830E1	4.030483987E1
3.392000000E1	1.866080446E1	4.029510005E1
3.396000000E1	1.853640411E1	4.028631663E1
3.400000000E1	1.830954884E1	4.027557279E1
3.404000000E1	1.801005229E1	4.027634046E1
3.408000000E1	1.770118436E1	4.027398340E1
3.412000000E1	1.742214663E1	4.028231008E1
3.416000000E1	1.716070041E1	4.028518319E1
3.420000000E1	1.694965814E1	4.027638441E1
3.424000000E1	1.675877323E1	4.025131586E1
3.428000000E1	1.661045683E1	4.023068236E1
3.432000000E1	1.649457854E1	4.012486203E1
3.436000000E1	1.638872354E1	4.002777710E1
3.440000000E1	1.627853091E1	3.998133821E1
3.444000000E1	1.622973318E1	3.995901450E1
3.448000000E1	1.626098151E1	3.995672981E1
3.452000000E1	1.634924318E1	3.994295191E1
3.456000000E1	1.640513292E1	3.997336818E1
3.460000000E1	1.642203486E1	3.998482828E1
3.464000000E1	1.637860430E1	3.998203895E1
3.468000000E1	1.636019697E1	3.997762208E1
3.472000000E1	1.633287348E1	3.997328366E1
3.476000000E1	1.632991902E1	3.997125492E1
3.480000000E1	1.634468919E1	3.997521422E1
3.484000000E1	1.636053957E1	3.998000407E1
3.488000000E1	1.636692927E1	3.998319741E1
3.492000000E1	1.636915942E1	3.998357405E1
3.496000000E1	1.636574536E1	3.998278127E1
3.500000000E1	1.636474972E1	3.998494061E1
3.504000000E1	1.636579586E1	3.998494833E1
3.508000000E1	1.637042608E1	3.998622329E1
3.512000000E1	1.637170965E1	3.998675138E1
3.516000000E1	1.637283022E1	3.998734477E1
3.520000000E1	1.637327360E1	3.998700019E1
3.524000000E1	1.637371128E1	3.998737795E1
3.528000000E1	1.637669394E1	3.998937151E1
3.532000000E1	1.637969456E1	3.999038746E1
3.536000000E1	1.637504629E1	3.998838350E1
3.540000000E1	1.637285580E1	3.998764453E1
3.544000000E1	1.637185860E1	3.998055420E1
3.548000000E1	1.636948881E1	3.996439795E1
3.552000000E1	1.638688014E1	3.996262199E1
3.556000000E1	1.640976701E1	3.996743006E1
3.560000000E1	1.639820978E1	3.998042654E1
3.564000000E1	1.640848527E1	4.000727896E1
3.568000000E1	1.639177906E1	3.999813300E1
3.572000000E1	1.640894282E1	4.004491433E1
3.576000000E1	1.646616516E1	4.007930734E1
3.580000000E1	1.664894902E1	4.013476690E1
3.584000000E1	1.681397454E1	4.014852647E1
3.588000000E1	1.698546230E1	4.016739459E1
3.592000000E1	1.715257427E1	4.016527730E1
3.596000000E1	1.730066400E1	4.015903405E1
3.600000000E1	1.742472752E1	4.015244397E1
3.604000000E1	1.754901560E1	4.015522445E1
3.608000000E1	1.763638244E1	4.017739648E1
3.612000000E1	1.769327883E1	4.017058207E1
3.616000000E1	1.775198657E1	4.017681306E1
3.620000000E1	1.773912962E1	4.014462267E1
3.624000000E1	1.772397504E1	4.013057170E1
3.628000000E1	1.770515959E1	4.011245020E1
3.632000000E1	1.766055526E1	4.008182245E1
3.636000000E1	1.767237708E1	4.006887051E1
3.640000000E1	1.768446954E1	4.008417945E1
3.644000000E1	1.771041253E1	4.010741410E1
3.648000000E1	1.772244665E1	4.011879258E1
3.652000000E1	1.772330500E1	4.012581085E1
3.656000000E1	1.772023963E1	4.012940023E1
3.660000000E1	1.770474083E1	4.013030351E1
3.664000000E1	1.771024272E1	4.013333272E1
3.668000000E1	1.770008018E1	4.013941105E1
3.672000000E1	1.771464615E1	4.014604463E1
3.676000000E1	1.771816140E1	4.014907272E1
3.680000000E1	1.771353914E1	4.014485397E1
3.684000000E1	1.764971752E1	4.013898328E1
3.688000000E1	1.756825281E1	4.013519299E1
3.692000000E1	1.740641177E1	4.012325649E1
3.696000000E1	1.723215266E1	4.011879777E1
3.700000000E1	1.705461663E1	4.009809738E1
3.704000000E1	1.690551679E1	4.008611559E1
3.708000000E1	1.682450451E1	4.003407361E1
3.712000000E1	1.664676308E1	3.997551960E1
3.716000000E1	1.641304696E1	3.996683992E1
3.720000000E1	1.621671919E1	3.994373701E1
3.724000000E1	1.610885508E1	3.996239837E1
3.728000000E1	1.614741417E1	3.998331246E1
3.732000000E1	1.622413526E1	3.998898598E1
3.736000000E1	1.634201709E1	3.998648685E1
3.740000000E1	1.638328729E1	3.999310853E1
3.744000000E1	1.636621965E1	3.997967208E1
3.748000000E1	1.636958601E1	3.998683225E1
3.752000000E1	1.635676205E1	3.997811812E1
3.756000000E1	1.633825258E1	3.997535914E1
3.760000000E1	1.635298164E1	3.997540345E1
3.764000000E1	1.636261654E1	3.997825190E1
3.768000000E1	1.637565179E1	3.998292059E1
3.772000000E1	1.637804197E1	3.998562738E1
3.776000000E1	1.637549552E1	3.998513973E1
3.780000000E1	1.637554410E1	3.998577668E1
3.784000000E1	1.637200786E1	3.998402201E1
3.788000000E1	1.636894957E1	3.998275489E1
3.792000000E1	1.636797779E1	3.998133546E1
3.796000000E1	1.637088596E1	3.998412337E1
3.800000000E1	1.636733178E1	3.997777496E1
3.804000000E1	1.637002270E1	3.998192991E1
3.808000000E1	1.637089682E1	3.998274566E1
3.812000000E1	1.637211577E1	3.998514618E1
3.816000000E1	1.637261539E1	3.998591010E1
3.820000000E1	1.637289854E1	3.998575996E1
3.824000000E1	1.637340214E1	3.998557385E1
3.828000000E1	1.637215149E1	3.998510586E1
3.832000000E1	1.637128240E1	3.998479309E1
3.836000000E1	1.637215384E1	3.998581386E1
3.840000000E1	1.637260992E1	3.998632847E1
3.844000000E1	1.637759104E1	3.998636991E1
3.848000000E1	1.638647060E1	3.998454483E1
3.852000000E1	1.639576041E1	3.998489112E1
3.856000000E1	1.642315899E1	3.998984126E1
3.860000000E1	1.648961258E1	3.998941531E1
3.864000000E1	1.657513482E1	4.005310133E1
3.868000000E1	1.667745212E1	4.011690892E1
3.872000000E1	1.691920610E1	4.017216832E1
3.876000000E1	1.711247647E1	4.027543600E1
3.880000000E1	1.730694279E1	4.034667606E1
3.884000000E1	1.743199017E1	4.043792752E1
3.888000000E1	1.757044123E1	4.051507164E1
3.892000000E1	1.773441641E1	4.059078355E1
3.896000000E1	1.786777533E1	4.060453068E1
3.900000000E1	1.791411779E1	4.060595531E1
3.904000000E1	1.787284577E1	4.059122150E1
3.908000000E1	1.775354321E1	4.059064028E1
3.912000000E1	1.759933834E1	4.058752883E1
3.916000000E1	1.743989527E1	4.058727632E1
3.920000000E1	1.728673235E1	4.059413508E1
3.924000000E1	1.713860398E1	4.060444436E1
3.928000000E1	1.699139954E1	4.060033244E1
3.932000000E1	1.684256327E1	4.059489037E1
3.936000000E1	1.670390023E1	4.057627812E1
3.940000000E1	1.655645139E1	4.057290997E1
3.944000000E1	1.641655969E1	4.057016553E1
3.948000000E1	1.626775077E1	4.056667100E1
3.952000000E1	1.616320097E1	4.044014980E1
3.956000000E1	1.607712837E1	4.036218728E1
3.960000000E1	1.606555775E1	4.031847486E1
3.964000000E1	1.607799157E1	4.029155121E1
3.968000000E1	1.610055439E1	4.028402305E1
3.972000000E1	1.617754358E1	4.027427718E1
3.976000000E1	1.623113798E1	4.028935283E1
3.980000000E1	1.623042624E1	4.028730476E1
3.984000000E1	1.622126969E1	4.028297496E1
3.988000000E1	1.621326376E1	4.027855253E1
3.992000000E1	1.620992716E1	4.027224231E1
3.996000000E1	1.621495789E1	4.027563929E1
4.000000000E1	1.622199382E1	4.028183251E1
4.004000000E1	1.622452140E1	4.028519639E1
4.008000000E1	1.622585208E1	4.028678420E1
4.012000000E1	1.622467301E1	4.028685635E1
4.016000000E1	1.622406802E1	4.028687312E1
4.020000000E1	1.621943791E1	4.028523069E1
4.024000000E1	1.621547521E1	4.028428512E1
4.028000000E1	1.621812698E1	4.028566567E1
4.032000000E1	1.621938652E1	4.028641152E1
4.036000000E1	1.621985801E1	4.028697203E1
4.040000000E1	1.622008437E1	4.028734748E1
4.044000000E1	1.622050941E1	4.028681767E1
4.048000000E1	1.622259740E1	4.028738775E1
4.052000000E1	1.622315167E1	4.028751627E1
4.056000000E1	1.622344739E1	4.028771949E1
4.060000000E1	1.622426680E1	4.028595485E1
4.064000000E1	1.622447523E1	4.028568198E1
4.068000000E1	1.624353035E1	4.027837940E1
4.072000000E1	1.637141848E1	4.018096662E1
4.076000000E1	1.638778675E1	4.014961294E1
4.080000000E1	1.641396151E1	4.014926682E1
4.084000000E1	1.649636627E1	4.014793087E1
4.088000000E1	1.653521706E1	4.026995716E1
4.092000000E1	1.671578677E1	4.035254339E1
4.096000000E1	1.691631952E1	4.040386443E1
4.100000000E1	1.715814309E1	4.050373208E1
4.104000000E1	1.732195670E1	4.055633186E1
4.108000000E1	1.751913711E1	4.059176493E1
4.112000000E1	1.770597786E1	4.060953338E1
4.116000000E1	1.785773335E1	4.061143555E1
4.120000000E1	1.795372272E1	4.060953797E1
4.124000000E1	1.794224403E1	4.060617349E1
4.128000000E1	1.776319228E1	4.059429995E1
4.132000000E1	1.756635699E1	4.058387361E1
4.136000000E1	1.729618464E1	4.058399815E1
4.140000000E1	1.708021902E1	4.057881981E1
4.144000000E1	1.686204234E1	4.058476172E1
4.148000000E1	1.668009649E1	4.058565276E1
4.152000000E1	1.653627250E1	4.058933423E1
4.156000000E1	1.639205645E1	4.059136289E1
4.160000000E1	1.625435191E1	4.058330287E1
4.164000000E1	1.611667912E1	4.057825838E1
4.168000000E1	1.597849723E1	4.057149586E1
4.172000000E1	1.594460359E1	4.046847491E1
4.176000000E1	1.591473957E1	4.032673260E1
4.180000000E1	1.584087259E1	4.028517485E1
4.184000000E1	1.577449547E1	4.023858766E1
4.188000000E1	1.579338644E1	4.024831837E1
4.192000000E1	1.587714835E1	4.024839913E1
4.196000000E1	1.595762361E1	4.029481907E1
4.200000000E1	1.604787504E1	4.028820183E1
4.204000000E1	1.606621780E1	4.029169525E1
4.208000000E1	1.606716909E1	4.028843282E1
4.212000000E1	1.606137384E1	4.028239501E1
4.216000000E1	1.605650646E1	4.027473978E1
4.220000000E1	1.606891554E1	4.027970708E1
4.224000000E1	1.607811328E1	4.028182170E1
4.228000000E1	1.609647893E1	4.028001845E1
4.232000000E1	1.608415284E1	4.028413081E1
4.236000000E1	1.608238405E1	4.028429956E1
4.240000000E1	1.607879537E1	4.028467482E1
4.244000000E1	1.607712267E1	4.028596872E1
4.248000000E1	1.607569670E1	4.028619568E1
4.252000000E1	1.607514969E1	4.028571756E1
4.256000000E1	1.607472116E1	4.028562919E1
4.260000000E1	1.607034296E1	4.028075542E1
4.264000000E1	1.606838563E1	4.028050903E1
4.268000000E1	1.606481151E1	4.027969770E1
4.272000000E1	1.606624490E1	4.028220534E1
4.276000000E1	1.606285345E1	4.027919333E1
4.280000000E1	1.605971467E1	4.027596091E1
4.284000000E1	1.605557477E1	4.027275066E1
4.288000000E1	1.605078637E1	4.026924222E1
4.292000000E1	1.605261697E1	4.027224580E1
4.296000000E1	1.605324204E1	4.027461845E1
4.300000000E1	1.606114845E1	4.028064277E1
4.304000000E1	1.605904221E1	4.028091756E1
4.308000000E1	1.604811349E1	4.028061349E1
4.312000000E1	1.606107771E1	4.028276228E1
4.316000000E1	1.606586177E1	4.028332739E1
4.320000000E1	1.606802584E1	4.027610946E1
4.324000000E1	1.607038126E1	4.026708417E1
4.328000000E1	1.605400016E1	4.025871808E1
4.332000000E1	1.595253536E1	4.028000517E1
4.336000000E1	1.576691152E1	4.024962105E1
4.340000000E1	1.577004521E1	4.027373207E1
4.344000000E1	1.566044626E1	4.028014595E1
4.348000000E1	1.559977476E1	4.026691883E1
4.352000000E1	1.550088722E1	4.027768836E1
4.356000000E1	1.535088519E1	4.027214157E1
4.360000000E1	1.505809220E1	4.014459760E1
4.364000000E1	1.504243034E1	4.014074540E1
4.368000000E1	1.488147749E1	4.012962703E1
4.372000000E1	1.475106410E1	4.012658182E1
