hand
t	x	y
0.000000000E0	4.616088833E1	1.313613147E1
4.000000000E-2	4.616022719E1	1.313682469E1
8.000000000E-2	4.616046738E1	1.313678611E1
1.200000000E-1	4.616068258E1	1.313730984E1
1.600000000E-1	4.616071021E1	1.313695213E1
2.000000000E-1	4.616080578E1	1.313708774E1
2.400000000E-1	4.616082901E1	1.313700598E1
2.800000000E-1	4.616124046E1	1.313633318E1
3.200000000E-1	4.616116585E1	1.313636302E1
3.600000000E-1	4.616114190E1	1.313628692E1
4.000000000E-1	4.616114651E1	1.313642444E1
4.400000000E-1	4.616112470E1	1.313638385E1
4.800000000E-1	4.616111738E1	1.313628662E1
5.200000000E-1	4.616095924E1	1.313617823E1
5.600000000E-1	4.616112240E1	1.313629318E1
6.000000000E-1	4.616062775E1	1.313615640E1
6.400000000E-1	4.616025211E1	1.313595753E1
6.800000000E-1	4.616045262E1	1.313612242E1
7.200000000E-1	4.616060316E1	1.313623297E1
7.600000000E-1	4.615953517E1	1.313606377E1
8.000000000E-1	4.615834443E1	1.313585379E1
8.400000000E-1	4.615909159E1	1.313603207E1
8.800000000E-1	4.615957409E1	1.313613699E1
9.200000000E-1	4.615969700E1	1.313606428E1
9.600000000E-1	4.615984945E1	1.313654374E1
1.000000000E0	4.615873300E1	1.313794157E1
1.040000000E0	4.615939114E1	1.313740092E1
1.080000000E0	4.615982233E1	1.313706721E1
1.120000000E0	4.616011949E1	1.313702425E1
1.160000000E0	4.616040593E1	1.313643352E1
1.200000000E0	4.616004745E1	1.313653882E1
1.240000000E0	4.616010916E1	1.313675392E1
1.280000000E0	4.616018989E1	1.313659183E1
1.320000000E0	4.616018583E1	1.313650592E1
1.360000000E0	4.616010770E1	1.313630965E1
1.400000000E0	4.616014147E1	1.313633053E1
1.440000000E0	4.616025606E1	1.313635639E1
1.480000000E0	4.616033685E1	1.313638555E1
1.520000000E0	4.616034794E1	1.313639294E1
1.560000000E0	4.616033935E1	1.313641254E1
1.600000000E0	4.616023697E1	1.313636116E1
1.640000000E0	4.616010764E1	1.313631688E1
1.680000000E0	4.616004869E1	1.313636981E1
1.720000000E0	4.616035191E1	1.313666470E1
1.760000000E0	4.616014720E1	1.313625388E1
1.800000000E0	4.616021813E1	1.313634015E1
1.840000000E0	4.616023283E1	1.313655417E1
1.880000000E0	4.616029882E1	1.313627793E1
1.920000000E0	4.616027828E1	1.313638426E1
1.960000000E0	4.616017855E1	1.313652192E1
2.000000000E0	4.615919959E1	1.313503087E1
2.040000000E0	4.615943767E1	1.313613906E1
2.080000000E0	4.615958707E1	1.313674137E1
2.120000000E0	4.616303882E1	1.313709355E1
2.160000000E0	4.616662420E1	1.313735944E1
2.200000000E0	4.630070030E1	1.314252907E1
2.240000000E0	4.658246137E1	1.325275636E1
2.280000000E0	4.710151876E1	1.369710561E1
2.320000000E0	4.791429066E1	1.450784964E1
2.360000000E0	4.919731596E1	1.528331953E1
2.400000000E0	5.099843135E1	1.572870613E1
2.440000000E0	5.322886811E1	1.569458805E1
2.480000000E0	5.572851618E1	1.532857230E1
2.520000000E0	5.829636855E1	1.491104791E1
2.560000000E0	6.087996779E1	1.431512799E1
2.600000000E0	6.351086108E1	1.349884282E1
2.640000000E0	6.649602957E1	1.269849732E1
2.680000000E0	7.003796989E1	1.238182169E1
2.720000000E0	7.443985541E1	1.266104927E1
2.760000000E0	7.928681824E1	1.291262248E1
2.800000000E0	8.352189473E1	1.326143458E1
2.840000000E0	8.674776723E1	1.420832702E1
2.880000000E0	8.882895687E1	1.569114699E1
2.920000000E0	9.056119218E1	1.820335746E1
2.960000000E0	9.053595646E1	1.819479948E1
3.000000000E0	9.043984602E1	1.892283982E1
3.040000000E0	8.994267772E1	1.920975930E1
3.080000000E0	8.932319171E1	1.914361644E1
3.120000000E0	8.852063660E1	1.898891858E1
3.160000000E0	8.738893141E1	1.892623037E1
3.200000000E0	8.587860160E1	1.904526834E1
3.240000000E0	8.386619508E1	1.930784231E1
3.280000000E0	8.124578768E1	1.973065096E1
3.320000000E0	7.797267598E1	2.019242312E1
3.360000000E0	7.405562164E1	2.058201441E1
3.400000000E0	6.977909461E1	2.062407164E1
3.440000000E0	6.530628691E1	2.026787898E1
3.480000000E0	6.081408347E1	1.952315127E1
3.520000000E0	5.665134609E1	1.850722146E1
3.560000000E0	5.304285579E1	1.734309529E1
3.600000000E0	5.018997080E1	1.633866152E1
3.640000000E0	4.815283671E1	1.549625509E1
3.680000000E0	4.682933699E1	1.472002665E1
3.720000000E0	4.606119948E1	1.405376198E1
3.760000000E0	4.594971857E1	1.285761792E1
3.800000000E0	4.598337610E1	1.284838316E1
3.840000000E0	4.606545735E1	1.287902274E1
3.880000000E0	4.615733173E1	1.289604096E1
3.920000000E0	4.617840876E1	1.295857387E1
3.960000000E0	4.615363510E1	1.292328570E1
4.000000000E0	4.610969934E1	1.286504840E1
4.040000000E0	4.604311605E1	1.284003544E1
4.080000000E0	4.601131844E1	1.283068321E1
4.120000000E0	4.601010271E1	1.283729763E1
4.160000000E0	4.601191850E1	1.284539236E1
4.200000000E0	4.602433794E1	1.285346212E1
4.240000000E0	4.611085051E1	1.287257888E1
4.280000000E0	4.636705452E1	1.307905547E1
4.320000000E0	4.695959634E1	1.355033899E1
4.360000000E0	4.803012261E1	1.435043399E1
4.400000000E0	4.972074357E1	1.500742433E1
4.440000000E0	5.182620410E1	1.523635164E1
4.480000000E0	5.406940996E1	1.517051607E1
4.520000000E0	5.637719192E1	1.493043509E1
4.560000000E0	5.861385571E1	1.456072094E1
4.600000000E0	6.088262446E1	1.416405176E1
4.640000000E0	6.323456857E1	1.387053858E1
4.680000000E0	6.591374820E1	1.342811733E1
4.720000000E0	6.902654206E1	1.318993681E1
4.760000000E0	7.265842507E1	1.292939166E1
4.800000000E0	7.652691306E1	1.252007893E1
4.840000000E0	8.045174085E1	1.268196248E1
4.880000000E0	8.420755459E1	1.299582238E1
4.920000000E0	8.706898822E1	1.402382574E1
4.960000000E0	8.885798779E1	1.539911360E1
5.000000000E0	8.993171928E1	1.689553164E1
5.040000000E0	9.036446104E1	1.827044092E1
5.080000000E0	9.022510457E1	1.941367134E1
5.120000000E0	8.972946161E1	2.013306373E1
5.160000000E0	8.901541537E1	2.052322051E1
5.200000000E0	8.798062869E1	2.061220411E1
5.240000000E0	8.652282046E1	2.059121010E1
5.280000000E0	8.453066488E1	2.059033667E1
5.320000000E0	8.208749677E1	2.068050933E1
5.360000000E0	7.908410511E1	2.077316325E1
5.400000000E0	7.548315043E1	2.091999824E1
5.440000000E0	7.144044161E1	2.091032766E1
5.480000000E0	6.704489051E1	2.059426355E1
5.520000000E0	6.255631304E1	2.004338930E1
5.560000000E0	5.828295390E1	1.911606833E1
5.600000000E0	5.447845378E1	1.794657390E1
5.640000000E0	5.130134501E1	1.673378393E1
5.680000000E0	4.906395213E1	1.551820264E1
5.720000000E0	4.768942054E1	1.444612568E1
5.760000000E0	4.701427139E1	1.360583474E1
5.800000000E0	4.695164741E1	1.302445808E1
5.840000000E0	4.709830665E1	1.298888666E1
5.880000000E0	4.737638091E1	1.299402518E1
5.920000000E0	4.762962189E1	1.298810689E1
5.960000000E0	4.774669799E1	1.298883419E1
6.000000000E0	4.777267487E1	1.298842950E1
6.040000000E0	4.770019672E1	1.298842824E1
6.080000000E0	4.765708990E1	1.297947554E1
6.120000000E0	4.765990979E1	1.296974333E1
6.160000000E0	4.781188573E1	1.300142464E1
6.200000000E0	4.827348819E1	1.328423190E1
6.240000000E0	4.917136886E1	1.373212501E1
6.280000000E0	5.061401801E1	1.418728491E1
6.320000000E0	5.239970864E1	1.451740206E1
6.360000000E0	5.444205466E1	1.478254594E1
6.400000000E0	5.665550010E1	1.473972079E1
6.440000000E0	5.886830947E1	1.447093771E1
6.480000000E0	6.102980290E1	1.403778140E1
6.520000000E0	6.314125471E1	1.362584099E1
6.560000000E0	6.540327117E1	1.316428859E1
6.600000000E0	6.814045481E1	1.272329612E1
6.640000000E0	7.169038035E1	1.256293169E1
6.680000000E0	7.632587791E1	1.235003949E1
6.720000000E0	8.128937890E1	1.249904401E1
6.760000000E0	8.548860124E1	1.341828468E1
6.800000000E0	8.807969856E1	1.529858713E1
6.840000000E0	8.940464844E1	1.761115456E1
6.880000000E0	8.996461494E1	1.941351004E1
6.920000000E0	8.988536061E1	2.052484998E1
6.960000000E0	8.945191547E1	2.107315913E1
7.000000000E0	8.867134601E1	2.114450189E1
7.040000000E0	8.757610286E1	2.108915321E1
7.080000000E0	8.606744067E1	2.097485934E1
7.120000000E0	8.408917223E1	2.092511936E1
7.160000000E0	8.152244869E1	2.100557709E1
7.200000000E0	7.470885228E1	2.102334397E1
7.240000000E0	7.468253292E1	2.103241802E1
7.280000000E0	7.072211451E1	2.090210334E1
7.320000000E0	6.665364987E1	2.060469963E1
7.360000000E0	6.256410408E1	1.996858008E1
7.400000000E0	5.864698203E1	1.902338089E1
7.440000000E0	5.518542372E1	1.801818665E1
7.480000000E0	5.218524863E1	1.689340872E1
7.520000000E0	4.801506197E1	1.494216256E1
7.560000000E0	4.798792147E1	1.493789015E1
7.600000000E0	4.630809523E1	1.329510110E1
7.640000000E0	4.631050560E1	1.329253469E1
7.680000000E0	4.635504651E1	1.273046788E1
7.720000000E0	4.633473367E1	1.270219860E1
7.760000000E0	4.657198236E1	1.269457218E1
7.800000000E0	4.676223446E1	1.271179463E1
7.840000000E0	4.688931799E1	1.269589588E1
7.880000000E0	4.689567470E1	1.267441562E1
7.920000000E0	4.687050134E1	1.264902351E1
7.960000000E0	4.680913216E1	1.264899597E1
8.000000000E0	4.676569613E1	1.267477337E1
8.040000000E0	4.676317588E1	1.267994261E1
8.080000000E0	4.689985014E1	1.270608186E1
8.120000000E0	4.722446608E1	1.298198149E1
8.160000000E0	4.799770333E1	1.358050471E1
8.200000000E0	4.932825510E1	1.437619931E1
8.240000000E0	5.122456464E1	1.490620174E1
8.280000000E0	5.344776357E1	1.513391180E1
8.320000000E0	5.587534446E1	1.512142189E1
8.360000000E0	5.828344428E1	1.491780060E1
8.400000000E0	6.051737057E1	1.459907906E1
8.440000000E0	6.249784430E1	1.417442855E1
8.480000000E0	6.413955726E1	1.359915604E1
8.520000000E0	6.563969107E1	1.313957972E1
8.560000000E0	6.954461048E1	1.295048242E1
8.600000000E0	6.953626183E1	1.294644443E1
8.640000000E0	7.301664084E1	1.317165626E1
8.680000000E0	7.771271588E1	1.345937134E1
8.720000000E0	8.253328040E1	1.398587536E1
8.760000000E0	8.739778408E1	1.747532250E1
8.800000000E0	8.738077875E1	1.745066580E1
8.840000000E0	8.811775586E1	1.989430107E1
8.880000000E0	8.823062020E1	2.165320547E1
8.920000000E0	8.786806699E1	2.274077508E1
8.960000000E0	8.574433541E1	2.339204442E1
9.000000000E0	8.574445891E1	2.341216205E1
9.040000000E0	8.401384475E1	2.324976932E1
9.080000000E0	7.899671781E1	2.231539783E1
9.120000000E0	7.899923323E1	2.227931740E1
9.160000000E0	7.578816685E1	2.154714069E1
9.200000000E0	7.225310671E1	2.060905810E1
9.240000000E0	6.847984938E1	1.959495835E1
9.280000000E0	6.463012570E1	1.866451269E1
9.320000000E0	6.086819798E1	1.760134622E1
9.360000000E0	5.740307639E1	1.657116054E1
9.400000000E0	5.444220474E1	1.553419617E1
9.440000000E0	5.224020455E1	1.457448062E1
9.480000000E0	4.986202889E1	1.302656965E1
9.520000000E0	4.989109024E1	1.300448886E1
9.560000000E0	4.958119332E1	1.259953722E1
9.600000000E0	4.975542818E1	1.259314818E1
9.640000000E0	4.975705151E1	1.256310764E1
9.680000000E0	5.003645311E1	1.255212438E1
9.720000000E0	5.018154719E1	1.254149868E1
9.760000000E0	5.019823839E1	1.252803040E1
9.800000000E0	5.018489951E1	1.252230631E1
9.840000000E0	5.005599225E1	1.252779847E1
9.880000000E0	5.005728869E1	1.253048871E1
9.920000000E0	5.002748346E1	1.250782294E1
9.960000000E0	4.993958695E1	1.249142489E1
1.000000000E1	4.992541313E1	1.249846881E1
1.004000000E1	5.007122307E1	1.258105433E1
1.008000000E1	5.062787994E1	1.290088524E1
1.012000000E1	5.169762759E1	1.342876026E1
1.016000000E1	5.334329279E1	1.383947294E1
1.020000000E1	5.532990619E1	1.396889142E1
1.024000000E1	5.745229784E1	1.398773654E1
1.028000000E1	5.957810713E1	1.367648565E1
1.032000000E1	6.160981608E1	1.311028880E1
1.036000000E1	6.528620988E1	1.207689885E1
1.040000000E1	6.530986025E1	1.208545153E1
1.044000000E1	7.036030251E1	1.248760652E1
1.048000000E1	7.038937558E1	1.248762603E1
1.052000000E1	7.405603847E1	1.281104145E1
1.056000000E1	7.820548879E1	1.297260953E1
1.060000000E1	8.228550449E1	1.304061031E1
1.064000000E1	8.565308270E1	1.366625782E1
1.068000000E1	8.866358304E1	1.579845144E1
1.072000000E1	8.869542496E1	1.579340356E1
1.076000000E1	8.903489036E1	1.665624173E1
1.080000000E1	8.829616155E1	1.772447788E1
1.084000000E1	8.828251548E1	1.773591395E1
1.088000000E1	8.738399561E1	1.805190315E1
1.092000000E1	8.416280652E1	1.859140889E1
1.096000000E1	8.419673091E1	1.859693273E1
1.100000000E1	7.889473702E1	1.928970463E1
1.104000000E1	7.887347339E1	1.927639553E1
1.108000000E1	7.538396358E1	1.939866577E1
1.112000000E1	7.150568527E1	1.931689618E1
1.116000000E1	6.739943358E1	1.905588012E1
1.120000000E1	6.323095169E1	1.861843904E1
1.124000000E1	5.576729510E1	1.685001442E1
1.128000000E1	5.576304854E1	1.686064109E1
1.132000000E1	5.302893630E1	1.579049912E1
1.136000000E1	5.108530339E1	1.491674875E1
1.140000000E1	4.981228624E1	1.415291576E1
1.144000000E1	4.909399309E1	1.340885969E1
1.148000000E1	4.882188702E1	1.267970871E1
1.152000000E1	4.871465220E1	1.264619018E1
1.156000000E1	4.885388444E1	1.268771369E1
1.160000000E1	4.885926066E1	1.268871403E1
1.164000000E1	4.887170981E1	1.271302566E1
1.168000000E1	4.883809969E1	1.269157003E1
1.172000000E1	4.880260950E1	1.266363899E1
1.176000000E1	4.889798076E1	1.258099022E1
1.180000000E1	4.888091784E1	1.255150215E1
1.184000000E1	4.916071522E1	1.268027521E1
1.188000000E1	4.976483422E1	1.300865787E1
1.192000000E1	5.084301115E1	1.359254838E1
1.196000000E1	5.242051346E1	1.414565100E1
1.200000000E1	5.431498717E1	1.454750403E1
1.204000000E1	5.642039179E1	1.485681777E1
1.208000000E1	5.867690869E1	1.493233393E1
1.212000000E1	6.086770978E1	1.474325972E1
1.216000000E1	6.294677963E1	1.422556053E1
1.220000000E1	6.467737465E1	1.350145912E1
1.224000000E1	6.620386143E1	1.277812169E1
1.228000000E1	6.784998852E1	1.222721674E1
1.232000000E1	6.995540208E1	1.231020283E1
1.236000000E1	7.304191588E1	1.263245541E1
1.240000000E1	7.705883298E1	1.299704691E1
1.244000000E1	8.136029181E1	1.355468320E1
1.248000000E1	8.482877574E1	1.429047211E1
1.252000000E1	8.692903199E1	1.559763508E1
1.256000000E1	8.802066047E1	1.701958431E1
1.260000000E1	8.852164873E1	1.812167854E1
1.264000000E1	8.857079891E1	1.880996996E1
1.268000000E1	8.825149345E1	1.904728895E1
1.272000000E1	8.764928275E1	1.896851254E1
1.276000000E1	8.675892474E1	1.879021447E1
1.280000000E1	8.379647454E1	1.877337266E1
1.284000000E1	8.378722662E1	1.878336662E1
1.288000000E1	8.164547160E1	1.915105298E1
1.292000000E1	7.884982716E1	1.966635607E1
1.296000000E1	7.548131539E1	1.999276633E1
1.300000000E1	7.160758052E1	1.999375497E1
1.304000000E1	6.743975214E1	1.970495512E1
1.308000000E1	6.327397699E1	1.910284198E1
1.312000000E1	5.924208176E1	1.808120196E1
1.316000000E1	5.277720838E1	1.576941327E1
1.320000000E1	5.276428394E1	1.579561803E1
1.324000000E1	5.067019624E1	1.463968605E1
1.328000000E1	4.931805772E1	1.360415677E1
1.332000000E1	4.853674683E1	1.273578534E1
1.336000000E1	4.832084825E1	1.284750324E1
1.340000000E1	4.828619647E1	1.284149744E1
1.344000000E1	4.854100759E1	1.286619864E1
1.348000000E1	4.872765982E1	1.286354639E1
1.352000000E1	4.882596044E1	1.283018440E1
1.356000000E1	4.880716807E1	1.278755067E1
1.360000000E1	4.883371070E1	1.281353960E1
1.364000000E1	4.899562331E1	1.284262451E1
1.368000000E1	5.040429409E1	1.370958082E1
1.372000000E1	5.038627059E1	1.371905786E1
1.376000000E1	5.184329389E1	1.450422313E1
1.380000000E1	5.380014313E1	1.491681198E1
1.384000000E1	5.590648034E1	1.508441504E1
1.388000000E1	5.806840736E1	1.519654280E1
1.392000000E1	6.198827958E1	1.428490920E1
1.396000000E1	6.201024585E1	1.429218588E1
1.400000000E1	6.499349811E1	1.290644568E1
1.404000000E1	6.501205518E1	1.293882863E1
1.408000000E1	6.635548049E1	1.240229309E1
1.412000000E1	6.789268189E1	1.235620964E1
1.416000000E1	6.996687229E1	1.251868287E1
1.420000000E1	7.629280007E1	1.294142573E1
1.424000000E1	7.627317726E1	1.297432979E1
1.428000000E1	7.998952489E1	1.296614314E1
1.432000000E1	8.329659326E1	1.312439343E1
1.436000000E1	8.557159076E1	1.382287436E1
1.440000000E1	8.753121638E1	1.616411279E1
1.444000000E1	8.752354017E1	1.619371371E1
1.448000000E1	8.757505143E1	1.764830552E1
1.452000000E1	8.754504395E1	1.762423247E1
1.456000000E1	8.694961252E1	1.799954525E1
1.460000000E1	8.463822440E1	1.849293115E1
1.464000000E1	8.465397833E1	1.848974632E1
1.468000000E1	8.272586160E1	1.877411051E1
1.472000000E1	7.701987755E1	1.962312637E1
1.476000000E1	7.702256490E1	1.965137181E1
1.480000000E1	6.929941901E1	2.018936421E1
1.484000000E1	6.928140344E1	2.018035995E1
1.488000000E1	6.510603139E1	2.002231842E1
1.492000000E1	6.104708802E1	1.948837034E1
1.496000000E1	5.725813708E1	1.861028687E1
1.500000000E1	5.158455880E1	1.627558535E1
1.504000000E1	5.157183372E1	1.627572316E1
1.508000000E1	4.990849658E1	1.513907851E1
1.512000000E1	4.893854288E1	1.416530645E1
1.516000000E1	4.853405044E1	1.327441728E1
1.520000000E1	4.842731532E1	1.271202185E1
1.524000000E1	4.842627562E1	1.295194827E1
1.528000000E1	4.855186267E1	1.297342576E1
1.532000000E1	4.866702734E1	1.297725422E1
1.536000000E1	4.864414283E1	1.297718347E1
1.540000000E1	4.856742774E1	1.296740481E1
1.544000000E1	4.859538973E1	1.296703367E1
1.548000000E1	4.889231608E1	1.306400973E1
1.552000000E1	4.962648147E1	1.354081922E1
1.556000000E1	5.088981675E1	1.407029632E1
1.560000000E1	5.272506859E1	1.429946736E1
1.564000000E1	5.483954840E1	1.435938748E1
1.568000000E1	5.937575752E1	1.425797240E1
1.572000000E1	5.935957828E1	1.430006063E1
1.576000000E1	6.144841649E1	1.424501799E1
1.580000000E1	6.350581541E1	1.399541553E1
1.584000000E1	6.571711831E1	1.376467544E1
1.588000000E1	6.844659833E1	1.368354418E1
1.592000000E1	7.190149039E1	1.350993848E1
1.596000000E1	7.597225793E1	1.361555204E1
1.600000000E1	7.999222605E1	1.369220557E1
1.604000000E1	8.335979691E1	1.369723903E1
1.608000000E1	8.734855348E1	1.486489925E1
1.612000000E1	8.735748824E1	1.487573141E1
1.616000000E1	8.814894000E1	1.573708646E1
1.620000000E1	8.846097398E1	1.634791994E1
1.624000000E1	8.840299078E1	1.668739989E1
1.628000000E1	8.754104983E1	1.709693389E1
1.632000000E1	8.753236052E1	1.711277689E1
1.636000000E1	8.676252315E1	1.731171166E1
1.640000000E1	8.568096299E1	1.744547156E1
1.644000000E1	8.404223586E1	1.775498432E1
1.648000000E1	8.188795757E1	1.838196054E1
1.652000000E1	7.909801851E1	1.890403963E1
1.656000000E1	7.567294892E1	1.931297600E1
1.660000000E1	7.165992280E1	1.967163789E1
1.664000000E1	6.727971093E1	1.966972439E1
1.668000000E1	5.858215741E1	1.843506923E1
1.672000000E1	5.858804806E1	1.839935035E1
1.676000000E1	5.483302604E1	1.719879465E1
1.680000000E1	5.166433740E1	1.584377456E1
1.684000000E1	4.751370059E1	1.332750279E1
1.688000000E1	4.751256480E1	1.330954503E1
1.692000000E1	4.656278350E1	1.249178930E1
1.696000000E1	4.628701858E1	1.225391716E1
1.700000000E1	4.639803573E1	1.231944185E1
1.704000000E1	4.670855873E1	1.236245192E1
1.708000000E1	4.690928195E1	1.249534237E1
1.712000000E1	4.703964821E1	1.254807164E1
1.716000000E1	4.705788519E1	1.257774804E1
1.720000000E1	4.717877205E1	1.265598541E1
1.724000000E1	4.753855750E1	1.284083127E1
1.728000000E1	4.831160561E1	1.327072302E1
1.732000000E1	4.948574450E1	1.388858102E1
1.736000000E1	5.115853669E1	1.448862643E1
1.740000000E1	5.321964061E1	1.489431692E1
1.744000000E1	5.556138276E1	1.507646503E1
1.748000000E1	5.801740262E1	1.516651267E1
1.752000000E1	6.037474994E1	1.502776055E1
1.756000000E1	6.259248791E1	1.447092503E1
1.760000000E1	6.447351110E1	1.390932332E1
1.764000000E1	6.601262736E1	1.327151188E1
1.768000000E1	6.740602206E1	1.260963126E1
1.772000000E1	6.932268111E1	1.267207442E1
1.776000000E1	7.215421173E1	1.313880376E1
1.780000000E1	7.593869353E1	1.358388691E1
1.784000000E1	8.011308625E1	1.411400811E1
1.788000000E1	8.359902743E1	1.464228909E1
1.792000000E1	8.601433446E1	1.549945077E1
1.796000000E1	8.736677090E1	1.660437750E1
1.800000000E1	8.804779989E1	1.769916445E1
1.804000000E1	8.817152902E1	1.848681888E1
1.808000000E1	8.779931251E1	1.886738645E1
1.812000000E1	8.707964606E1	1.898385497E1
1.816000000E1	8.613567889E1	1.894164318E1
1.820000000E1	8.483202906E1	1.892064066E1
1.824000000E1	8.313151934E1	1.895390081E1
1.828000000E1	7.806348332E1	1.927343601E1
1.832000000E1	7.807201156E1	1.926354252E1
1.836000000E1	7.461472269E1	1.948393148E1
1.840000000E1	7.079102631E1	1.938992411E1
1.844000000E1	6.670113587E1	1.896110252E1
1.848000000E1	6.264550622E1	1.834672598E1
1.852000000E1	5.878475440E1	1.745149892E1
1.856000000E1	5.536338306E1	1.658190548E1
1.860000000E1	5.256105807E1	1.569045992E1
1.864000000E1	5.052136192E1	1.468792047E1
1.868000000E1	4.918185078E1	1.370742937E1
1.872000000E1	4.835634770E1	1.288256414E1
1.876000000E1	4.807609960E1	1.226590026E1
1.880000000E1	4.808114741E1	1.233050113E1
1.884000000E1	4.825900609E1	1.224567180E1
1.888000000E1	4.845922724E1	1.220464257E1
1.892000000E1	4.859414100E1	1.216202312E1
1.896000000E1	4.859965539E1	1.213579535E1
1.900000000E1	4.856142020E1	1.210191116E1
1.904000000E1	4.853513263E1	1.209251233E1
1.908000000E1	4.847372174E1	1.209781790E1
1.912000000E1	4.855746355E1	1.210925300E1
1.916000000E1	4.886434330E1	1.230518182E1
1.920000000E1	4.964515878E1	1.267297324E1
1.924000000E1	5.101599055E1	1.327275694E1
1.928000000E1	5.286902564E1	1.373268293E1
1.932000000E1	5.511020329E1	1.401385328E1
1.936000000E1	5.749917303E1	1.420069714E1
1.940000000E1	5.985282750E1	1.422901402E1
1.944000000E1	6.208397691E1	1.412474822E1
1.948000000E1	6.425544225E1	1.392150815E1
1.952000000E1	6.640321680E1	1.355120341E1
1.956000000E1	6.884585669E1	1.310316437E1
1.960000000E1	7.192182527E1	1.280563985E1
1.964000000E1	7.560403877E1	1.268059236E1
1.968000000E1	7.955458193E1	1.281847407E1
1.972000000E1	8.314302432E1	1.281550514E1
1.976000000E1	8.602968416E1	1.335084990E1
1.980000000E1	8.796985788E1	1.424188390E1
1.984000000E1	8.909976635E1	1.529846433E1
1.988000000E1	8.971961469E1	1.624578257E1
1.992000000E1	8.982547940E1	1.686455737E1
1.996000000E1	8.948340077E1	1.725841349E1
2.000000000E1	8.885952185E1	1.747128458E1
2.004000000E1	8.792021498E1	1.772134289E1
2.008000000E1	8.661077938E1	1.790251617E1
2.012000000E1	8.257785210E1	1.840960580E1
2.016000000E1	8.257061434E1	1.839084077E1
2.020000000E1	7.973188080E1	1.866349829E1
2.024000000E1	7.643331048E1	1.863412809E1
2.028000000E1	7.261774862E1	1.862246685E1
2.032000000E1	6.858752714E1	1.862687572E1
2.036000000E1	6.445505659E1	1.832584273E1
2.040000000E1	6.039983913E1	1.777088624E1
2.044000000E1	5.676166088E1	1.705769859E1
2.048000000E1	5.379476602E1	1.625953996E1
2.052000000E1	5.004692231E1	1.464703310E1
2.056000000E1	5.005331445E1	1.463957692E1
2.060000000E1	4.917264932E1	1.373244310E1
2.064000000E1	4.872387105E1	1.284084044E1
2.068000000E1	4.861067632E1	1.226972615E1
2.072000000E1	4.861586749E1	1.230155554E1
2.076000000E1	4.878793681E1	1.217681129E1
2.080000000E1	4.896493849E1	1.211095293E1
2.084000000E1	4.901432380E1	1.208512650E1
2.088000000E1	4.898226799E1	1.207462063E1
2.092000000E1	4.885354802E1	1.208281562E1
2.096000000E1	4.885531040E1	1.208302945E1
2.100000000E1	4.888926990E1	1.209687633E1
2.104000000E1	4.926772927E1	1.227777943E1
2.108000000E1	5.010536588E1	1.268422262E1
2.112000000E1	5.153685849E1	1.321312323E1
2.116000000E1	5.345654146E1	1.359030408E1
2.120000000E1	5.568687823E1	1.372952863E1
2.124000000E1	5.813533115E1	1.373600185E1
2.128000000E1	6.061274770E1	1.347020035E1
2.132000000E1	6.291108185E1	1.290081027E1
2.136000000E1	6.519048669E1	1.238521556E1
2.140000000E1	6.767594893E1	1.221597757E1
2.144000000E1	7.058636597E1	1.258331168E1
2.148000000E1	7.402958489E1	1.281503320E1
2.152000000E1	8.210126859E1	1.340059278E1
2.156000000E1	8.210548744E1	1.340204134E1
2.160000000E1	8.571315965E1	1.373395776E1
2.164000000E1	8.849054276E1	1.486884484E1
2.168000000E1	9.011925478E1	1.614248056E1
2.172000000E1	9.095849555E1	1.731477426E1
2.176000000E1	9.124551030E1	1.816190031E1
2.180000000E1	9.108556599E1	1.875992844E1
2.184000000E1	9.063945543E1	1.895689146E1
2.188000000E1	8.983763724E1	1.898858584E1
2.192000000E1	8.864453246E1	1.895343892E1
2.196000000E1	8.698165778E1	1.908863873E1
2.200000000E1	8.163269111E1	1.985396983E1
2.204000000E1	8.164307648E1	1.985206844E1
2.208000000E1	7.792854216E1	1.998176537E1
2.212000000E1	7.357936005E1	1.989177774E1
2.216000000E1	6.891966140E1	1.943178888E1
2.220000000E1	6.426916246E1	1.867513143E1
2.224000000E1	6.003046962E1	1.773733316E1
2.228000000E1	5.630240134E1	1.658857846E1
2.232000000E1	5.116150576E1	1.426501193E1
2.236000000E1	5.113222550E1	1.429450310E1
2.240000000E1	4.959678387E1	1.320475802E1
2.244000000E1	4.866156415E1	1.228507264E1
2.248000000E1	4.814030014E1	1.255270582E1
2.252000000E1	4.811670281E1	1.235385634E1
2.256000000E1	4.829327323E1	1.236333557E1
2.260000000E1	4.851430808E1	1.238575275E1
2.264000000E1	4.861580298E1	1.240139136E1
2.268000000E1	4.859222696E1	1.240179406E1
2.272000000E1	4.856158667E1	1.240112489E1
2.276000000E1	4.858383058E1	1.243967129E1
2.280000000E1	4.885762429E1	1.254957031E1
2.284000000E1	4.952778533E1	1.282452475E1
2.288000000E1	5.068464336E1	1.326259907E1
2.292000000E1	5.240502518E1	1.368349976E1
2.296000000E1	5.453666223E1	1.389736266E1
2.300000000E1	5.692190429E1	1.387927130E1
2.304000000E1	5.938604193E1	1.372355413E1
2.308000000E1	6.189165561E1	1.356845596E1
2.312000000E1	6.455818039E1	1.326330840E1
2.316000000E1	6.742857235E1	1.298009559E1
2.320000000E1	7.064462588E1	1.290058335E1
2.324000000E1	7.804299595E1	1.287737057E1
2.328000000E1	7.804769149E1	1.283436632E1
2.332000000E1	8.183839052E1	1.264815662E1
2.336000000E1	8.517087098E1	1.285772529E1
2.340000000E1	8.759718173E1	1.368792981E1
2.344000000E1	8.917629342E1	1.489229643E1
2.348000000E1	9.008757684E1	1.615530104E1
2.352000000E1	9.035937741E1	1.708142744E1
2.356000000E1	9.009356426E1	1.769222372E1
2.360000000E1	8.940727640E1	1.800889876E1
2.364000000E1	8.831508715E1	1.804075777E1
2.368000000E1	8.674671693E1	1.802866143E1
2.372000000E1	8.465226270E1	1.811279499E1
2.376000000E1	8.193938579E1	1.827395447E1
2.380000000E1	7.866801854E1	1.838802800E1
2.384000000E1	7.484717304E1	1.832949091E1
2.388000000E1	7.065928220E1	1.818120557E1
2.392000000E1	6.633375683E1	1.781192591E1
2.396000000E1	6.217538729E1	1.717715160E1
2.400000000E1	5.828567232E1	1.634213492E1
2.404000000E1	5.502776625E1	1.527709885E1
2.408000000E1	5.258651987E1	1.436199751E1
2.412000000E1	5.075722434E1	1.357988631E1
2.416000000E1	4.963740283E1	1.290587265E1
2.420000000E1	4.901882777E1	1.225561448E1
2.424000000E1	4.876590273E1	1.205532181E1
2.428000000E1	4.885625012E1	1.205921658E1
2.432000000E1	4.910722982E1	1.201588988E1
2.436000000E1	4.928954019E1	1.200302016E1
2.440000000E1	4.931766122E1	1.195673747E1
2.444000000E1	4.925994985E1	1.194740546E1
2.448000000E1	4.916548125E1	1.195291775E1
2.452000000E1	4.913962776E1	1.199167487E1
2.456000000E1	4.930703841E1	1.208593491E1
2.460000000E1	4.989086636E1	1.236651075E1
2.464000000E1	5.099314166E1	1.288130826E1
2.468000000E1	5.271083474E1	1.341961555E1
2.472000000E1	5.491983012E1	1.371657591E1
2.476000000E1	5.738238228E1	1.372303984E1
2.480000000E1	5.998146963E1	1.351822955E1
2.484000000E1	6.263233047E1	1.332831274E1
2.488000000E1	6.539687602E1	1.295488296E1
2.492000000E1	7.148875850E1	1.242021129E1
2.496000000E1	7.148861944E1	1.241645356E1
2.500000000E1	7.507368572E1	1.261015392E1
2.504000000E1	7.896466136E1	1.248658777E1
2.508000000E1	8.273671488E1	1.233000745E1
2.512000000E1	8.604126065E1	1.267036094E1
2.516000000E1	8.840485166E1	1.369901642E1
2.520000000E1	8.982778257E1	1.502448102E1
2.524000000E1	9.055923042E1	1.631064017E1
2.528000000E1	9.075818643E1	1.722536358E1
2.532000000E1	9.056706639E1	1.778720414E1
2.536000000E1	9.002816790E1	1.792182994E1
2.540000000E1	8.926653303E1	1.784844538E1
2.544000000E1	8.820989681E1	1.772257156E1
2.548000000E1	8.671218777E1	1.770219771E1
2.552000000E1	8.480853956E1	1.788833616E1
2.556000000E1	8.234308578E1	1.821650796E1
2.560000000E1	7.917155130E1	1.840618489E1
2.564000000E1	7.545980016E1	1.854151285E1
2.568000000E1	7.127463161E1	1.850477358E1
2.572000000E1	6.685622150E1	1.807336291E1
2.576000000E1	6.243264115E1	1.746845153E1
2.580000000E1	5.831669664E1	1.656283667E1
2.584000000E1	5.473257708E1	1.538248771E1
2.588000000E1	5.185904892E1	1.422790459E1
2.592000000E1	4.970160926E1	1.318333348E1
2.596000000E1	4.828089797E1	1.221413128E1
2.600000000E1	4.741676135E1	1.183030572E1
2.604000000E1	4.693163733E1	1.199011182E1
2.608000000E1	4.699117186E1	1.183366749E1
2.612000000E1	4.720874545E1	1.180481604E1
2.616000000E1	4.736657475E1	1.191477737E1
2.620000000E1	4.765651801E1	1.206764558E1
2.624000000E1	4.818359035E1	1.226019425E1
2.628000000E1	4.906146330E1	1.262807281E1
2.632000000E1	5.038857161E1	1.299899177E1
2.636000000E1	5.207515299E1	1.324202676E1
2.640000000E1	5.409560576E1	1.333599357E1
2.644000000E1	5.628282493E1	1.333483817E1
2.648000000E1	5.847424457E1	1.318535932E1
2.652000000E1	6.060895938E1	1.301060424E1
2.656000000E1	6.278200263E1	1.276707245E1
2.660000000E1	6.533747590E1	1.266944573E1
2.664000000E1	6.845805020E1	1.272970441E1
2.668000000E1	7.214112698E1	1.252383958E1
2.672000000E1	7.616832828E1	1.239974023E1
2.676000000E1	8.020133949E1	1.223215001E1
2.680000000E1	8.360878517E1	1.234890048E1
2.684000000E1	8.608325312E1	1.305633676E1
2.688000000E1	8.765110623E1	1.425682053E1
2.692000000E1	8.857906532E1	1.545586921E1
2.696000000E1	8.899710205E1	1.635227197E1
2.700000000E1	8.897693306E1	1.696470894E1
2.704000000E1	8.862218359E1	1.726259878E1
2.708000000E1	8.798033416E1	1.730991987E1
2.712000000E1	8.706215525E1	1.735016190E1
2.716000000E1	8.569634646E1	1.758380495E1
2.720000000E1	8.379989754E1	1.798480122E1
2.724000000E1	8.123936265E1	1.845681726E1
2.728000000E1	7.809173669E1	1.881708514E1
2.732000000E1	7.424588462E1	1.894805053E1
2.736000000E1	7.001747556E1	1.881894632E1
2.740000000E1	6.559006051E1	1.840681626E1
2.744000000E1	6.119802812E1	1.750688875E1
2.748000000E1	5.715988598E1	1.644454723E1
2.752000000E1	5.382460991E1	1.518468507E1
2.756000000E1	4.921379507E1	1.283386948E1
2.760000000E1	4.918764622E1	1.283387134E1
2.764000000E1	4.792284254E1	1.196090683E1
2.768000000E1	4.724296939E1	1.174133084E1
2.772000000E1	4.707044416E1	1.183447454E1
2.776000000E1	4.730976972E1	1.174491805E1
2.780000000E1	4.754252097E1	1.179125238E1
2.784000000E1	4.769804159E1	1.180527068E1
2.788000000E1	4.773618999E1	1.180863367E1
2.792000000E1	4.770579023E1	1.181960976E1
2.796000000E1	4.765106596E1	1.181287154E1
2.800000000E1	4.768373696E1	1.184248394E1
2.804000000E1	4.797463531E1	1.191602166E1
2.808000000E1	4.870165094E1	1.204333450E1
2.812000000E1	4.992159161E1	1.234671278E1
2.816000000E1	5.170025731E1	1.260830312E1
2.820000000E1	5.386855382E1	1.277701319E1
2.824000000E1	5.620886211E1	1.296353178E1
2.828000000E1	5.879285755E1	1.314050550E1
2.832000000E1	6.150758957E1	1.326817510E1
2.836000000E1	6.444630892E1	1.327451338E1
2.840000000E1	6.770178665E1	1.319844357E1
2.844000000E1	7.140444027E1	1.308359582E1
2.848000000E1	7.560089426E1	1.289070627E1
2.852000000E1	8.008374463E1	1.266838750E1
2.856000000E1	8.418492394E1	1.261266735E1
2.860000000E1	8.715492446E1	1.354477680E1
2.864000000E1	8.887318261E1	1.493267909E1
2.868000000E1	8.996118974E1	1.654728873E1
2.872000000E1	9.043534401E1	1.778862737E1
2.876000000E1	9.035806153E1	1.862437439E1
2.880000000E1	8.991461335E1	1.895246668E1
2.884000000E1	8.919316158E1	1.890759629E1
2.888000000E1	8.665753227E1	1.872266299E1
2.892000000E1	8.665463318E1	1.874396917E1
2.896000000E1	8.454040966E1	1.889855464E1
2.900000000E1	8.180806687E1	1.911027771E1
2.904000000E1	7.840273802E1	1.918570824E1
2.908000000E1	7.444690041E1	1.906671391E1
2.912000000E1	7.017242169E1	1.864953628E1
2.916000000E1	6.575663917E1	1.796916778E1
2.920000000E1	6.162102535E1	1.702893370E1
2.924000000E1	5.793586779E1	1.599146962E1
2.928000000E1	5.483797851E1	1.493874627E1
2.932000000E1	5.230310485E1	1.402303400E1
2.936000000E1	5.033740432E1	1.328737120E1
2.940000000E1	4.894401205E1	1.271258560E1
2.944000000E1	4.815047985E1	1.228125898E1
2.948000000E1	4.778063036E1	1.228945504E1
2.952000000E1	4.786569500E1	1.223974965E1
2.956000000E1	4.812539799E1	1.213301760E1
2.960000000E1	4.830156151E1	1.214196943E1
2.964000000E1	4.842571375E1	1.211829457E1
2.968000000E1	4.850390208E1	1.213600981E1
2.972000000E1	4.859746341E1	1.222036058E1
2.976000000E1	4.902104207E1	1.237656409E1
2.980000000E1	4.990341758E1	1.270521160E1
2.984000000E1	5.138210552E1	1.312542009E1
2.988000000E1	5.334629322E1	1.338725771E1
2.992000000E1	5.561419954E1	1.349395393E1
2.996000000E1	5.801982725E1	1.346470140E1
3.000000000E1	6.047531284E1	1.313056463E1
3.004000000E1	6.292382170E1	1.294980294E1
3.008000000E1	6.587218493E1	1.287043725E1
3.012000000E1	6.946728212E1	1.276459607E1
3.016000000E1	7.390901394E1	1.285419489E1
3.020000000E1	7.889828446E1	1.313285778E1
3.024000000E1	8.331085633E1	1.337021646E1
3.028000000E1	8.643008852E1	1.404160815E1
3.032000000E1	8.816208310E1	1.506977943E1
3.036000000E1	8.899348538E1	1.606915643E1
3.040000000E1	8.927199821E1	1.668149592E1
3.044000000E1	8.902556198E1	1.692269798E1
3.048000000E1	8.841396909E1	1.685965602E1
3.052000000E1	8.748733220E1	1.677091949E1
3.056000000E1	8.624190125E1	1.679228859E1
3.060000000E1	8.460129745E1	1.683321678E1
3.064000000E1	8.248952077E1	1.705406435E1
3.068000000E1	7.985150605E1	1.714358768E1
3.072000000E1	7.675763825E1	1.726499069E1
3.076000000E1	7.329201794E1	1.721601699E1
3.080000000E1	6.961625937E1	1.696542351E1
3.084000000E1	6.581021529E1	1.644201137E1
3.088000000E1	6.223258505E1	1.576233956E1
3.092000000E1	5.886120445E1	1.487978604E1
3.096000000E1	5.600904576E1	1.387945293E1
3.100000000E1	5.378802325E1	1.298529880E1
3.104000000E1	5.220169969E1	1.220305947E1
3.108000000E1	5.088038565E1	1.305623515E1
3.112000000E1	5.088222556E1	1.305283135E1
3.116000000E1	5.071990970E1	1.278842100E1
3.120000000E1	5.073637152E1	1.277383487E1
3.124000000E1	5.085365639E1	1.277261895E1
3.128000000E1	5.092010298E1	1.278394147E1
3.132000000E1	5.099743840E1	1.279660825E1
3.136000000E1	5.102974585E1	1.282554686E1
3.140000000E1	5.117527562E1	1.288990732E1
3.144000000E1	5.148814043E1	1.311440915E1
3.148000000E1	5.221348236E1	1.347421663E1
3.152000000E1	5.328497435E1	1.380553030E1
3.156000000E1	5.479829310E1	1.409037955E1
3.160000000E1	5.666419650E1	1.420882152E1
3.164000000E1	5.873306134E1	1.426585480E1
3.168000000E1	6.102649946E1	1.421385570E1
3.172000000E1	6.351931868E1	1.405135704E1
3.176000000E1	6.647203491E1	1.378582994E1
3.180000000E1	6.987232026E1	1.373603558E1
3.184000000E1	7.375176601E1	1.365595100E1
3.188000000E1	7.792346022E1	1.360781803E1
3.192000000E1	8.204512665E1	1.361300975E1
3.196000000E1	8.574549576E1	1.361063272E1
3.200000000E1	8.857255320E1	1.455651476E1
3.204000000E1	9.047926640E1	1.584353421E1
3.208000000E1	9.167559905E1	1.727725831E1
3.212000000E1	9.215549242E1	1.838958074E1
3.216000000E1	9.206483024E1	1.913490365E1
3.220000000E1	9.155966582E1	1.953684641E1
3.224000000E1	9.063358981E1	1.973440899E1
3.228000000E1	8.934301190E1	1.983684455E1
3.232000000E1	8.750572723E1	1.982750254E1
3.236000000E1	8.516874919E1	1.973817154E1
3.240000000E1	8.222494911E1	1.974485902E1
3.244000000E1	7.876774728E1	1.963636535E1
3.248000000E1	7.486515786E1	1.928415069E1
3.252000000E1	7.078741106E1	1.894455737E1
3.256000000E1	6.666525649E1	1.858237218E1
3.260000000E1	6.261149825E1	1.802250633E1
3.264000000E1	5.882286011E1	1.751268050E1
3.268000000E1	5.542253767E1	1.688978442E1
3.272000000E1	5.271874184E1	1.646391791E1
3.276000000E1	5.063213415E1	1.603589017E1
3.280000000E1	4.921419691E1	1.544970577E1
3.284000000E1	4.836237082E1	1.473165902E1
3.288000000E1	4.791950291E1	1.394902139E1
3.292000000E1	4.778315964E1	1.403535564E1
3.296000000E1	4.792450537E1	1.394720734E1
3.300000000E1	4.815992695E1	1.394053980E1
3.304000000E1	4.834132748E1	1.393515301E1
3.308000000E1	4.838475858E1	1.392859264E1
3.312000000E1	4.833053734E1	1.392778668E1
3.316000000E1	4.819122697E1	1.392583142E1
3.320000000E1	4.809489687E1	1.392823397E1
3.324000000E1	4.802754461E1	1.394185736E1
3.328000000E1	4.802800066E1	1.395385797E1
3.332000000E1	4.803124706E1	1.395648527E1
3.336000000E1	4.804451345E1	1.395198200E1
3.340000000E1	4.803966526E1	1.394860766E1
3.344000000E1	4.803119922E1	1.394561313E1
3.348000000E1	4.802723709E1	1.394463106E1
3.352000000E1	4.802393034E1	1.395237857E1
3.356000000E1	4.802705867E1	1.394443627E1
3.360000000E1	4.802738170E1	1.394316406E1
