axel
t	x	y
0.000000000E0	1.599088901E1	3.774060654E1
4.000000000E-2	1.599101376E1	3.774168774E1
8.000000000E-2	1.599116081E1	3.774072773E1
1.200000000E-1	1.599288743E1	3.774426387E1
1.600000000E-1	1.599303467E1	3.774392571E1
2.000000000E-1	1.599288513E1	3.774280094E1
2.400000000E-1	1.599125177E1	3.774137358E1
2.800000000E-1	1.599065602E1	3.774032691E1
3.200000000E-1	1.598971111E1	3.773943528E1
3.600000000E-1	1.598980972E1	3.773981598E1
4.000000000E-1	1.599002934E1	3.773929294E1
4.400000000E-1	1.598944879E1	3.773883886E1
4.800000000E-1	1.598910227E1	3.773861351E1
5.200000000E-1	1.598931145E1	3.773774758E1
5.600000000E-1	1.598960796E1	3.773757245E1
6.000000000E-1	1.598923326E1	3.773643690E1
6.400000000E-1	1.598918683E1	3.773685789E1
6.800000000E-1	1.598938682E1	3.773727558E1
7.200000000E-1	1.598963238E1	3.773716835E1
7.600000000E-1	1.598955838E1	3.773741190E1
8.000000000E-1	1.598952556E1	3.773762715E1
8.400000000E-1	1.598966733E1	3.773789136E1
8.800000000E-1	1.598983088E1	3.773824846E1
9.200000000E-1	1.598937017E1	3.773795558E1
9.600000000E-1	1.598985128E1	3.773943946E1
1.000000000E0	1.599150477E1	3.774046363E1
1.040000000E0	1.599137481E1	3.773998017E1
1.080000000E0	1.599142106E1	3.773986931E1
1.120000000E0	1.599208494E1	3.774102742E1
1.160000000E0	1.599107360E1	3.773997439E1
1.200000000E0	1.598814574E1	3.773866965E1
1.240000000E0	1.598668978E1	3.773800552E1
1.280000000E0	1.598693060E1	3.773802006E1
1.320000000E0	1.598730017E1	3.773805438E1
1.360000000E0	1.598685160E1	3.773580319E1
1.400000000E0	1.598849336E1	3.773753316E1
1.440000000E0	1.598880417E1	3.773826321E1
1.480000000E0	1.598889894E1	3.773871518E1
1.520000000E0	1.598905292E1	3.773903328E1
1.560000000E0	1.598911423E1	3.773923391E1
1.600000000E0	1.598612902E1	3.773834904E1
1.640000000E0	1.598210878E1	3.773772979E1
1.680000000E0	1.598277655E1	3.773945353E1
1.720000000E0	1.597645715E1	3.773854710E1
1.760000000E0	1.598010377E1	3.774014875E1
1.800000000E0	1.598192504E1	3.774039067E1
1.840000000E0	1.598300978E1	3.774098958E1
1.880000000E0	1.598406821E1	3.774083965E1
1.920000000E0	1.598309080E1	3.774174032E1
1.960000000E0	1.598001265E1	3.774278632E1
2.000000000E0	1.598379437E1	3.774294359E1
2.040000000E0	1.598438445E1	3.774381583E1
2.080000000E0	1.598446424E1	3.774612078E1
2.120000000E0	1.598722202E1	3.774689574E1
2.160000000E0	1.598913920E1	3.774942543E1
2.200000000E0	1.599313752E1	3.782625742E1
2.240000000E0	1.612489053E1	3.790238761E1
2.280000000E0	1.626388868E1	3.806077085E1
2.320000000E0	1.637586597E1	3.830301393E1
2.360000000E0	1.646094520E1	3.861497735E1
2.400000000E0	1.659710455E1	3.891034469E1
2.440000000E0	1.680034905E1	3.919247021E1
2.480000000E0	1.720628574E1	3.943265916E1
2.520000000E0	1.780139949E1	3.968653580E1
2.560000000E0	1.855239394E1	4.000145585E1
2.600000000E0	1.955583032E1	4.026349947E1
2.640000000E0	2.079476931E1	4.040154008E1
2.680000000E0	2.228125540E1	4.036935908E1
2.720000000E0	2.381278900E1	4.020991871E1
2.760000000E0	2.537600341E1	3.992710178E1
2.800000000E0	2.743171862E1	3.971290106E1
2.840000000E0	2.955332105E1	3.964247878E1
2.880000000E0	3.123536080E1	3.964087688E1
2.920000000E0	3.232965300E1	3.952045905E1
2.960000000E0	3.225473909E1	3.952053814E1
3.000000000E0	3.218006244E1	3.974535896E1
3.040000000E0	3.165598140E1	4.004556820E1
3.080000000E0	3.128133276E1	3.997104972E1
3.120000000E0	3.060718665E1	4.004667540E1
3.160000000E0	2.955870824E1	4.034743825E1
3.200000000E0	2.858506465E1	4.057320810E1
3.240000000E0	2.776132797E1	4.087373369E1
3.280000000E0	2.693727495E1	4.087460363E1
3.320000000E0	2.588871745E1	4.110045257E1
3.360000000E0	2.543915490E1	4.102601317E1
3.400000000E0	2.424053232E1	4.102727854E1
3.440000000E0	2.319165848E1	4.095347184E1
3.480000000E0	2.229245429E1	4.072967913E1
3.520000000E0	2.146792675E1	4.028106561E1
3.560000000E0	2.041865748E1	3.983268935E1
3.600000000E0	1.949282117E1	3.932920625E1
3.640000000E0	1.873953173E1	3.890493129E1
3.680000000E0	1.809982634E1	3.843283989E1
3.720000000E0	1.773833654E1	3.806553927E1
3.760000000E0	1.745374332E1	3.771922121E1
3.800000000E0	1.744390692E1	3.773390127E1
3.840000000E0	1.732869575E1	3.774364924E1
3.880000000E0	1.723167878E1	3.776489153E1
3.920000000E0	1.711070946E1	3.779502704E1
3.960000000E0	1.692484148E1	3.776612690E1
4.000000000E0	1.671156399E1	3.775656681E1
4.040000000E0	1.650741525E1	3.771295340E1
4.080000000E0	1.636055713E1	3.771559631E1
4.120000000E0	1.628712020E1	3.773431577E1
4.160000000E0	1.627318471E1	3.773713911E1
4.200000000E0	1.634217802E1	3.772623276E1
4.240000000E0	1.640197642E1	3.775450610E1
4.280000000E0	1.655040222E1	3.785297469E1
4.320000000E0	1.672183563E1	3.803436524E1
4.360000000E0	1.683741674E1	3.820678802E1
4.400000000E0	1.682903531E1	3.849365164E1
4.440000000E0	1.685872485E1	3.878747571E1
4.480000000E0	1.705281490E1	3.903528166E1
4.520000000E0	1.745157020E1	3.925152826E1
4.560000000E0	1.802082897E1	3.942466352E1
4.600000000E0	1.864158528E1	3.971842530E1
4.640000000E0	1.938676078E1	3.994912710E1
4.680000000E0	2.041233868E1	4.003256472E1
4.720000000E0	2.148787680E1	4.007037621E1
4.760000000E0	2.286859410E1	3.996879673E1
4.800000000E0	2.450409487E1	3.971000288E1
4.840000000E0	2.631598072E1	3.940836059E1
4.880000000E0	2.830317999E1	3.907323306E1
4.920000000E0	3.003984450E1	3.904642069E1
4.960000000E0	3.138458560E1	3.920261163E1
5.000000000E0	3.219453405E1	3.934740233E1
5.040000000E0	3.241618857E1	3.968950457E1
5.080000000E0	3.210669807E1	3.993879169E1
5.120000000E0	3.177678953E1	3.999106400E1
5.160000000E0	3.095568843E1	4.013328698E1
5.200000000E0	3.024368767E1	4.012292983E1
5.240000000E0	2.944181111E1	4.028266500E1
5.280000000E0	2.854352699E1	4.045275734E1
5.320000000E0	2.746709993E1	4.069469608E1
5.360000000E0	2.664391657E1	4.069690830E1
5.400000000E0	2.579662230E1	4.071948624E1
5.440000000E0	2.481557852E1	4.071746364E1
5.480000000E0	2.390601778E1	4.071288501E1
5.520000000E0	2.308257632E1	4.060820473E1
5.560000000E0	2.219578674E1	4.031500153E1
5.600000000E0	2.110110937E1	3.994736232E1
5.640000000E0	2.016558575E1	3.943217418E1
5.680000000E0	1.913956270E1	3.879856236E1
5.720000000E0	1.837792268E1	3.822682620E1
5.760000000E0	1.792563065E1	3.780920180E1
5.800000000E0	1.757004459E1	3.768585495E1
5.840000000E0	1.746680740E1	3.775920648E1
5.880000000E0	1.742246700E1	3.783925035E1
5.920000000E0	1.747467038E1	3.791536795E1
5.960000000E0	1.751398927E1	3.786824513E1
6.000000000E0	1.750928483E1	3.785017876E1
6.040000000E0	1.746456734E1	3.789602399E1
6.080000000E0	1.743010566E1	3.788450178E1
6.120000000E0	1.742804724E1	3.788952757E1
6.160000000E0	1.741614384E1	3.798641535E1
6.200000000E0	1.757134863E1	3.805942921E1
6.240000000E0	1.754500300E1	3.829434606E1
6.280000000E0	1.757226499E1	3.853308335E1
6.320000000E0	1.756387351E1	3.881896726E1
6.360000000E0	1.763900905E1	3.915545959E1
6.400000000E0	1.786872170E1	3.939470359E1
6.440000000E0	1.828676625E1	3.968865397E1
6.480000000E0	1.889942436E1	3.997805697E1
6.520000000E0	1.972472019E1	4.026602399E1
6.560000000E0	2.081152182E1	4.040551409E1
6.600000000E0	2.224434348E1	4.045677189E1
6.640000000E0	2.387857629E1	4.031693446E1
6.680000000E0	2.546738873E1	3.997092584E1
6.720000000E0	2.735123490E1	3.967238228E1
6.760000000E0	2.933421678E1	3.953207586E1
6.800000000E0	3.091638614E1	3.966879434E1
6.840000000E0	3.198655617E1	3.986140396E1
6.880000000E0	3.236573168E1	4.014184148E1
6.920000000E0	3.223500769E1	4.043885690E1
6.960000000E0	3.186270133E1	4.044603002E1
7.000000000E0	3.112551981E1	4.043645062E1
7.040000000E0	3.037561050E1	4.043284822E1
7.080000000E0	2.977666802E1	4.044619289E1
7.120000000E0	2.872219942E1	4.071162947E1
7.160000000E0	2.816173850E1	4.072047507E1
7.200000000E0	2.647625952E1	4.078469750E1
7.240000000E0	2.646721335E1	4.076948096E1
7.280000000E0	2.551110930E1	4.072901489E1
7.320000000E0	2.459536160E1	4.071513004E1
7.360000000E0	2.377330053E1	4.061875451E1
7.400000000E0	2.286143602E1	4.046928658E1
7.440000000E0	2.198113586E1	4.018237763E1
7.480000000E0	2.102340983E1	3.984755375E1
7.520000000E0	1.933362573E1	3.893319130E1
7.560000000E0	1.934493909E1	3.893485202E1
7.600000000E0	1.835355689E1	3.808833403E1
7.640000000E0	1.834167834E1	3.807387612E1
7.680000000E0	1.789262562E1	3.772491790E1
7.720000000E0	1.788791787E1	3.772879950E1
7.760000000E0	1.785067878E1	3.775152234E1
7.800000000E0	1.784155618E1	3.781944858E1
7.840000000E0	1.790927744E1	3.791283113E1
7.880000000E0	1.792954461E1	3.793641493E1
7.920000000E0	1.786934314E1	3.792129265E1
7.960000000E0	1.776984805E1	3.792219158E1
8.000000000E0	1.771654272E1	3.788426698E1
8.040000000E0	1.771646119E1	3.788387994E1
8.080000000E0	1.778502696E1	3.792727842E1
8.120000000E0	1.786685185E1	3.804450665E1
8.160000000E0	1.798228984E1	3.819144217E1
8.200000000E0	1.796298169E1	3.845945994E1
8.240000000E0	1.787908552E1	3.877318218E1
8.280000000E0	1.788923130E1	3.905170599E1
8.320000000E0	1.809522474E1	3.925127736E1
8.360000000E0	1.834309941E1	3.950803040E1
8.400000000E0	1.894709492E1	3.968479090E1
8.440000000E0	1.981948949E1	3.986761769E1
8.480000000E0	2.087550187E1	4.002904399E1
8.520000000E0	2.211522988E1	4.016326485E1
8.560000000E0	2.489448566E1	4.014734268E1
8.600000000E0	2.490223528E1	4.014294162E1
8.640000000E0	2.612050839E1	3.997451304E1
8.680000000E0	2.720348546E1	3.972926226E1
8.720000000E0	2.836232333E1	3.972270566E1
8.760000000E0	3.024739939E1	4.021600328E1
8.800000000E0	3.027378893E1	4.023600650E1
8.840000000E0	3.066830342E1	4.045624171E1
8.880000000E0	3.048443910E1	4.072649615E1
8.920000000E0	3.013374461E1	4.084844206E1
8.960000000E0	2.885622715E1	4.086148340E1
9.000000000E0	2.885177416E1	4.086907182E1
9.040000000E0	2.821778163E1	4.087435591E1
9.080000000E0	2.670764867E1	4.089617682E1
9.120000000E0	2.670661131E1	4.088466874E1
9.160000000E0	2.585825103E1	4.087699990E1
9.200000000E0	2.508231882E1	4.071036518E1
9.240000000E0	2.431432309E1	4.058200952E1
9.280000000E0	2.381932454E1	4.028840018E1
9.320000000E0	2.301706793E1	4.027151117E1
9.360000000E0	2.246096001E1	3.996215894E1
9.400000000E0	2.180478337E1	3.969359449E1
9.440000000E0	2.108529175E1	3.936106362E1
9.480000000E0	1.987275718E1	3.848425169E1
9.520000000E0	1.985647382E1	3.848356591E1
9.560000000E0	1.955921027E1	3.820767873E1
9.600000000E0	1.923188387E1	3.816953987E1
9.640000000E0	1.922547051E1	3.817346809E1
9.680000000E0	1.923121563E1	3.819948273E1
9.720000000E0	1.924892708E1	3.821117413E1
9.760000000E0	1.920980953E1	3.818705468E1
9.800000000E0	1.907724612E1	3.818889481E1
9.840000000E0	1.873400876E1	3.817217045E1
9.880000000E0	1.873978446E1	3.817446034E1
9.920000000E0	1.860246493E1	3.817840964E1
9.960000000E0	1.846998686E1	3.818573937E1
1.000000000E1	1.847104817E1	3.818472097E1
1.004000000E1	1.858369285E1	3.818926014E1
1.008000000E1	1.862329025E1	3.833473937E1
1.012000000E1	1.864173900E1	3.849259781E1
1.016000000E1	1.859644988E1	3.875301126E1
1.020000000E1	1.875224497E1	3.895217730E1
1.024000000E1	1.891277664E1	3.922383498E1
1.028000000E1	1.933745435E1	3.940099068E1
1.032000000E1	1.979914058E1	3.966934636E1
1.036000000E1	2.132334650E1	4.009210031E1
1.040000000E1	2.131946439E1	4.009866356E1
1.044000000E1	2.343916627E1	4.028011393E1
1.048000000E1	2.341663154E1	4.027320921E1
1.052000000E1	2.459355024E1	4.026707314E1
1.056000000E1	2.611585858E1	3.999496706E1
1.060000000E1	2.783934717E1	3.981156263E1
1.064000000E1	2.944331936E1	3.979936907E1
1.068000000E1	3.155431224E1	3.982927316E1
1.072000000E1	3.153898693E1	3.981986779E1
1.076000000E1	3.183255157E1	3.997106998E1
1.080000000E1	3.118485991E1	4.023977188E1
1.084000000E1	3.118667891E1	4.025157256E1
1.088000000E1	3.061553445E1	4.027182047E1
1.092000000E1	2.893979018E1	4.056273296E1
1.096000000E1	2.894543022E1	4.056032536E1
1.100000000E1	2.718971727E1	4.075120384E1
1.104000000E1	2.719071866E1	4.074822052E1
1.108000000E1	2.625022662E1	4.070434260E1
1.112000000E1	2.534844986E1	4.057411781E1
1.116000000E1	2.453116735E1	4.046516291E1
1.120000000E1	2.361735835E1	4.027637244E1
1.124000000E1	2.205110726E1	3.956734910E1
1.128000000E1	2.205144543E1	3.955667334E1
1.132000000E1	2.120023011E1	3.925893759E1
1.136000000E1	2.030970770E1	3.891567707E1
1.140000000E1	1.972029834E1	3.854454826E1
1.144000000E1	1.930634587E1	3.816746122E1
1.148000000E1	1.919861642E1	3.789551986E1
1.152000000E1	1.905841801E1	3.768474861E1
1.156000000E1	1.873322922E1	3.754490375E1
1.160000000E1	1.874467539E1	3.755574136E1
1.164000000E1	1.863071514E1	3.758709719E1
1.168000000E1	1.851420596E1	3.759856270E1
1.172000000E1	1.844549514E1	3.757969332E1
1.176000000E1	1.841885728E1	3.759593245E1
1.180000000E1	1.843281595E1	3.759601330E1
1.184000000E1	1.846431268E1	3.772766532E1
1.188000000E1	1.850350052E1	3.788369746E1
1.192000000E1	1.857778103E1	3.802526175E1
1.196000000E1	1.850042402E1	3.832808637E1
1.200000000E1	1.858559655E1	3.850137169E1
1.204000000E1	1.864546181E1	3.879277875E1
1.208000000E1	1.936930913E1	3.930939917E1
1.212000000E1	1.969564366E1	3.960813786E1
1.216000000E1	2.029626906E1	3.980895471E1
1.220000000E1	2.102908173E1	3.996581160E1
1.224000000E1	2.197918638E1	4.009837834E1
1.228000000E1	2.317838084E1	4.012942659E1
1.232000000E1	2.440645513E1	4.009189006E1
1.236000000E1	2.565532511E1	3.996332254E1
1.240000000E1	2.666276314E1	3.971672463E1
1.244000000E1	2.790397806E1	3.970928558E1
1.248000000E1	2.933449938E1	3.975134137E1
1.252000000E1	3.043742043E1	3.980117981E1
1.256000000E1	3.118741182E1	3.982430013E1
1.260000000E1	3.147187770E1	3.998601946E1
1.264000000E1	3.150771643E1	4.005249338E1
1.268000000E1	3.118494576E1	4.004995967E1
1.272000000E1	3.069914849E1	4.004538254E1
1.276000000E1	3.016942844E1	4.008153804E1
1.280000000E1	2.869920535E1	4.037034321E1
1.284000000E1	2.869952274E1	4.036561703E1
1.288000000E1	2.774198813E1	4.062908625E1
1.292000000E1	2.699371678E1	4.064540783E1
1.296000000E1	2.623791723E1	4.068458415E1
1.300000000E1	2.527296356E1	4.065369735E1
1.304000000E1	2.435198370E1	4.063585426E1
1.308000000E1	2.362300148E1	4.040302642E1
1.312000000E1	2.265760085E1	4.007664388E1
1.316000000E1	2.099136028E1	3.915808482E1
1.320000000E1	2.099886217E1	3.915698999E1
1.324000000E1	2.022993757E1	3.866827589E1
1.328000000E1	1.972296273E1	3.827925994E1
1.332000000E1	1.944795970E1	3.780158551E1
1.336000000E1	1.900272170E1	3.761228787E1
1.340000000E1	1.902411046E1	3.763704887E1
1.344000000E1	1.900535652E1	3.768273986E1
1.348000000E1	1.894096480E1	3.779044739E1
1.352000000E1	1.896936346E1	3.782193038E1
1.356000000E1	1.895629918E1	3.782558394E1
1.360000000E1	1.894837381E1	3.782523817E1
1.364000000E1	1.898813965E1	3.788357902E1
1.368000000E1	1.895409301E1	3.812639480E1
1.372000000E1	1.894534826E1	3.812254418E1
1.376000000E1	1.887774908E1	3.834711372E1
1.380000000E1	1.891857584E1	3.859897120E1
1.384000000E1	1.899391766E1	3.889318772E1
1.388000000E1	1.914057888E1	3.915266423E1
1.392000000E1	1.972383479E1	3.949455238E1
1.396000000E1	1.971275026E1	3.948631559E1
1.400000000E1	2.042474287E1	3.963560011E1
1.404000000E1	2.042483813E1	3.962981018E1
1.408000000E1	2.094402080E1	3.960314435E1
1.412000000E1	2.161415900E1	3.960523085E1
1.416000000E1	2.237478546E1	3.959180608E1
1.420000000E1	2.471355644E1	3.932969415E1
1.424000000E1	2.471830399E1	3.932187036E1
1.428000000E1	2.598902744E1	3.927516104E1
1.432000000E1	2.772756928E1	3.918098204E1
1.436000000E1	2.902593868E1	3.918864121E1
1.440000000E1	3.028748614E1	3.923398526E1
1.444000000E1	3.029416559E1	3.925291261E1
1.448000000E1	3.009004571E1	3.945302556E1
1.452000000E1	3.011594287E1	3.944418700E1
1.456000000E1	2.954995481E1	3.955933230E1
1.460000000E1	2.823949601E1	3.978254368E1
1.464000000E1	2.823239192E1	3.977926021E1
1.468000000E1	2.738304735E1	3.991210119E1
1.472000000E1	2.572482889E1	4.009302438E1
1.476000000E1	2.570945953E1	4.007991182E1
1.480000000E1	2.412022962E1	4.003737146E1
1.484000000E1	2.413498533E1	4.004739497E1
1.488000000E1	2.330636676E1	4.002190606E1
1.492000000E1	2.268789929E1	3.975251970E1
1.496000000E1	2.202553130E1	3.944681923E1
1.500000000E1	2.090957017E1	3.856776171E1
1.504000000E1	2.089641421E1	3.856595199E1
1.508000000E1	2.045839849E1	3.814234472E1
1.512000000E1	2.018074024E1	3.783704526E1
1.516000000E1	2.007880196E1	3.754471633E1
1.520000000E1	1.999345342E1	3.741726266E1
1.524000000E1	1.987389170E1	3.740314791E1
1.528000000E1	1.964368659E1	3.745494107E1
1.532000000E1	1.953757518E1	3.753379335E1
1.536000000E1	1.946621356E1	3.751746026E1
1.540000000E1	1.937584504E1	3.753617661E1
1.544000000E1	1.936602899E1	3.753340568E1
1.548000000E1	1.930280253E1	3.759267973E1
1.552000000E1	1.931466108E1	3.774525847E1
1.556000000E1	1.933711037E1	3.794462896E1
1.560000000E1	1.926000169E1	3.824741877E1
1.564000000E1	1.939001501E1	3.842349254E1
1.568000000E1	1.994313160E1	3.884951811E1
1.572000000E1	1.994727017E1	3.885096500E1
1.576000000E1	2.038933765E1	3.910145035E1
1.580000000E1	2.109870338E1	3.930120295E1
1.584000000E1	2.193256332E1	3.949282697E1
1.588000000E1	2.298062927E1	3.950737134E1
1.592000000E1	2.409372060E1	3.944840525E1
1.596000000E1	2.526391040E1	3.928023860E1
1.600000000E1	2.672919282E1	3.918246820E1
1.604000000E1	2.822911909E1	3.918153677E1
1.608000000E1	3.085583289E1	3.916064772E1
1.612000000E1	3.086801035E1	3.915926798E1
1.616000000E1	3.156255249E1	3.920039483E1
1.620000000E1	3.154461544E1	3.941454801E1
1.624000000E1	3.151132573E1	3.943719341E1
1.628000000E1	3.072619782E1	3.959556812E1
1.632000000E1	3.073158110E1	3.959131307E1
1.636000000E1	3.011671448E1	3.970304999E1
1.640000000E1	2.950226468E1	3.987687378E1
1.644000000E1	2.876345419E1	4.001842896E1
1.648000000E1	2.800834199E1	4.017706400E1
1.652000000E1	2.727004078E1	4.020211557E1
1.656000000E1	2.650209678E1	4.019533607E1
1.660000000E1	2.569421824E1	4.019258689E1
1.664000000E1	2.488068967E1	4.003883594E1
1.668000000E1	2.306772758E1	3.948739495E1
1.672000000E1	2.309015425E1	3.947442903E1
1.676000000E1	2.211445501E1	3.903973440E1
1.680000000E1	2.121177921E1	3.855929565E1
1.684000000E1	1.966248745E1	3.761633824E1
1.688000000E1	1.966405992E1	3.763049311E1
1.692000000E1	1.904948233E1	3.729204905E1
1.696000000E1	1.873298016E1	3.710401671E1
1.700000000E1	1.846803404E1	3.707534089E1
1.704000000E1	1.843550422E1	3.711048169E1
1.708000000E1	1.848415630E1	3.720865647E1
1.712000000E1	1.860101657E1	3.721435514E1
1.716000000E1	1.865673713E1	3.722869448E1
1.720000000E1	1.872774385E1	3.724461638E1
1.724000000E1	1.876815645E1	3.735316608E1
1.728000000E1	1.878856881E1	3.750841498E1
1.732000000E1	1.886945039E1	3.765834480E1
1.736000000E1	1.890132625E1	3.792635061E1
1.740000000E1	1.904196920E1	3.812745776E1
1.744000000E1	1.916950405E1	3.838189965E1
1.748000000E1	1.938121032E1	3.866919984E1
1.752000000E1	1.980265326E1	3.887506340E1
1.756000000E1	2.023080473E1	3.913869769E1
1.760000000E1	2.085196762E1	3.932579632E1
1.764000000E1	2.156001176E1	3.945002095E1
1.768000000E1	2.251474430E1	3.950833396E1
1.772000000E1	2.361824760E1	3.950981484E1
1.776000000E1	2.462908488E1	3.945390333E1
1.780000000E1	2.561592180E1	3.930673044E1
1.784000000E1	2.683568664E1	3.931098029E1
1.788000000E1	2.824556125E1	3.943454440E1
1.792000000E1	2.978261227E1	3.944852373E1
1.796000000E1	3.087789328E1	3.947530590E1
1.800000000E1	3.130524073E1	3.960736784E1
1.804000000E1	3.134955845E1	3.975931151E1
1.808000000E1	3.104975154E1	3.986827296E1
1.812000000E1	3.066217946E1	3.992143300E1
1.816000000E1	3.015035695E1	3.989661097E1
1.820000000E1	2.962333901E1	3.994580972E1
1.824000000E1	2.893359115E1	4.006161032E1
1.828000000E1	2.755941657E1	4.020459291E1
1.832000000E1	2.757219814E1	4.020858885E1
1.836000000E1	2.687970019E1	4.020030847E1
1.840000000E1	2.622114701E1	4.002177133E1
1.844000000E1	2.551233375E1	3.992428785E1
1.848000000E1	2.474187143E1	3.972361313E1
1.852000000E1	2.364019292E1	4.005403039E1
1.856000000E1	2.274090964E1	3.975532377E1
1.860000000E1	2.214120292E1	3.938138690E1
1.864000000E1	2.109193365E1	3.893301064E1
1.868000000E1	2.049238511E1	3.870890159E1
1.872000000E1	1.996775047E1	3.848471346E1
1.876000000E1	1.966785757E1	3.826028807E1
1.880000000E1	1.974261331E1	3.811038116E1
1.884000000E1	1.921821593E1	3.811093476E1
1.888000000E1	1.929312984E1	3.811085568E1
1.892000000E1	1.944303675E1	3.818561142E1
1.896000000E1	1.951795066E1	3.818553233E1
1.900000000E1	1.929297167E1	3.796102786E1
1.904000000E1	1.927216587E1	3.795263785E1
1.908000000E1	1.920484851E1	3.797187890E1
1.912000000E1	1.921617800E1	3.799676762E1
1.916000000E1	1.926157184E1	3.807301243E1
1.920000000E1	1.942516473E1	3.813700457E1
1.924000000E1	1.942161535E1	3.837105558E1
1.928000000E1	1.956726760E1	3.856728084E1
1.932000000E1	1.970520514E1	3.883631120E1
1.936000000E1	2.005600075E1	3.903820155E1
1.940000000E1	2.050249567E1	3.927974463E1
1.944000000E1	2.122777925E1	3.947560113E1
1.948000000E1	2.205510958E1	3.966474053E1
1.952000000E1	2.305045987E1	3.978118498E1
1.956000000E1	2.423771815E1	3.980681606E1
1.960000000E1	2.541934552E1	3.971097427E1
1.964000000E1	2.657664154E1	3.955864407E1
1.968000000E1	2.786128566E1	3.942081310E1
1.972000000E1	2.921494674E1	3.931649717E1
1.976000000E1	3.059234551E1	3.926388316E1
1.980000000E1	3.148664033E1	3.898660674E1
1.984000000E1	3.220405698E1	3.901816128E1
1.988000000E1	3.270155206E1	3.905024499E1
1.992000000E1	3.248219019E1	3.929133144E1
1.996000000E1	3.232968552E1	3.931256584E1
2.000000000E1	3.196005708E1	3.930223150E1
2.004000000E1	3.092291052E1	3.957929078E1
2.008000000E1	3.036489564E1	3.959198773E1
2.012000000E1	2.861378296E1	3.988988915E1
2.016000000E1	2.860278859E1	3.989082189E1
2.020000000E1	2.781023107E1	3.989133453E1
2.024000000E1	2.701282828E1	3.989750898E1
2.028000000E1	2.616508193E1	3.988331046E1
2.032000000E1	2.540574061E1	3.989769830E1
2.036000000E1	2.463597877E1	3.973519009E1
2.040000000E1	2.380404254E1	3.961835306E1
2.044000000E1	2.294759409E1	3.930274183E1
2.048000000E1	2.203870375E1	3.898410234E1
2.052000000E1	2.059130552E1	3.812694151E1
2.056000000E1	2.109153822E1	3.855844108E1
2.060000000E1	2.061554760E1	3.824331674E1
2.064000000E1	2.037226275E1	3.799834645E1
2.068000000E1	2.018954434E1	3.789156557E1
2.072000000E1	2.016639255E1	3.781446424E1
2.076000000E1	2.008402672E1	3.784776351E1
2.080000000E1	2.001277383E1	3.783198601E1
2.084000000E1	1.988986802E1	3.791365558E1
2.088000000E1	1.978216695E1	3.794687191E1
2.092000000E1	1.962446541E1	3.794652673E1
2.096000000E1	1.961506227E1	3.795135145E1
2.100000000E1	1.960234380E1	3.794865696E1
2.104000000E1	1.970869125E1	3.794838665E1
2.108000000E1	1.984856399E1	3.797508833E1
2.112000000E1	1.987843577E1	3.821080109E1
2.116000000E1	2.005498463E1	3.841521568E1
2.120000000E1	2.038443478E1	3.858796605E1
2.124000000E1	2.077625068E1	3.883240861E1
2.128000000E1	2.139782854E1	3.903764845E1
2.132000000E1	2.216504309E1	3.920147623E1
2.136000000E1	2.295079804E1	3.945195528E1
2.140000000E1	2.399393252E1	3.960689213E1
2.144000000E1	2.514454298E1	3.971033953E1
2.148000000E1	2.636048088E1	3.977119535E1
2.152000000E1	2.903624215E1	3.956906310E1
2.156000000E1	2.903713766E1	3.958077264E1
2.160000000E1	3.057858579E1	3.934156612E1
2.164000000E1	3.189771120E1	3.923304239E1
2.168000000E1	3.294337187E1	3.929184794E1
2.172000000E1	3.333771937E1	3.954699020E1
2.176000000E1	3.341928454E1	3.986520909E1
2.180000000E1	3.350852224E1	3.988263020E1
2.184000000E1	3.278827791E1	4.018128434E1
2.188000000E1	3.233020890E1	4.018488489E1
2.192000000E1	3.176589551E1	4.019784980E1
2.196000000E1	3.078847231E1	4.047840216E1
2.200000000E1	2.923785419E1	4.078936990E1
2.204000000E1	2.922966104E1	4.079325073E1
2.208000000E1	2.835949542E1	4.081672174E1
2.212000000E1	2.746468681E1	4.079235985E1
2.216000000E1	2.706922834E1	4.104657247E1
2.220000000E1	2.618505571E1	4.085102866E1
2.224000000E1	2.521156514E1	4.056001266E1
2.228000000E1	2.412832702E1	4.022036184E1
2.232000000E1	2.234704191E1	3.975163336E1
2.236000000E1	2.232671572E1	3.975276488E1
2.240000000E1	2.179857519E1	3.944955423E1
2.244000000E1	2.145718005E1	3.920881635E1
2.248000000E1	2.106433687E1	3.900677441E1
2.252000000E1	2.071357031E1	3.901118480E1
2.256000000E1	2.044034085E1	3.899758983E1
2.260000000E1	2.033378392E1	3.902755540E1
2.264000000E1	2.033888042E1	3.903004527E1
2.268000000E1	1.944343218E1	3.856018097E1
2.272000000E1	1.946026220E1	3.856592328E1
2.276000000E1	1.950083175E1	3.858404628E1
2.280000000E1	1.959187682E1	3.860310688E1
2.284000000E1	1.961761715E1	3.872855751E1
2.288000000E1	1.971414838E1	3.885786881E1
2.292000000E1	1.974672972E1	3.903309519E1
2.296000000E1	1.982532656E1	3.923487362E1
2.300000000E1	2.009390078E1	3.948981065E1
2.304000000E1	2.051054724E1	3.966301156E1
2.308000000E1	2.095163090E1	3.987021422E1
2.312000000E1	2.170839844E1	3.996669847E1
2.316000000E1	2.256010562E1	4.005626220E1
2.320000000E1	2.363312303E1	4.007093384E1
2.324000000E1	2.625155636E1	3.979511791E1
2.328000000E1	2.626468959E1	3.972062493E1
2.332000000E1	2.777944406E1	3.961709955E1
2.336000000E1	2.972845252E1	3.947955351E1
2.340000000E1	3.087112072E1	3.935746268E1
2.344000000E1	3.170250286E1	3.941339722E1
2.348000000E1	3.249397834E1	3.958769856E1
2.352000000E1	3.250817180E1	3.986937566E1
2.356000000E1	3.247979672E1	3.999894881E1
2.360000000E1	3.221038853E1	4.003105668E1
2.364000000E1	3.117844617E1	4.018407443E1
2.368000000E1	3.052851786E1	4.021262160E1
2.372000000E1	2.984002957E1	4.024402778E1
2.376000000E1	2.896070191E1	4.032780426E1
2.380000000E1	2.819448665E1	4.038133189E1
2.384000000E1	2.726420159E1	4.034124170E1
2.388000000E1	2.636042656E1	4.033271101E1
2.392000000E1	2.564028130E1	4.024284996E1
2.396000000E1	2.479033846E1	4.008948318E1
2.400000000E1	2.396688919E1	3.988047857E1
2.404000000E1	2.313936683E1	3.955591689E1
2.408000000E1	2.232960506E1	3.928825657E1
2.412000000E1	2.162114417E1	3.898123646E1
2.416000000E1	2.108264596E1	3.881759236E1
2.420000000E1	2.081018946E1	3.866059376E1
2.424000000E1	2.064588014E1	3.850052404E1
2.428000000E1	2.054246879E1	3.843100279E1
2.432000000E1	2.044620309E1	3.840365779E1
2.436000000E1	2.036302969E1	3.843483252E1
2.440000000E1	2.033112046E1	3.844326495E1
2.444000000E1	2.019544464E1	3.849846745E1
2.448000000E1	2.015546720E1	3.851470328E1
2.452000000E1	2.013297998E1	3.854728141E1
2.456000000E1	2.015786476E1	3.857696255E1
2.460000000E1	2.018235975E1	3.868185949E1
2.464000000E1	2.020750030E1	3.883474847E1
2.468000000E1	2.032172517E1	3.898917824E1
2.472000000E1	2.050192336E1	3.918234783E1
2.476000000E1	2.078127999E1	3.942675369E1
2.480000000E1	2.138072552E1	3.961329572E1
2.484000000E1	2.201640228E1	3.986824654E1
2.488000000E1	2.287901860E1	4.001664458E1
2.492000000E1	2.509242712E1	4.006673353E1
2.496000000E1	2.508640287E1	4.008820648E1
2.500000000E1	2.624658853E1	4.006171725E1
2.504000000E1	2.743812230E1	3.993137131E1
2.508000000E1	2.890900828E1	3.967743945E1
2.512000000E1	3.040613826E1	3.947721921E1
2.516000000E1	3.137039969E1	3.937656233E1
2.520000000E1	3.253705970E1	3.944375563E1
2.524000000E1	3.304094293E1	3.965254125E1
2.528000000E1	3.302962545E1	3.990511569E1
2.532000000E1	3.303457586E1	3.993369383E1
2.536000000E1	3.265067837E1	3.994680636E1
2.540000000E1	3.213136153E1	3.992812316E1
2.544000000E1	3.145398366E1	4.002113973E1
2.548000000E1	3.059648638E1	4.021823372E1
2.552000000E1	3.002006538E1	4.025507771E1
2.556000000E1	2.898921073E1	4.049704434E1
2.560000000E1	2.829035131E1	4.052771232E1
2.564000000E1	2.748613316E1	4.055098348E1
2.568000000E1	2.673417214E1	4.053002926E1
2.572000000E1	2.593736779E1	4.038227582E1
2.576000000E1	2.510134644E1	4.016080372E1
2.580000000E1	2.435951778E1	3.991356046E1
2.584000000E1	2.347925056E1	3.957758696E1
2.588000000E1	2.277097054E1	3.921341089E1
2.592000000E1	2.203422175E1	3.888212415E1
2.596000000E1	2.144634275E1	3.858922446E1
2.600000000E1	2.103396943E1	3.840443607E1
2.604000000E1	2.065893975E1	3.829447238E1
2.608000000E1	2.033534670E1	3.828897806E1
2.612000000E1	2.021284640E1	3.830548156E1
2.616000000E1	2.025428613E1	3.830361614E1
2.620000000E1	2.033400863E1	3.837053417E1
2.624000000E1	2.044140579E1	3.844670757E1
2.628000000E1	2.044238517E1	3.853199191E1
2.632000000E1	2.044692939E1	3.868965906E1
2.636000000E1	2.046240543E1	3.887328781E1
2.640000000E1	2.054224904E1	3.905932324E1
2.644000000E1	2.069391282E1	3.928434322E1
2.648000000E1	2.101688757E1	3.945125432E1
2.652000000E1	2.147367418E1	3.964014062E1
2.656000000E1	2.203093975E1	3.989796875E1
2.660000000E1	2.268774927E1	4.003192537E1
2.664000000E1	2.343037425E1	4.014587274E1
2.668000000E1	2.431335327E1	4.017419718E1
2.672000000E1	2.542475072E1	4.013435524E1
2.676000000E1	2.667935615E1	4.011435790E1
2.680000000E1	2.823758731E1	4.007256251E1
2.684000000E1	2.988976404E1	4.003616599E1
2.688000000E1	3.104000211E1	4.004727240E1
2.692000000E1	3.163687710E1	4.015074537E1
2.696000000E1	3.181780179E1	4.039058865E1
2.700000000E1	3.120697245E1	4.049552618E1
2.704000000E1	3.151333832E1	4.038894095E1
2.708000000E1	3.112994716E1	4.039266922E1
2.712000000E1	3.024346285E1	4.066749693E1
2.716000000E1	2.978287453E1	4.070630225E1
2.720000000E1	2.923798663E1	4.073932548E1
2.724000000E1	2.827259918E1	4.100037472E1
2.728000000E1	2.773251477E1	4.096811022E1
2.732000000E1	2.697488190E1	4.096652697E1
2.736000000E1	2.573865237E1	4.087586901E1
2.740000000E1	2.551177777E1	4.068671321E1
2.744000000E1	2.467363632E1	4.047907653E1
2.748000000E1	2.397667231E1	4.009187822E1
2.752000000E1	2.319589370E1	3.974397356E1
2.756000000E1	2.187100824E1	3.912991251E1
2.760000000E1	2.185519853E1	3.912189846E1
2.764000000E1	2.139178250E1	3.886957897E1
2.768000000E1	2.106667830E1	3.871449098E1
2.772000000E1	2.081529135E1	3.856937273E1
2.776000000E1	2.058997507E1	3.853389914E1
2.780000000E1	2.043919180E1	3.853871531E1
2.784000000E1	2.042767905E1	3.854118852E1
2.788000000E1	2.042917260E1	3.854976517E1
2.792000000E1	2.038862620E1	3.860127485E1
2.796000000E1	2.033005874E1	3.857773735E1
2.800000000E1	2.033030307E1	3.857791211E1
2.804000000E1	2.032800152E1	3.861673897E1
2.808000000E1	2.040108249E1	3.871615364E1
2.812000000E1	2.047760190E1	3.883194954E1
2.816000000E1	2.062178695E1	3.899618384E1
2.820000000E1	2.089325355E1	3.922759058E1
2.824000000E1	2.137964001E1	3.942438387E1
2.828000000E1	2.201492473E1	3.961569661E1
2.832000000E1	2.285872713E1	3.976446414E1
2.836000000E1	2.380335389E1	3.992936668E1
2.840000000E1	2.486168550E1	4.003920078E1
2.844000000E1	2.596001093E1	4.001243687E1
2.848000000E1	2.691849898E1	3.997569326E1
2.852000000E1	2.810902199E1	3.976835308E1
2.856000000E1	2.929259414E1	3.967122610E1
2.860000000E1	3.096118190E1	3.967291331E1
2.864000000E1	3.224208024E1	3.970979785E1
2.868000000E1	3.247995534E1	3.996978435E1
2.872000000E1	3.270493433E1	4.019428882E1
2.876000000E1	3.277992733E1	4.026912365E1
2.880000000E1	3.218077421E1	4.041958416E1
2.884000000E1	3.158130475E1	4.027038902E1
2.888000000E1	3.038276126E1	4.034656831E1
2.892000000E1	3.008310561E1	4.034688465E1
2.896000000E1	2.833039869E1	4.084101311E1
2.900000000E1	2.764635959E1	4.083738043E1
2.904000000E1	2.667597477E1	4.082298914E1
2.908000000E1	2.708710277E1	4.087444546E1
2.912000000E1	2.618837309E1	4.110013622E1
2.916000000E1	2.551375247E1	4.072627844E1
2.920000000E1	2.461486462E1	4.080214138E1
2.924000000E1	2.416474847E1	4.020330461E1
2.928000000E1	2.349004875E1	3.975453291E1
2.932000000E1	2.266552121E1	3.930591939E1
2.936000000E1	2.221580049E1	3.908165217E1
2.940000000E1	2.146658229E1	3.900752912E1
2.944000000E1	2.161625194E1	3.885754313E1
2.948000000E1	2.122960543E1	3.884911971E1
2.952000000E1	2.099512947E1	3.883753255E1
2.956000000E1	2.087139789E1	3.885450910E1
2.960000000E1	2.086482062E1	3.885818553E1
2.964000000E1	2.088710019E1	3.886740330E1
2.968000000E1	2.092284250E1	3.887657061E1
2.972000000E1	2.098039279E1	3.885309933E1
2.976000000E1	2.101135713E1	3.886872525E1
2.980000000E1	2.088381334E1	3.899262117E1
2.984000000E1	2.082860880E1	3.913415318E1
2.988000000E1	2.080698682E1	3.927666591E1
2.992000000E1	2.084308103E1	3.955936812E1
2.996000000E1	2.116012999E1	3.976480249E1
3.000000000E1	2.157911212E1	4.000329260E1
3.004000000E1	2.229497702E1	4.021193848E1
3.008000000E1	2.319927376E1	4.032843658E1
3.012000000E1	2.433249318E1	4.039127575E1
3.016000000E1	2.540213813E1	4.036318284E1
3.020000000E1	2.673381089E1	4.032620923E1
3.024000000E1	2.851460596E1	4.032039207E1
3.028000000E1	2.985804754E1	4.004746626E1
3.032000000E1	3.129128550E1	4.006614928E1
3.036000000E1	3.218664706E1	4.006721606E1
3.040000000E1	3.260923072E1	4.009945326E1
3.044000000E1	3.209443413E1	4.035314472E1
3.048000000E1	3.163834408E1	4.034538178E1
3.052000000E1	3.105497714E1	4.034717897E1
3.056000000E1	3.047395505E1	4.035323091E1
3.060000000E1	2.994360656E1	4.034595081E1
3.064000000E1	2.886213451E1	4.064969067E1
3.068000000E1	2.818148096E1	4.064607234E1
3.072000000E1	2.731176542E1	4.079929429E1
3.076000000E1	2.641271940E1	4.072532941E1
3.080000000E1	2.543875947E1	4.065144362E1
3.084000000E1	2.468954127E1	4.057732056E1
3.088000000E1	2.431497172E1	4.057771599E1
3.092000000E1	2.364035109E1	4.020385821E1
3.096000000E1	2.281606081E1	3.997998642E1
3.100000000E1	2.229126800E1	3.960597047E1
3.104000000E1	2.154173346E1	3.923219177E1
3.108000000E1	2.079235709E1	3.900824089E1
3.112000000E1	2.094226400E1	3.908299663E1
3.116000000E1	2.079243618E1	3.908315481E1
3.120000000E1	2.056761536E1	3.900847815E1
3.124000000E1	2.034279454E1	3.893380150E1
3.128000000E1	2.035558938E1	3.893747805E1
3.132000000E1	2.042009210E1	3.892016291E1
3.136000000E1	2.049620285E1	3.893731935E1
3.140000000E1	2.059298639E1	3.892976287E1
3.144000000E1	2.068004807E1	3.897330569E1
3.148000000E1	2.069266872E1	3.908630185E1
3.152000000E1	2.074801876E1	3.919466508E1
3.156000000E1	2.083898322E1	3.937151382E1
3.160000000E1	2.106180347E1	3.952732013E1
3.164000000E1	2.139119785E1	3.980522710E1
3.168000000E1	2.202380970E1	4.001877087E1
3.172000000E1	2.279264597E1	4.020236879E1
3.176000000E1	2.374963184E1	4.029782665E1
3.180000000E1	2.482171810E1	4.036499726E1
3.184000000E1	2.613606859E1	4.026610998E1
3.188000000E1	2.752196647E1	4.013898485E1
3.192000000E1	2.905989458E1	3.997880070E1
3.196000000E1	3.059353182E1	3.979589439E1
3.200000000E1	3.196397952E1	3.952301918E1
3.204000000E1	3.326674471E1	3.951236880E1
3.208000000E1	3.408051600E1	3.964580180E1
3.212000000E1	3.443981410E1	3.997429979E1
3.216000000E1	3.430374427E1	4.025149217E1
3.220000000E1	3.410913901E1	4.026656838E1
3.224000000E1	3.359439260E1	4.030393104E1
3.228000000E1	3.288318275E1	4.027408751E1
3.232000000E1	3.218121492E1	4.029245748E1
3.236000000E1	3.089461462E1	4.058000986E1
3.240000000E1	3.008544711E1	4.059242491E1
3.244000000E1	2.913275217E1	4.057859873E1
3.248000000E1	2.810799557E1	4.055206231E1
3.252000000E1	2.721902570E1	4.043166599E1
3.256000000E1	2.629200278E1	4.028693856E1
3.260000000E1	2.514507946E1	4.024477703E1
3.264000000E1	2.410303073E1	3.996098144E1
3.268000000E1	2.309992362E1	3.965838998E1
3.272000000E1	2.223163531E1	3.923074936E1
3.276000000E1	2.137232313E1	3.877472358E1
3.280000000E1	2.062655017E1	3.833639102E1
3.284000000E1	2.017431518E1	3.790908675E1
3.288000000E1	1.985625927E1	3.759418253E1
3.292000000E1	1.953118826E1	3.742632666E1
3.296000000E1	1.916930999E1	3.745810212E1
3.300000000E1	1.874846848E1	3.758556844E1
3.304000000E1	1.849685112E1	3.758622393E1
3.308000000E1	1.824146268E1	3.759541530E1
3.312000000E1	1.797422357E1	3.759438602E1
3.316000000E1	1.776478197E1	3.755903182E1
3.320000000E1	1.770023155E1	3.749485349E1
3.324000000E1	1.761526182E1	3.743387526E1
3.328000000E1	1.754170051E1	3.744849516E1
3.332000000E1	1.749892028E1	3.743441768E1
3.336000000E1	1.748961827E1	3.743091647E1
3.340000000E1	1.748296573E1	3.742847580E1
3.344000000E1	1.745823048E1	3.741867293E1
3.348000000E1	1.740162790E1	3.744247458E1
3.352000000E1	1.731785991E1	3.741618818E1
3.356000000E1	1.732760436E1	3.742338641E1
3.360000000E1	1.729140525E1	3.741385720E1
