axel
t	x	y
0.000000000E0	1.536490093E1	3.754705864E1
4.000000000E-2	1.536515845E1	3.755085060E1
8.000000000E-2	1.536466034E1	3.754805315E1
1.200000000E-1	1.535101865E1	3.752990158E1
1.600000000E-1	1.533809595E1	3.753379056E1
2.000000000E-1	1.532103883E1	3.753073652E1
2.400000000E-1	1.529570227E1	3.752973942E1
2.800000000E-1	1.527142073E1	3.754233538E1
3.200000000E-1	1.524358288E1	3.754354721E1
3.600000000E-1	1.523407677E1	3.754486050E1
4.000000000E-1	1.523408852E1	3.754550642E1
4.400000000E-1	1.523026728E1	3.754395303E1
4.800000000E-1	1.522848970E1	3.755039057E1
5.200000000E-1	1.522049030E1	3.755039360E1
5.600000000E-1	1.521621705E1	3.754975028E1
6.000000000E-1	1.521464415E1	3.755010212E1
6.400000000E-1	1.521307348E1	3.755048165E1
6.800000000E-1	1.520725218E1	3.755177737E1
7.200000000E-1	1.519857063E1	3.755335105E1
7.600000000E-1	1.520335346E1	3.755273530E1
8.000000000E-1	1.520429283E1	3.755144937E1
8.400000000E-1	1.520354982E1	3.755118699E1
8.800000000E-1	1.520023028E1	3.755041577E1
9.200000000E-1	1.520006515E1	3.755114137E1
9.600000000E-1	1.519960422E1	3.755001644E1
1.000000000E0	1.518707233E1	3.754970997E1
1.040000000E0	1.518705153E1	3.754757657E1
1.080000000E0	1.518685114E1	3.754580174E1
1.120000000E0	1.518773738E1	3.754545645E1
1.160000000E0	1.518813865E1	3.754507304E1
1.200000000E0	1.519288050E1	3.754518813E1
1.240000000E0	1.519638868E1	3.754529628E1
1.280000000E0	1.518517897E1	3.754438704E1
1.320000000E0	1.516793557E1	3.754335884E1
1.360000000E0	1.518092633E1	3.754451005E1
1.400000000E0	1.518843711E1	3.754559260E1
1.440000000E0	1.518894310E1	3.754648216E1
1.480000000E0	1.519661347E1	3.754740969E1
1.520000000E0	1.518922370E1	3.754845619E1
1.560000000E0	1.518033161E1	3.754914587E1
1.600000000E0	1.514608160E1	3.755114326E1
1.640000000E0	1.511227190E1	3.756414024E1
1.680000000E0	1.508826147E1	3.756522654E1
1.720000000E0	1.507637328E1	3.756738435E1
1.760000000E0	1.506927904E1	3.757171146E1
1.800000000E0	1.505957153E1	3.757784965E1
1.840000000E0	1.505047509E1	3.760274423E1
1.880000000E0	1.503934397E1	3.758956394E1
1.920000000E0	1.493402756E1	3.765838022E1
1.960000000E0	1.491653811E1	3.768048541E1
2.000000000E0	1.491195397E1	3.768723004E1
2.040000000E0	1.491444954E1	3.769553029E1
2.080000000E0	1.491628780E1	3.770145521E1
2.120000000E0	1.491427682E1	3.770293109E1
2.160000000E0	1.491471075E1	3.770485817E1
2.200000000E0	1.491605184E1	3.770482344E1
2.240000000E0	1.491544906E1	3.770298695E1
2.280000000E0	1.492160857E1	3.770609465E1
2.320000000E0	1.493048712E1	3.771440476E1
2.360000000E0	1.494502795E1	3.771875634E1
2.400000000E0	1.497001848E1	3.772398983E1
2.440000000E0	1.496347844E1	3.772533489E1
2.480000000E0	1.495800922E1	3.772668412E1
2.520000000E0	1.494744826E1	3.771964960E1
2.560000000E0	1.494555148E1	3.771336997E1
2.600000000E0	1.492848072E1	3.771049008E1
2.640000000E0	1.491947145E1	3.770562512E1
2.680000000E0	1.491875692E1	3.770512024E1
2.720000000E0	1.491824081E1	3.770361940E1
2.760000000E0	1.491267589E1	3.770205432E1
2.800000000E0	1.490630252E1	3.770118013E1
2.840000000E0	1.490425650E1	3.769937162E1
2.880000000E0	1.490749987E1	3.769948938E1
2.920000000E0	1.490465701E1	3.769894055E1
2.960000000E0	1.489246742E1	3.769712099E1
3.000000000E0	1.491092010E1	3.769799505E1
3.040000000E0	1.491280408E1	3.770080860E1
3.080000000E0	1.491409700E1	3.770509617E1
3.120000000E0	1.491902700E1	3.770774090E1
3.160000000E0	1.492996885E1	3.771730170E1
3.200000000E0	1.496319593E1	3.774021246E1
3.240000000E0	1.502863015E1	3.772893364E1
3.280000000E0	1.505901383E1	3.773787946E1
3.320000000E0	1.508043802E1	3.775005174E1
3.360000000E0	1.510197418E1	3.775905486E1
3.400000000E0	1.514107294E1	3.773514519E1
3.440000000E0	1.520237620E1	3.776469623E1
3.480000000E0	1.523073286E1	3.773844113E1
3.520000000E0	1.527222359E1	3.774534698E1
3.560000000E0	1.534619322E1	3.772580225E1
3.600000000E0	1.539644983E1	3.775753565E1
3.640000000E0	1.553702026E1	3.783290835E1
3.680000000E0	1.567612663E1	3.798399384E1
3.720000000E0	1.581425401E1	3.810059504E1
3.760000000E0	1.591316868E1	3.829134486E1
3.800000000E0	1.597351438E1	3.857990545E1
3.840000000E0	1.614233029E1	3.887486210E1
3.880000000E0	1.645802028E1	3.914521924E1
3.920000000E0	1.699059185E1	3.935913823E1
3.960000000E0	1.760751197E1	3.956987212E1
4.000000000E0	1.826726214E1	3.977597251E1
4.040000000E0	1.887355299E1	3.989080581E1
4.080000000E0	1.944932060E1	3.997158721E1
4.120000000E0	2.000815931E1	3.996015112E1
4.160000000E0	2.054019234E1	3.994524878E1
4.200000000E0	2.098227706E1	3.996601059E1
4.240000000E0	2.136190550E1	3.998379582E1
4.280000000E0	2.176144693E1	3.997923197E1
4.320000000E0	2.212296861E1	3.996988691E1
4.360000000E0	2.246592098E1	3.995674186E1
4.400000000E0	2.272281224E1	3.994464934E1
4.440000000E0	2.294562470E1	3.993401557E1
4.480000000E0	2.308519819E1	3.992296899E1
4.520000000E0	2.315001906E1	3.992809645E1
4.560000000E0	2.317210311E1	3.994223838E1
4.600000000E0	2.314597057E1	3.998408282E1
4.640000000E0	2.289392236E1	4.008435150E1
4.680000000E0	2.258573136E1	4.020061857E1
4.720000000E0	2.229141448E1	4.022779155E1
4.760000000E0	2.184477849E1	4.021467697E1
4.800000000E0	2.131317691E1	4.016905322E1
4.840000000E0	2.075303235E1	4.006701191E1
4.880000000E0	2.014969738E1	3.994210918E1
4.920000000E0	1.956241506E1	3.967136323E1
4.960000000E0	1.896161502E1	3.937237159E1
5.000000000E0	1.831155634E1	3.901617268E1
5.040000000E0	1.769081895E1	3.869917576E1
5.080000000E0	1.711758830E1	3.839621698E1
5.120000000E0	1.669485017E1	3.813775824E1
5.160000000E0	1.642158101E1	3.789228341E1
5.200000000E0	1.621951029E1	3.780550672E1
5.240000000E0	1.607791379E1	3.781891617E1
5.280000000E0	1.601569139E1	3.788441201E1
5.320000000E0	1.600685859E1	3.788798538E1
5.360000000E0	1.597287992E1	3.786489181E1
5.400000000E0	1.591601712E1	3.783945362E1
5.440000000E0	1.581219103E1	3.782053429E1
5.480000000E0	1.571224912E1	3.778626421E1
5.520000000E0	1.568415623E1	3.780511010E1
5.560000000E0	1.572673012E1	3.785242583E1
5.600000000E0	1.583422779E1	3.788500840E1
5.640000000E0	1.589820397E1	3.799933023E1
5.680000000E0	1.595073682E1	3.820442730E1
5.720000000E0	1.597063155E1	3.844092907E1
5.760000000E0	1.612782266E1	3.863750959E1
5.800000000E0	1.636744044E1	3.883736075E1
5.840000000E0	1.708784426E1	3.921950731E1
5.880000000E0	1.707342035E1	3.921636471E1
5.920000000E0	1.747657463E1	3.937130491E1
5.960000000E0	1.788738552E1	3.950035729E1
6.000000000E0	1.829367351E1	3.957600119E1
6.040000000E0	1.873304129E1	3.966693516E1
6.080000000E0	1.912346505E1	3.968334949E1
6.120000000E0	1.949148036E1	3.968067879E1
6.160000000E0	1.988122427E1	3.969598526E1
6.200000000E0	2.027487293E1	3.968322018E1
6.240000000E0	2.064008980E1	3.966357106E1
6.280000000E0	2.098096450E1	3.964887382E1
6.320000000E0	2.124667454E1	3.961891108E1
6.360000000E0	2.148008691E1	3.960057074E1
6.400000000E0	2.168812314E1	3.961276100E1
6.440000000E0	2.176513330E1	3.961308626E1
6.480000000E0	2.180255825E1	3.962546062E1
6.520000000E0	2.175495638E1	3.963731008E1
6.560000000E0	2.167384220E1	3.967665572E1
6.600000000E0	2.141750239E1	3.977323847E1
6.640000000E0	2.117523631E1	3.979959280E1
6.680000000E0	2.035730322E1	3.988991954E1
6.720000000E0	2.034339305E1	3.991451680E1
6.760000000E0	1.990545152E1	3.982722968E1
6.800000000E0	1.936593228E1	3.972114793E1
6.840000000E0	1.889645320E1	3.959026567E1
6.880000000E0	1.841383376E1	3.947797381E1
6.920000000E0	1.792747969E1	3.923554246E1
6.960000000E0	1.740860541E1	3.903313144E1
7.000000000E0	1.699732600E1	3.885134555E1
7.040000000E0	1.681809184E1	3.863950763E1
7.080000000E0	1.668422982E1	3.850856424E1
7.120000000E0	1.669398805E1	3.834364803E1
7.160000000E0	1.667491581E1	3.826327713E1
7.200000000E0	1.661263014E1	3.828930197E1
7.240000000E0	1.658586895E1	3.829438093E1
7.280000000E0	1.658093241E1	3.829596363E1
7.320000000E0	1.654708250E1	3.828806581E1
7.360000000E0	1.644851679E1	3.828950659E1
7.400000000E0	1.639644805E1	3.828127628E1
7.440000000E0	1.638782324E1	3.828079226E1
7.480000000E0	1.641330244E1	3.830101280E1
7.520000000E0	1.650085859E1	3.831597107E1
7.560000000E0	1.654556427E1	3.842381842E1
7.600000000E0	1.655528612E1	3.858114839E1
7.640000000E0	1.652798152E1	3.870465341E1
7.680000000E0	1.652066121E1	3.889077205E1
7.720000000E0	1.656702581E1	3.905788347E1
7.760000000E0	1.671739000E1	3.921379224E1
7.800000000E0	1.695312248E1	3.936183378E1
7.840000000E0	1.720668268E1	3.953209699E1
7.880000000E0	1.748987533E1	3.967885211E1
7.920000000E0	1.778330356E1	3.978786321E1
7.960000000E0	1.805312087E1	3.989348472E1
8.000000000E0	1.835218628E1	3.997280251E1
8.040000000E0	1.865500325E1	4.001822754E1
8.080000000E0	1.902531425E1	4.008785476E1
8.120000000E0	1.939973382E1	4.008783495E1
8.160000000E0	1.980795453E1	4.008482248E1
8.200000000E0	2.018358306E1	4.007600243E1
8.240000000E0	2.054097250E1	4.005956490E1
8.280000000E0	2.087804969E1	4.004712424E1
8.320000000E0	2.118632117E1	4.002837356E1
8.360000000E0	2.147037066E1	3.997739818E1
8.400000000E0	2.164247495E1	3.995813254E1
8.440000000E0	2.174080534E1	3.995456952E1
8.480000000E0	2.178843177E1	3.997366210E1
8.520000000E0	2.172214399E1	4.000935034E1
8.560000000E0	2.150275395E1	4.003250637E1
8.600000000E0	2.130682808E1	4.008223578E1
8.640000000E0	2.103198906E1	4.011489016E1
8.680000000E0	2.066435852E1	4.014569072E1
8.720000000E0	2.022785974E1	4.016301370E1
8.760000000E0	1.977571313E1	4.015072851E1
8.800000000E0	1.917858932E1	4.010097302E1
8.840000000E0	1.864874467E1	3.997899770E1
8.880000000E0	1.820497327E1	3.981487888E1
8.920000000E0	1.787821406E1	3.955815262E1
8.960000000E0	1.759791219E1	3.923508844E1
9.000000000E0	1.731778906E1	3.896875920E1
9.040000000E0	1.718223209E1	3.872782885E1
9.080000000E0	1.703568027E1	3.854542244E1
9.120000000E0	1.686575655E1	3.842664511E1
9.160000000E0	1.670851624E1	3.841557013E1
9.200000000E0	1.664707292E1	3.839834796E1
9.240000000E0	1.667384048E1	3.841024779E1
9.280000000E0	1.670697050E1	3.842660449E1
9.320000000E0	1.666765980E1	3.838117434E1
9.360000000E0	1.667566101E1	3.840788066E1
9.400000000E0	1.662158222E1	3.842743713E1
9.440000000E0	1.657749174E1	3.842675494E1
9.480000000E0	1.657194937E1	3.843793886E1
9.520000000E0	1.667221407E1	3.845164892E1
9.560000000E0	1.671862189E1	3.854879641E1
9.600000000E0	1.682753424E1	3.861669984E1
9.640000000E0	1.686241241E1	3.875050345E1
9.680000000E0	1.689586255E1	3.894229754E1
9.720000000E0	1.697785548E1	3.906467076E1
9.760000000E0	1.703252518E1	3.927938541E1
9.800000000E0	1.719050162E1	3.943784992E1
9.840000000E0	1.742727932E1	3.961096920E1
9.880000000E0	1.771176981E1	3.980040290E1
9.920000000E0	1.799691615E1	3.996259669E1
9.960000000E0	1.831766391E1	4.010363126E1
1.000000000E1	1.868531236E1	4.016546462E1
1.004000000E1	1.909430327E1	4.015645705E1
1.008000000E1	1.948393485E1	4.012700339E1
1.012000000E1	1.978348025E1	4.009686967E1
1.016000000E1	2.005682760E1	4.008053809E1
1.020000000E1	2.035302829E1	4.006686421E1
1.024000000E1	2.069037872E1	4.002620755E1
1.028000000E1	2.105091382E1	4.001335084E1
1.032000000E1	2.143558706E1	3.996084853E1
1.036000000E1	2.176085235E1	3.992847567E1
1.040000000E1	2.202806236E1	3.993069115E1
1.044000000E1	2.223290256E1	3.988987772E1
1.048000000E1	2.235735759E1	3.986219893E1
1.052000000E1	2.252419548E1	3.982658174E1
1.056000000E1	2.250086605E1	3.981497100E1
1.060000000E1	2.227544489E1	3.988936265E1
1.064000000E1	2.211498140E1	3.991996232E1
1.068000000E1	2.186949435E1	3.994751832E1
1.072000000E1	2.152784522E1	3.994687646E1
1.076000000E1	2.116806615E1	3.997454676E1
1.080000000E1	2.067094751E1	4.007505547E1
1.084000000E1	2.025622613E1	4.009580916E1
1.088000000E1	1.980810241E1	4.007276678E1
1.092000000E1	1.948361284E1	4.001094664E1
1.096000000E1	1.914415278E1	3.981675205E1
1.100000000E1	1.870022093E1	3.963336701E1
1.104000000E1	1.830763867E1	3.934148334E1
1.108000000E1	1.788898607E1	3.905483050E1
1.112000000E1	1.755568535E1	3.875347796E1
1.116000000E1	1.732593909E1	3.853475909E1
1.120000000E1	1.726769415E1	3.842583205E1
1.124000000E1	1.720716047E1	3.847721134E1
1.128000000E1	1.713809001E1	3.855387766E1
1.132000000E1	1.715448949E1	3.859407918E1
1.136000000E1	1.715894226E1	3.858972592E1
1.140000000E1	1.713277188E1	3.854765411E1
1.144000000E1	1.703286728E1	3.855214773E1
1.148000000E1	1.699801873E1	3.848972219E1
1.152000000E1	1.691177755E1	3.851130258E1
1.156000000E1	1.686770414E1	3.848580700E1
1.160000000E1	1.685846901E1	3.846886559E1
1.164000000E1	1.684729821E1	3.845636631E1
1.168000000E1	1.685068824E1	3.846134956E1
1.172000000E1	1.685344700E1	3.845764639E1
1.176000000E1	1.685160848E1	3.845224453E1
1.180000000E1	1.684982077E1	3.844835672E1
1.184000000E1	1.684173432E1	3.844489354E1
1.188000000E1	1.683373070E1	3.844158915E1
1.192000000E1	1.684862344E1	3.844534508E1
1.196000000E1	1.686947750E1	3.845759386E1
1.200000000E1	1.697787834E1	3.848400698E1
1.204000000E1	1.702906436E1	3.858455787E1
1.208000000E1	1.713879463E1	3.863243026E1
1.212000000E1	1.715978882E1	3.879787766E1
1.216000000E1	1.714702437E1	3.904814114E1
1.220000000E1	1.724143884E1	3.927455103E1
1.224000000E1	1.752348845E1	3.949503129E1
1.228000000E1	1.788047423E1	3.965300698E1
1.232000000E1	1.831739380E1	3.979462222E1
1.236000000E1	1.873179314E1	3.995984183E1
1.240000000E1	1.908855345E1	4.005557507E1
1.244000000E1	1.949688851E1	4.011823132E1
1.248000000E1	1.989677927E1	4.016076776E1
1.252000000E1	2.027014735E1	4.013030220E1
1.256000000E1	2.063483555E1	4.012155708E1
1.260000000E1	2.098971382E1	4.008156120E1
1.264000000E1	2.138165255E1	4.006266869E1
1.268000000E1	2.182124663E1	4.000560741E1
1.272000000E1	2.217646761E1	3.997148471E1
1.276000000E1	2.245070330E1	3.994286344E1
1.280000000E1	2.268717753E1	3.992214301E1
1.284000000E1	2.283780504E1	3.991818335E1
1.288000000E1	2.290303597E1	3.993982675E1
1.292000000E1	2.287102999E1	3.994589046E1
1.296000000E1	2.280749093E1	3.994275370E1
1.300000000E1	2.266407704E1	3.996131158E1
1.304000000E1	2.241296588E1	4.006936340E1
1.308000000E1	2.215572749E1	4.012131661E1
1.312000000E1	2.183279045E1	4.013358629E1
1.316000000E1	2.141529466E1	4.016200230E1
1.320000000E1	2.092977447E1	4.013592318E1
1.324000000E1	2.040569794E1	4.007724941E1
1.328000000E1	1.985151143E1	4.000754130E1
1.332000000E1	1.928769009E1	3.982216816E1
1.336000000E1	1.872284350E1	3.962905301E1
1.340000000E1	1.827303928E1	3.937271079E1
1.344000000E1	1.801972180E1	3.906205893E1
1.348000000E1	1.792504718E1	3.880652867E1
1.352000000E1	1.787415902E1	3.859344155E1
1.356000000E1	1.787728332E1	3.845764218E1
1.360000000E1	1.785185362E1	3.843091981E1
1.364000000E1	1.784195168E1	3.843339219E1
1.368000000E1	1.787259997E1	3.844031811E1
1.372000000E1	1.789001458E1	3.844504360E1
1.376000000E1	1.788968867E1	3.844473587E1
1.380000000E1	1.785920819E1	3.841998095E1
1.384000000E1	1.779476185E1	3.844142464E1
1.388000000E1	1.778534974E1	3.844440124E1
1.392000000E1	1.778449951E1	3.844893254E1
1.396000000E1	1.778536899E1	3.845539311E1
1.400000000E1	1.784161037E1	3.846432013E1
1.404000000E1	1.790985833E1	3.851496582E1
1.408000000E1	1.791755598E1	3.857085945E1
1.412000000E1	1.792536881E1	3.861523891E1
1.416000000E1	1.789249094E1	3.873699989E1
1.420000000E1	1.787460866E1	3.886555873E1
1.424000000E1	1.791283302E1	3.905553341E1
1.428000000E1	1.805035468E1	3.920869066E1
1.432000000E1	1.830620340E1	3.933668318E1
1.436000000E1	1.857592005E1	3.950128430E1
1.440000000E1	1.882391939E1	3.965379338E1
1.444000000E1	1.928558896E1	3.994302782E1
1.448000000E1	1.928485135E1	3.993323278E1
1.452000000E1	1.955160681E1	4.000175496E1
1.456000000E1	1.975236279E1	4.009021379E1
1.460000000E1	1.996616663E1	4.010938262E1
1.464000000E1	2.016149423E1	4.012921746E1
1.468000000E1	2.033949392E1	4.013806328E1
1.472000000E1	2.056386556E1	4.013875007E1
1.476000000E1	2.087157635E1	4.014383515E1
1.480000000E1	2.150175428E1	4.013005033E1
1.484000000E1	2.150884231E1	4.012053532E1
1.488000000E1	2.180888776E1	4.010573171E1
1.492000000E1	2.208255980E1	4.008266198E1
1.496000000E1	2.233806680E1	4.006787757E1
1.500000000E1	2.252842827E1	4.006319205E1
1.504000000E1	2.265500817E1	4.006443344E1
1.508000000E1	2.271011862E1	4.007739939E1
1.512000000E1	2.266578330E1	4.009132423E1
1.516000000E1	2.255877811E1	4.010587217E1
1.520000000E1	2.235034567E1	4.010984841E1
1.524000000E1	2.207351288E1	4.018222244E1
1.528000000E1	2.179913412E1	4.023920288E1
1.532000000E1	2.148321809E1	4.026122759E1
1.536000000E1	2.111194570E1	4.028274333E1
1.540000000E1	2.071971582E1	4.020956193E1
1.544000000E1	2.038012753E1	4.014724094E1
1.548000000E1	1.996990198E1	3.995126803E1
1.552000000E1	1.954074290E1	3.980908361E1
1.556000000E1	1.910276314E1	3.962575170E1
1.560000000E1	1.874528007E1	3.935370610E1
1.564000000E1	1.838619821E1	3.915624280E1
1.568000000E1	1.821417665E1	3.894148853E1
1.572000000E1	1.807625301E1	3.879212254E1
1.576000000E1	1.796596240E1	3.871513124E1
1.580000000E1	1.792607170E1	3.865723245E1
1.584000000E1	1.791147856E1	3.864491199E1
1.588000000E1	1.787231794E1	3.866979854E1
1.592000000E1	1.788102561E1	3.870275877E1
1.596000000E1	1.784424569E1	3.868914294E1
1.600000000E1	1.777645223E1	3.872313026E1
1.604000000E1	1.775106374E1	3.872598851E1
1.608000000E1	1.775161904E1	3.874098070E1
1.612000000E1	1.777515530E1	3.877755560E1
1.616000000E1	1.777820650E1	3.887013785E1
1.620000000E1	1.789157268E1	3.888934771E1
1.624000000E1	1.794255331E1	3.895834256E1
1.628000000E1	1.796412050E1	3.907434308E1
1.632000000E1	1.798402008E1	3.922193405E1
1.636000000E1	1.804789110E1	3.934663083E1
1.640000000E1	1.815562492E1	3.947628130E1
1.644000000E1	1.828012482E1	3.966844974E1
1.648000000E1	1.844856626E1	3.976152597E1
1.652000000E1	1.866319146E1	3.993317408E1
1.656000000E1	1.890413572E1	4.002019324E1
1.660000000E1	1.919142320E1	4.011734187E1
1.664000000E1	1.943760355E1	4.020869478E1
1.668000000E1	1.970853760E1	4.023577938E1
1.672000000E1	1.992708701E1	4.024617433E1
1.676000000E1	2.013649419E1	4.024937793E1
1.680000000E1	2.038070996E1	4.028087005E1
1.684000000E1	2.098742926E1	4.027770087E1
1.688000000E1	2.100191192E1	4.026917192E1
1.692000000E1	2.135913586E1	4.026007869E1
1.696000000E1	2.168594841E1	4.024856952E1
1.700000000E1	2.197254315E1	4.022267399E1
1.704000000E1	2.222983884E1	4.021377804E1
1.708000000E1	2.242141325E1	4.021537290E1
1.712000000E1	2.254093407E1	4.020462093E1
1.716000000E1	2.257680143E1	4.021582400E1
1.720000000E1	2.255115666E1	4.023035455E1
1.724000000E1	2.244843697E1	4.026291929E1
1.728000000E1	2.226713390E1	4.028331283E1
1.732000000E1	2.195659044E1	4.035377109E1
1.736000000E1	2.166963121E1	4.036859302E1
1.740000000E1	2.131344002E1	4.036813242E1
1.744000000E1	2.088670003E1	4.036495665E1
1.748000000E1	2.044508960E1	4.033657398E1
1.752000000E1	2.002000381E1	4.027901660E1
1.756000000E1	1.963595729E1	4.014826027E1
1.760000000E1	1.918128228E1	4.008149522E1
1.764000000E1	1.881496727E1	3.987243342E1
1.768000000E1	1.862116766E1	3.963274789E1
1.772000000E1	1.840303927E1	3.951548305E1
1.776000000E1	1.825298578E1	3.932289816E1
1.780000000E1	1.821645411E1	3.910620519E1
1.784000000E1	1.801046335E1	3.884896416E1
1.788000000E1	1.802599667E1	3.886572093E1
1.792000000E1	1.792614030E1	3.884914469E1
1.796000000E1	1.790427949E1	3.881306242E1
1.800000000E1	1.777778687E1	3.883073658E1
1.804000000E1	1.779514660E1	3.881677281E1
1.808000000E1	1.776357446E1	3.877568789E1
1.812000000E1	1.771653924E1	3.875240958E1
1.816000000E1	1.764201638E1	3.877332010E1
1.820000000E1	1.761089700E1	3.875567437E1
1.824000000E1	1.761123232E1	3.875569258E1
1.828000000E1	1.761608275E1	3.879877721E1
1.832000000E1	1.761824672E1	3.879196756E1
1.836000000E1	1.761804778E1	3.887389206E1
1.840000000E1	1.766163006E1	3.893878552E1
1.844000000E1	1.762953692E1	3.904761590E1
1.848000000E1	1.762335127E1	3.921179039E1
1.852000000E1	1.774093700E1	3.936161476E1
1.856000000E1	1.789737528E1	3.952676635E1
1.860000000E1	1.811765957E1	3.971402750E1
1.864000000E1	1.840032665E1	3.983110165E1
1.868000000E1	1.870701807E1	3.996350592E1
1.872000000E1	1.901438926E1	4.010097424E1
1.876000000E1	1.931168954E1	4.019785499E1
1.880000000E1	1.968201562E1	4.024655060E1
1.884000000E1	2.003651365E1	4.027323041E1
1.888000000E1	2.036508542E1	4.027635895E1
1.892000000E1	2.066347979E1	4.028250943E1
1.896000000E1	2.093265461E1	4.027413749E1
1.900000000E1	2.125113085E1	4.026683363E1
1.904000000E1	2.156933351E1	4.024455637E1
1.908000000E1	2.186452950E1	4.022552720E1
1.912000000E1	2.213450527E1	4.020416611E1
1.916000000E1	2.238169360E1	4.018926420E1
1.920000000E1	2.256780095E1	4.018336370E1
1.924000000E1	2.268917154E1	4.016954196E1
1.928000000E1	2.269801990E1	4.018866669E1
1.932000000E1	2.266265667E1	4.019551663E1
1.936000000E1	2.256653430E1	4.023255960E1
1.940000000E1	2.243074102E1	4.025560043E1
1.944000000E1	2.211848441E1	4.035703856E1
1.948000000E1	2.187399713E1	4.041636298E1
1.952000000E1	2.154848130E1	4.044220904E1
1.956000000E1	2.112769727E1	4.044468985E1
1.960000000E1	2.066878267E1	4.040154777E1
1.964000000E1	2.016636676E1	4.033526085E1
1.968000000E1	1.974439101E1	4.020543430E1
1.972000000E1	1.932457547E1	4.006586776E1
1.976000000E1	1.895062337E1	3.982985141E1
1.980000000E1	1.854082689E1	3.964805904E1
1.984000000E1	1.824176092E1	3.941443815E1
1.988000000E1	1.794752088E1	3.922190392E1
1.992000000E1	1.779782703E1	3.906809777E1
1.996000000E1	1.775576400E1	3.891371525E1
2.000000000E1	1.769943631E1	3.886491119E1
2.004000000E1	1.768121226E1	3.890080801E1
2.008000000E1	1.765426311E1	3.890148894E1
2.012000000E1	1.762401649E1	3.889310314E1
2.016000000E1	1.758965057E1	3.888285824E1
2.020000000E1	1.749359906E1	3.888359002E1
2.024000000E1	1.744226521E1	3.885638062E1
2.028000000E1	1.737459343E1	3.887476461E1
2.032000000E1	1.734929711E1	3.887817095E1
2.036000000E1	1.737875910E1	3.889341586E1
2.040000000E1	1.742501820E1	3.888962478E1
2.044000000E1	1.748161954E1	3.893235757E1
2.048000000E1	1.750489458E1	3.904149296E1
2.052000000E1	1.749842138E1	3.917834466E1
2.056000000E1	1.747986530E1	3.932577511E1
2.060000000E1	1.751847600E1	3.951919433E1
2.064000000E1	1.765975926E1	3.970376692E1
2.068000000E1	1.783033085E1	3.991256546E1
2.072000000E1	1.810018816E1	4.005681200E1
2.076000000E1	1.841818502E1	4.023175066E1
2.080000000E1	1.874586629E1	4.033626797E1
2.084000000E1	1.912990094E1	4.044442071E1
2.088000000E1	1.942036853E1	4.052393193E1
2.092000000E1	1.979782056E1	4.052855325E1
2.096000000E1	2.015343494E1	4.053598747E1
2.100000000E1	2.047627306E1	4.053082720E1
2.104000000E1	2.083626204E1	4.053389400E1
2.108000000E1	2.118115242E1	4.050095142E1
2.112000000E1	2.162045973E1	4.043522615E1
2.116000000E1	2.195704602E1	4.039803996E1
2.120000000E1	2.224373669E1	4.037159400E1
2.124000000E1	2.245550302E1	4.036760864E1
2.128000000E1	2.258060576E1	4.036509723E1
2.132000000E1	2.265904176E1	4.035746550E1
2.136000000E1	2.264543583E1	4.036516955E1
2.140000000E1	2.255268781E1	4.038041112E1
2.144000000E1	2.239939954E1	4.039210622E1
2.148000000E1	2.221855989E1	4.041455728E1
2.152000000E1	2.197403468E1	4.045208929E1
2.156000000E1	2.153286943E1	4.050090341E1
2.160000000E1	2.119185934E1	4.050844747E1
2.164000000E1	2.075018075E1	4.049481279E1
2.168000000E1	2.035309714E1	4.044264202E1
2.172000000E1	1.987343879E1	4.033126128E1
2.176000000E1	1.947735679E1	4.023105869E1
2.180000000E1	1.917305422E1	4.007569254E1
2.184000000E1	1.894680380E1	3.983835005E1
2.188000000E1	1.856490538E1	3.975089602E1
2.192000000E1	1.842119750E1	3.950902954E1
2.196000000E1	1.832542917E1	3.929775636E1
2.200000000E1	1.831663399E1	3.920925318E1
2.204000000E1	1.827029305E1	3.921551687E1
2.208000000E1	1.823317189E1	3.920588228E1
2.212000000E1	1.822539631E1	3.921035582E1
2.216000000E1	1.822062494E1	3.921245186E1
2.220000000E1	1.820455157E1	3.920842278E1
2.224000000E1	1.816836124E1	3.919658588E1
2.228000000E1	1.810647242E1	3.921630845E1
2.232000000E1	1.807404988E1	3.920341527E1
2.236000000E1	1.807570887E1	3.921283555E1
2.240000000E1	1.805609669E1	3.927017612E1
2.244000000E1	1.808311617E1	3.934161389E1
2.248000000E1	1.819307643E1	3.935981165E1
2.252000000E1	1.821965559E1	3.945918222E1
2.256000000E1	1.831987322E1	3.947525959E1
2.260000000E1	1.836571519E1	3.951383256E1
2.264000000E1	1.836530913E1	3.963949834E1
2.268000000E1	1.835321585E1	3.978062524E1
2.272000000E1	1.836998089E1	3.992493228E1
2.276000000E1	1.842720627E1	4.010482070E1
2.280000000E1	1.856199586E1	4.025401757E1
2.284000000E1	1.876641714E1	4.037856306E1
2.288000000E1	1.899689010E1	4.052602687E1
2.292000000E1	1.948646893E1	4.069618156E1
2.296000000E1	1.946666308E1	4.069864391E1
2.300000000E1	1.973680182E1	4.071363621E1
2.304000000E1	2.000632482E1	4.069443239E1
2.308000000E1	2.025737821E1	4.066751323E1
2.312000000E1	2.046532746E1	4.066799210E1
2.316000000E1	2.065485400E1	4.067844107E1
2.320000000E1	2.118402085E1	4.065765007E1
2.324000000E1	2.118807707E1	4.066983626E1
2.328000000E1	2.151157961E1	4.065860623E1
2.332000000E1	2.182778259E1	4.065018621E1
2.336000000E1	2.213725714E1	4.063143538E1
2.340000000E1	2.243313282E1	4.062856800E1
2.344000000E1	2.275195025E1	4.060825448E1
2.348000000E1	2.286840898E1	4.056790273E1
2.352000000E1	2.290174753E1	4.056706242E1
2.356000000E1	2.284417527E1	4.058692122E1
2.360000000E1	2.257145737E1	4.064476661E1
2.364000000E1	2.237003531E1	4.065923293E1
2.368000000E1	2.209917006E1	4.067444325E1
2.372000000E1	2.175280489E1	4.067803472E1
2.376000000E1	2.102511739E1	4.065242371E1
2.380000000E1	2.102247209E1	4.067420899E1
2.384000000E1	2.065877695E1	4.059583795E1
2.388000000E1	2.030347893E1	4.044137895E1
2.392000000E1	1.991568254E1	4.030271220E1
2.396000000E1	1.952647214E1	4.013028371E1
2.400000000E1	1.911914337E1	3.995869407E1
2.404000000E1	1.869358953E1	3.981223495E1
2.408000000E1	1.836326906E1	3.956788860E1
2.412000000E1	1.810002097E1	3.925551607E1
2.416000000E1	1.809019525E1	3.924967547E1
2.420000000E1	1.794391120E1	3.919571293E1
2.424000000E1	1.785975244E1	3.916993250E1
2.428000000E1	1.781259089E1	3.919741150E1
2.432000000E1	1.777499974E1	3.919376445E1
2.436000000E1	1.774648015E1	3.918311815E1
2.440000000E1	1.766108585E1	3.919065711E1
2.444000000E1	1.759370166E1	3.917024398E1
2.448000000E1	1.750440681E1	3.917891777E1
2.452000000E1	1.749479770E1	3.918705763E1
2.456000000E1	1.749297504E1	3.919268666E1
2.460000000E1	1.750986299E1	3.920467922E1
2.464000000E1	1.753162052E1	3.921957124E1
2.468000000E1	1.756545653E1	3.920814875E1
2.472000000E1	1.759831821E1	3.923403621E1
2.476000000E1	1.760089827E1	3.931160215E1
2.480000000E1	1.764330059E1	3.935801744E1
2.484000000E1	1.765771151E1	3.947010149E1
2.488000000E1	1.765308821E1	3.963704571E1
2.492000000E1	1.770375898E1	3.978662460E1
2.496000000E1	1.784274286E1	3.994820133E1
2.500000000E1	1.805530527E1	4.013420041E1
2.504000000E1	1.833901527E1	4.023980865E1
2.508000000E1	1.863307911E1	4.039534653E1
2.512000000E1	1.888534585E1	4.052543625E1
2.516000000E1	1.915665873E1	4.059751262E1
2.520000000E1	1.937249334E1	4.066085609E1
2.524000000E1	1.962461468E1	4.073878041E1
2.528000000E1	1.976212738E1	4.080548319E1
2.532000000E1	1.991183908E1	4.083268630E1
2.536000000E1	2.006891990E1	4.085948925E1
2.540000000E1	2.026422037E1	4.085261957E1
2.544000000E1	2.052121688E1	4.087337329E1
2.548000000E1	2.081384143E1	4.085472033E1
2.552000000E1	2.115512938E1	4.080622716E1
2.556000000E1	2.152009029E1	4.079782226E1
2.560000000E1	2.194001229E1	4.074186620E1
2.564000000E1	2.226528314E1	4.070328435E1
2.568000000E1	2.253555397E1	4.066459336E1
2.572000000E1	2.271314492E1	4.064072926E1
2.576000000E1	2.282004433E1	4.061791537E1
2.580000000E1	2.284398469E1	4.064208826E1
2.584000000E1	2.280531071E1	4.067105194E1
2.588000000E1	2.271491056E1	4.071014671E1
2.592000000E1	2.253657908E1	4.072042211E1
2.596000000E1	2.225400365E1	4.072486363E1
2.600000000E1	2.185461641E1	4.073455452E1
2.604000000E1	2.140783648E1	4.074146920E1
2.608000000E1	2.093592717E1	4.068292427E1
2.612000000E1	2.046838397E1	4.059306815E1
2.616000000E1	1.999830939E1	4.045850294E1
2.620000000E1	1.954190109E1	4.026656714E1
2.624000000E1	1.911236590E1	4.010494135E1
2.628000000E1	1.879574532E1	3.984492502E1
2.632000000E1	1.850730934E1	3.962134507E1
2.636000000E1	1.831528801E1	3.943136008E1
2.640000000E1	1.815254972E1	3.928681272E1
2.644000000E1	1.795162584E1	3.921314263E1
2.648000000E1	1.775256788E1	3.918813239E1
2.652000000E1	1.759155308E1	3.918869532E1
2.656000000E1	1.748048590E1	3.919189149E1
2.660000000E1	1.744276205E1	3.918226910E1
2.664000000E1	1.739346222E1	3.916617836E1
2.668000000E1	1.732693016E1	3.918165192E1
2.672000000E1	1.729385682E1	3.917545628E1
2.676000000E1	1.729200064E1	3.918031864E1
2.680000000E1	1.730609324E1	3.918858169E1
2.684000000E1	1.733055692E1	3.920274027E1
2.688000000E1	1.738638855E1	3.923151006E1
2.692000000E1	1.744099495E1	3.923853205E1
2.696000000E1	1.747354986E1	3.932076419E1
2.700000000E1	1.754366317E1	3.936228101E1
2.704000000E1	1.754819683E1	3.947887389E1
2.708000000E1	1.758936826E1	3.963880662E1
2.712000000E1	1.767460544E1	3.980925071E1
2.716000000E1	1.788342139E1	3.994940444E1
2.720000000E1	1.809822217E1	4.015324968E1
2.724000000E1	1.836333543E1	4.026596387E1
2.728000000E1	1.867697115E1	4.043864375E1
2.732000000E1	1.897968489E1	4.056383204E1
2.736000000E1	1.926267763E1	4.066941216E1
2.740000000E1	1.960335271E1	4.073084985E1
2.744000000E1	1.991681945E1	4.073164140E1
2.748000000E1	2.021348090E1	4.071331090E1
2.752000000E1	2.051844715E1	4.069753208E1
2.756000000E1	2.086000093E1	4.066598672E1
2.760000000E1	2.121250749E1	4.063906223E1
2.764000000E1	2.167767815E1	4.058358189E1
2.768000000E1	2.204619558E1	4.049844792E1
2.772000000E1	2.247600548E1	4.045884020E1
2.776000000E1	2.273426696E1	4.040835873E1
2.780000000E1	2.295708109E1	4.038112703E1
2.784000000E1	2.309499045E1	4.038293692E1
2.788000000E1	2.313111059E1	4.039206039E1
2.792000000E1	2.306657299E1	4.042164298E1
2.796000000E1	2.282161318E1	4.046235505E1
2.800000000E1	2.257909218E1	4.053724624E1
2.804000000E1	2.226829883E1	4.055719339E1
2.808000000E1	2.192333688E1	4.058237724E1
2.812000000E1	2.152895461E1	4.060453133E1
2.816000000E1	2.104854029E1	4.056125905E1
2.820000000E1	2.055826648E1	4.051771013E1
2.824000000E1	2.002170951E1	4.047418657E1
2.828000000E1	1.961936665E1	4.034901998E1
2.832000000E1	1.925828545E1	4.021195564E1
2.836000000E1	1.892119069E1	4.001605042E1
2.840000000E1	1.865582902E1	3.989697435E1
2.844000000E1	1.855890816E1	3.967213680E1
2.848000000E1	1.843580849E1	3.955233273E1
2.852000000E1	1.833053285E1	3.938127450E1
2.856000000E1	1.817637028E1	3.932630004E1
2.860000000E1	1.804024418E1	3.930321130E1
2.864000000E1	1.789540980E1	3.931406104E1
2.868000000E1	1.789647061E1	3.932196931E1
2.872000000E1	1.786272385E1	3.932502962E1
2.876000000E1	1.781054213E1	3.934744624E1
2.880000000E1	1.778171294E1	3.934757433E1
2.884000000E1	1.779391636E1	3.935950644E1
2.888000000E1	1.781326540E1	3.937910009E1
2.892000000E1	1.788784849E1	3.937894380E1
2.896000000E1	1.790335674E1	3.945200855E1
2.900000000E1	1.794128918E1	3.950626189E1
2.904000000E1	1.791587845E1	3.963176351E1
2.908000000E1	1.789950398E1	3.976958119E1
2.912000000E1	1.790278351E1	3.993241305E1
2.916000000E1	1.795937810E1	4.007504192E1
2.920000000E1	1.808103035E1	4.023866774E1
2.924000000E1	1.826159081E1	4.035634876E1
2.928000000E1	1.846245281E1	4.048050302E1
2.932000000E1	1.871918806E1	4.061193190E1
2.936000000E1	1.890742638E1	4.067861035E1
2.940000000E1	1.916800910E1	4.076010125E1
2.944000000E1	1.941653691E1	4.075522646E1
2.948000000E1	1.964874793E1	4.073156478E1
2.952000000E1	1.988519525E1	4.073914048E1
2.956000000E1	2.014351136E1	4.072454749E1
2.960000000E1	2.045336980E1	4.071878073E1
2.964000000E1	2.078648671E1	4.071108905E1
2.968000000E1	2.113371483E1	4.069334319E1
2.972000000E1	2.143337510E1	4.066920430E1
2.976000000E1	2.180366151E1	4.059254827E1
2.980000000E1	2.207404080E1	4.054767475E1
2.984000000E1	2.228438967E1	4.053236797E1
2.988000000E1	2.241946752E1	4.053002105E1
2.992000000E1	2.244567322E1	4.057333928E1
2.996000000E1	2.244355816E1	4.056803805E1
3.000000000E1	2.231239204E1	4.058082291E1
3.004000000E1	2.213068273E1	4.058543098E1
3.008000000E1	2.178781372E1	4.062498083E1
3.012000000E1	2.149939450E1	4.067606164E1
3.016000000E1	2.115718628E1	4.067023904E1
3.020000000E1	2.079695963E1	4.067628519E1
3.024000000E1	2.032548225E1	4.061907945E1
3.028000000E1	1.995957786E1	4.050485769E1
3.032000000E1	1.958132770E1	4.036956921E1
3.036000000E1	1.922694585E1	4.020275464E1
3.040000000E1	1.902225762E1	3.999766478E1
3.044000000E1	1.868698269E1	3.978602633E1
3.048000000E1	1.841240197E1	3.961957660E1
3.052000000E1	1.824418919E1	3.941496549E1
3.056000000E1	1.803719722E1	3.930818479E1
3.060000000E1	1.786658440E1	3.928518692E1
3.064000000E1	1.775685025E1	3.930673829E1
3.068000000E1	1.770069977E1	3.929469454E1
3.072000000E1	1.772264187E1	3.930519954E1
3.076000000E1	1.775404862E1	3.930454712E1
3.080000000E1	1.775412359E1	3.930712490E1
3.084000000E1	1.773548953E1	3.930297363E1
3.088000000E1	1.769298485E1	3.929953978E1
3.092000000E1	1.766469440E1	3.932979720E1
3.096000000E1	1.763655106E1	3.933276980E1
3.100000000E1	1.766198744E1	3.934331133E1
3.104000000E1	1.773971655E1	3.935308106E1
3.108000000E1	1.777786641E1	3.942904719E1
3.112000000E1	1.791200785E1	3.947911012E1
3.116000000E1	1.805743162E1	3.951853877E1
3.120000000E1	1.812668095E1	3.964226468E1
3.124000000E1	1.818983792E1	3.977019708E1
3.128000000E1	1.822112839E1	3.993615909E1
3.132000000E1	1.829946607E1	4.005460624E1
3.136000000E1	1.841406623E1	4.022100888E1
3.140000000E1	1.861335361E1	4.034775556E1
3.144000000E1	1.895341861E1	4.043235054E1
3.148000000E1	1.925177252E1	4.058427553E1
3.152000000E1	1.953081410E1	4.068211806E1
3.156000000E1	1.988982026E1	4.075516161E1
3.160000000E1	2.014706155E1	4.078552144E1
3.164000000E1	2.045387733E1	4.079097718E1
3.168000000E1	2.071831597E1	4.079741711E1
3.172000000E1	2.097335157E1	4.082723944E1
3.176000000E1	2.124342539E1	4.082494762E1
3.180000000E1	2.154012642E1	4.080499888E1
3.184000000E1	2.196106932E1	4.075829110E1
3.188000000E1	2.228852132E1	4.068844262E1
3.192000000E1	2.271182463E1	4.059956333E1
3.196000000E1	2.300073203E1	4.056792672E1
3.200000000E1	2.322729003E1	4.056069810E1
3.204000000E1	2.336985154E1	4.054999306E1
3.208000000E1	2.344313787E1	4.053670742E1
3.212000000E1	2.345148735E1	4.054668868E1
3.216000000E1	2.338050783E1	4.057972327E1
3.220000000E1	2.289050085E1	4.067359346E1
3.224000000E1	2.288833068E1	4.067852083E1
3.228000000E1	2.260274640E1	4.071043551E1
3.232000000E1	2.226275272E1	4.073562412E1
3.236000000E1	2.180150717E1	4.078511664E1
3.240000000E1	2.142592170E1	4.082725435E1
3.244000000E1	2.098474694E1	4.081464837E1
3.248000000E1	2.062529241E1	4.073801577E1
3.252000000E1	2.019082834E1	4.064886402E1
3.256000000E1	1.982438731E1	4.049459637E1
3.260000000E1	1.920272530E1	4.018525960E1
3.264000000E1	1.922095271E1	4.019201167E1
3.268000000E1	1.898959520E1	4.001059084E1
3.272000000E1	1.877790840E1	3.978060938E1
3.276000000E1	1.862086031E1	3.959178433E1
3.280000000E1	1.849928249E1	3.950186262E1
3.284000000E1	1.835421806E1	3.946266660E1
3.288000000E1	1.824950160E1	3.947434635E1
3.292000000E1	1.820942341E1	3.947477389E1
3.296000000E1	1.820229442E1	3.948240302E1
3.300000000E1	1.818526552E1	3.947946666E1
3.304000000E1	1.816466550E1	3.948194485E1
3.308000000E1	1.809366168E1	3.950001242E1
3.312000000E1	1.808527570E1	3.949612462E1
3.316000000E1	1.808079005E1	3.949504740E1
3.320000000E1	1.809126721E1	3.950496084E1
3.324000000E1	1.811481751E1	3.951926037E1
3.328000000E1	1.818245251E1	3.953024521E1
3.332000000E1	1.822155962E1	3.956487242E1
3.336000000E1	1.823285601E1	3.963320248E1
3.340000000E1	1.823347004E1	3.977242378E1
3.344000000E1	1.821723351E1	3.990574043E1
3.348000000E1	1.820683862E1	4.008438024E1
3.352000000E1	1.829039914E1	4.020919348E1
3.356000000E1	1.847292466E1	4.039237136E1
3.360000000E1	1.872007063E1	4.051558162E1
3.364000000E1	1.900757986E1	4.066588185E1
3.368000000E1	1.937873870E1	4.072833960E1
3.372000000E1	1.967465746E1	4.081618777E1
3.376000000E1	2.003465666E1	4.085651528E1
3.380000000E1	2.038891112E1	4.084336061E1
3.384000000E1	2.074352118E1	4.084234947E1
3.388000000E1	2.108451893E1	4.084164125E1
3.392000000E1	2.146153388E1	4.079330095E1
3.396000000E1	2.194342490E1	4.072565588E1
3.400000000E1	2.235437724E1	4.064747624E1
3.404000000E1	2.275606014E1	4.064570035E1
3.408000000E1	2.319583508E1	4.060519728E1
3.412000000E1	2.349346697E1	4.057255745E1
3.416000000E1	2.376065815E1	4.055721817E1
3.420000000E1	2.391455558E1	4.054279728E1
3.424000000E1	2.398881821E1	4.052904500E1
3.428000000E1	2.400744765E1	4.054139525E1
3.432000000E1	2.392901821E1	4.056452824E1
3.436000000E1	2.379266326E1	4.060176104E1
3.440000000E1	2.346429252E1	4.068638793E1
3.444000000E1	2.311688905E1	4.078575356E1
3.448000000E1	2.284289546E1	4.084259462E1
3.452000000E1	2.242157268E1	4.093526610E1
3.456000000E1	2.205086529E1	4.098909728E1
3.460000000E1	2.166325693E1	4.101230088E1
3.464000000E1	2.117289398E1	4.097986323E1
3.468000000E1	2.075142894E1	4.084369842E1
3.472000000E1	2.031159294E1	4.064910315E1
3.476000000E1	1.993752206E1	4.040269578E1
3.480000000E1	1.958406842E1	4.011819494E1
3.484000000E1	1.923196044E1	3.983753924E1
3.488000000E1	1.889830038E1	3.959059478E1
3.492000000E1	1.862444244E1	3.947169988E1
3.496000000E1	1.847252867E1	3.938970691E1
3.500000000E1	1.829261887E1	3.934762424E1
3.504000000E1	1.820778433E1	3.937670236E1
3.508000000E1	1.819592809E1	3.939387957E1
3.512000000E1	1.812566265E1	3.946135852E1
3.516000000E1	1.811035735E1	3.946844613E1
3.520000000E1	1.808471771E1	3.945947516E1
3.524000000E1	1.806868032E1	3.944949400E1
3.528000000E1	1.805277511E1	3.944883319E1
3.532000000E1	1.804081311E1	3.944837814E1
3.536000000E1	1.804197781E1	3.945873536E1
3.540000000E1	1.804812599E1	3.946685731E1
3.544000000E1	1.806834431E1	3.948576093E1
3.548000000E1	1.809411826E1	3.950330132E1
3.552000000E1	1.818852750E1	3.952231463E1
3.556000000E1	1.821381225E1	3.961267405E1
3.560000000E1	1.833792313E1	3.964242227E1
3.564000000E1	1.835730301E1	3.976649461E1
3.568000000E1	1.838978383E1	3.990340686E1
3.572000000E1	1.849196775E1	4.001597363E1
3.576000000E1	1.864533488E1	4.012304155E1
3.580000000E1	1.878953038E1	4.026090915E1
3.584000000E1	1.897186660E1	4.044301547E1
3.588000000E1	1.922015319E1	4.055131343E1
3.592000000E1	1.946865182E1	4.072369032E1
3.596000000E1	1.970859518E1	4.081578694E1
3.600000000E1	2.003130413E1	4.085520249E1
3.604000000E1	2.033187309E1	4.084666186E1
3.608000000E1	2.063642516E1	4.083782565E1
3.612000000E1	2.093946896E1	4.082060269E1
3.616000000E1	2.127588314E1	4.081499815E1
3.620000000E1	2.174033474E1	4.070131025E1
3.624000000E1	2.213282566E1	4.068145129E1
3.628000000E1	2.250372211E1	4.063700678E1
3.632000000E1	2.284745508E1	4.062465588E1
3.636000000E1	2.314959452E1	4.062648371E1
3.640000000E1	2.338516624E1	4.062004512E1
3.644000000E1	2.354780873E1	4.062774897E1
3.648000000E1	2.361584371E1	4.065078383E1
3.652000000E1	2.360035531E1	4.065439742E1
3.656000000E1	2.347060170E1	4.066805269E1
3.660000000E1	2.330903362E1	4.068603098E1
3.664000000E1	2.314769327E1	4.071305620E1
3.668000000E1	2.282528634E1	4.083145553E1
3.672000000E1	2.255861171E1	4.088928740E1
3.676000000E1	2.212701765E1	4.094181444E1
3.680000000E1	2.174617890E1	4.095042035E1
3.684000000E1	2.138125775E1	4.095444866E1
3.688000000E1	2.103295409E1	4.088120339E1
3.692000000E1	2.059949430E1	4.076472035E1
3.696000000E1	2.031325095E1	4.060043668E1
3.700000000E1	1.997816480E1	4.040385394E1
3.704000000E1	1.966501536E1	4.021024274E1
3.708000000E1	1.937474725E1	4.003760005E1
3.712000000E1	1.914218921E1	3.991096812E1
3.716000000E1	1.894666701E1	3.971811834E1
3.720000000E1	1.876616510E1	3.960936239E1
3.724000000E1	1.861952624E1	3.949444363E1
3.728000000E1	1.842189450E1	3.947865362E1
3.732000000E1	1.827012266E1	3.948741578E1
3.736000000E1	1.825389170E1	3.949030906E1
3.740000000E1	1.824552146E1	3.949436755E1
3.744000000E1	1.823563884E1	3.949721012E1
3.748000000E1	1.822858224E1	3.949899909E1
3.752000000E1	1.820463832E1	3.949364043E1
3.756000000E1	1.817784971E1	3.948952670E1
3.760000000E1	1.816348216E1	3.949190294E1
3.764000000E1	1.817327494E1	3.949236919E1
3.768000000E1	1.821036470E1	3.950466927E1
3.772000000E1	1.825237296E1	3.953480107E1
3.776000000E1	1.829707274E1	3.961389704E1
3.780000000E1	1.837408747E1	3.969801684E1
3.784000000E1	1.836959180E1	3.979904008E1
3.788000000E1	1.837337951E1	3.997967947E1
3.792000000E1	1.837277541E1	4.021015738E1
3.796000000E1	1.854151966E1	4.038882810E1
3.800000000E1	1.876976940E1	4.056523065E1
3.804000000E1	1.907006397E1	4.070877786E1
3.808000000E1	1.940047008E1	4.086438309E1
3.812000000E1	1.971202841E1	4.099452796E1
3.816000000E1	2.008206729E1	4.105770783E1
3.820000000E1	2.040378316E1	4.100290481E1
3.824000000E1	2.076368380E1	4.099460691E1
3.828000000E1	2.110303922E1	4.097962331E1
3.832000000E1	2.144493027E1	4.092677780E1
3.836000000E1	2.191892808E1	4.085154293E1
3.840000000E1	2.232141558E1	4.083790785E1
3.844000000E1	2.274342915E1	4.074255872E1
3.848000000E1	2.302405718E1	4.070772870E1
3.852000000E1	2.324044833E1	4.067401174E1
3.856000000E1	2.342655904E1	4.067683276E1
3.860000000E1	2.350565410E1	4.068832779E1
3.864000000E1	2.349718074E1	4.069013390E1
3.868000000E1	2.342011938E1	4.069193101E1
3.872000000E1	2.331349956E1	4.072461397E1
3.876000000E1	2.301245563E1	4.082136633E1
3.880000000E1	2.277689627E1	4.089588609E1
3.884000000E1	2.237826637E1	4.094577254E1
3.888000000E1	2.204395741E1	4.096337197E1
3.892000000E1	2.167271702E1	4.096486063E1
3.896000000E1	2.124585594E1	4.095222208E1
3.900000000E1	2.078954355E1	4.085739871E1
3.904000000E1	2.030421259E1	4.068559174E1
3.908000000E1	1.978576487E1	4.052646589E1
3.912000000E1	1.935540672E1	4.027605774E1
3.916000000E1	1.894798480E1	4.010661691E1
3.920000000E1	1.828298507E1	3.976990186E1
3.924000000E1	1.826813561E1	3.977160617E1
3.928000000E1	1.804709166E1	3.965968491E1
3.932000000E1	1.785895258E1	3.958160955E1
3.936000000E1	1.773117108E1	3.958875388E1
3.940000000E1	1.761855931E1	3.961433264E1
3.944000000E1	1.758153453E1	3.962049192E1
3.948000000E1	1.754067527E1	3.962342389E1
3.952000000E1	1.747715378E1	3.963815974E1
3.956000000E1	1.742687711E1	3.962751464E1
3.960000000E1	1.734274959E1	3.963452093E1
3.964000000E1	1.730332650E1	3.962634335E1
3.968000000E1	1.730278459E1	3.962655206E1
3.972000000E1	1.732338600E1	3.963668971E1
3.976000000E1	1.734959960E1	3.964490450E1
3.980000000E1	1.740144698E1	3.963488641E1
3.984000000E1	1.743502762E1	3.963806129E1
3.988000000E1	1.744823307E1	3.963987621E1
3.992000000E1	1.744676190E1	3.963916031E1
3.996000000E1	1.744469179E1	3.963767940E1
4.000000000E1	1.745020282E1	3.963679658E1
4.004000000E1	1.745264658E1	3.963772175E1
4.008000000E1	1.745449408E1	3.963844682E1
4.012000000E1	1.745299314E1	3.963684922E1
4.016000000E1	1.744767140E1	3.963273158E1
4.020000000E1	1.743428863E1	3.963232111E1
4.024000000E1	1.742510863E1	3.963218863E1
4.028000000E1	1.739850158E1	3.963094226E1
4.032000000E1	1.736583408E1	3.964686601E1
4.036000000E1	1.734308485E1	3.964514066E1
4.040000000E1	1.732132565E1	3.964271223E1
