hand
t	x	y
0.000000000E0	4.810928271E1	1.373338653E1
4.000000000E-2	4.811035428E1	1.373495212E1
8.000000000E-2	4.810844436E1	1.373372993E1
1.200000000E-1	4.810886943E1	1.373401793E1
1.600000000E-1	4.810871422E1	1.373408410E1
2.000000000E-1	4.810836667E1	1.373367864E1
2.400000000E-1	4.810738587E1	1.373261657E1
2.800000000E-1	4.810827289E1	1.373484896E1
3.200000000E-1	4.810752593E1	1.373342905E1
3.600000000E-1	4.810732402E1	1.373343821E1
4.000000000E-1	4.810721633E1	1.373335807E1
4.400000000E-1	4.810776970E1	1.373346155E1
4.800000000E-1	4.810783863E1	1.373378926E1
5.200000000E-1	4.810657400E1	1.373231730E1
5.600000000E-1	4.810626835E1	1.373182963E1
6.000000000E-1	4.810131546E1	1.373342071E1
6.400000000E-1	4.810195455E1	1.373346043E1
6.800000000E-1	4.810406014E1	1.373341801E1
7.200000000E-1	4.810499377E1	1.373373815E1
7.600000000E-1	4.810595067E1	1.373366688E1
8.000000000E-1	4.810591747E1	1.373373503E1
8.400000000E-1	4.810681182E1	1.373384890E1
8.800000000E-1	4.810737734E1	1.373392808E1
9.200000000E-1	4.810728683E1	1.373408018E1
9.600000000E-1	4.810770041E1	1.373391399E1
1.000000000E0	4.810911856E1	1.373447698E1
1.040000000E0	4.810800523E1	1.373339814E1
1.080000000E0	4.810752803E1	1.373280785E1
1.120000000E0	4.810779367E1	1.373430002E1
1.160000000E0	4.810883379E1	1.373384645E1
1.200000000E0	4.810892418E1	1.373389455E1
1.240000000E0	4.810897933E1	1.373395111E1
1.280000000E0	4.810910620E1	1.373368182E1
1.320000000E0	4.810913706E1	1.373366980E1
1.360000000E0	4.810916306E1	1.373367261E1
1.400000000E0	4.810917800E1	1.373370346E1
1.440000000E0	4.810922189E1	1.373365935E1
1.480000000E0	4.810923124E1	1.373365042E1
1.520000000E0	4.810922391E1	1.373364979E1
1.560000000E0	4.810920845E1	1.373367333E1
1.600000000E0	4.810928874E1	1.373370833E1
1.640000000E0	4.810934132E1	1.373376995E1
1.680000000E0	4.810998240E1	1.373479024E1
1.720000000E0	4.810994704E1	1.373367483E1
1.760000000E0	4.811213353E1	1.373439230E1
1.800000000E0	4.811469147E1	1.373502732E1
1.840000000E0	4.811183380E1	1.373435260E1
1.880000000E0	4.811033452E1	1.373389652E1
1.920000000E0	4.810976838E1	1.373356823E1
1.960000000E0	4.810936459E1	1.373332747E1
2.000000000E0	4.810984347E1	1.373323318E1
2.040000000E0	4.810973789E1	1.373329290E1
2.080000000E0	4.810975246E1	1.373274262E1
2.120000000E0	4.810954617E1	1.373305114E1
2.160000000E0	4.810946845E1	1.373319634E1
2.200000000E0	4.810941848E1	1.373311083E1
2.240000000E0	4.810967422E1	1.373187393E1
2.280000000E0	4.810978448E1	1.373168631E1
2.320000000E0	4.810966174E1	1.373206510E1
2.360000000E0	4.810919205E1	1.373226229E1
2.400000000E0	4.810886677E1	1.373235271E1
2.440000000E0	4.810840899E1	1.373249743E1
2.480000000E0	4.810814694E1	1.373291563E1
2.520000000E0	4.810801189E1	1.373280274E1
2.560000000E0	4.810810455E1	1.373349536E1
2.600000000E0	4.813108182E1	1.378599296E1
2.640000000E0	4.840421996E1	1.401824913E1
2.680000000E0	4.894319811E1	1.445059656E1
2.720000000E0	4.993134710E1	1.512077973E1
2.760000000E0	5.156906875E1	1.580373438E1
2.800000000E0	5.378651708E1	1.628509370E1
2.840000000E0	5.651555055E1	1.653431950E1
2.880000000E0	5.954671832E1	1.647532156E1
2.920000000E0	6.251917031E1	1.620573630E1
2.960000000E0	6.543876956E1	1.577351395E1
3.000000000E0	6.815021223E1	1.517583528E1
3.040000000E0	7.077929516E1	1.450120967E1
3.080000000E0	7.352915284E1	1.375183648E1
3.120000000E0	7.660793961E1	1.340868203E1
3.160000000E0	7.987381462E1	1.312933003E1
3.200000000E0	8.283350538E1	1.295105433E1
3.240000000E0	8.510999113E1	1.330154356E1
3.280000000E0	8.647664801E1	1.396598253E1
3.320000000E0	8.731781810E1	1.472843765E1
3.360000000E0	8.768643642E1	1.539462014E1
3.400000000E0	8.761807552E1	1.582164384E1
3.440000000E0	8.719713141E1	1.621022258E1
3.480000000E0	8.645912887E1	1.664876397E1
3.520000000E0	8.542287935E1	1.713597067E1
3.560000000E0	8.402816524E1	1.760386864E1
3.600000000E0	8.212722021E1	1.829458876E1
3.640000000E0	7.971896643E1	1.903573039E1
3.680000000E0	7.681673203E1	1.951440324E1
3.720000000E0	7.347428976E1	1.983986335E1
3.760000000E0	6.969473542E1	2.000090674E1
3.800000000E0	6.589161016E1	1.991042458E1
3.840000000E0	6.204932156E1	1.959591186E1
3.880000000E0	5.841182740E1	1.900253888E1
3.920000000E0	5.514717033E1	1.819102718E1
3.960000000E0	5.246415130E1	1.727100020E1
4.000000000E0	5.044006892E1	1.629877845E1
4.040000000E0	4.904224030E1	1.538220932E1
4.080000000E0	4.822439939E1	1.462615182E1
4.120000000E0	4.785278865E1	1.412257964E1
4.160000000E0	4.777035150E1	1.406245084E1
4.200000000E0	4.793101392E1	1.412364562E1
4.240000000E0	4.822992898E1	1.402373970E1
4.280000000E0	4.840606612E1	1.401496641E1
4.320000000E0	4.842101608E1	1.402067729E1
4.360000000E0	4.839575551E1	1.401408632E1
4.400000000E0	4.836823140E1	1.401978732E1
4.440000000E0	4.829366409E1	1.402791012E1
4.480000000E0	4.827928948E1	1.403276758E1
4.520000000E0	4.849793029E1	1.417853864E1
4.560000000E0	4.924393874E1	1.473533573E1
4.600000000E0	5.076457026E1	1.577847552E1
4.640000000E0	5.309733408E1	1.677268535E1
4.680000000E0	5.620180012E1	1.738029031E1
4.720000000E0	5.979404591E1	1.759432646E1
4.760000000E0	6.355090793E1	1.744431894E1
4.800000000E0	6.720832846E1	1.686115845E1
4.840000000E0	7.040308969E1	1.600501175E1
4.880000000E0	7.292602752E1	1.517769232E1
4.920000000E0	7.479911275E1	1.460498305E1
4.960000000E0	7.634753343E1	1.431358633E1
5.000000000E0	7.799859988E1	1.397843476E1
5.040000000E0	8.028151291E1	1.364996340E1
5.080000000E0	8.304397165E1	1.361654245E1
5.120000000E0	8.517000417E1	1.426764813E1
5.160000000E0	8.641116856E1	1.582407099E1
5.200000000E0	8.720303661E1	1.783500671E1
5.240000000E0	8.739563558E1	1.937426058E1
5.280000000E0	8.715666705E1	2.022785642E1
5.320000000E0	8.671461054E1	2.047627373E1
5.360000000E0	8.607834989E1	2.032806156E1
5.400000000E0	8.526284001E1	1.998060547E1
5.440000000E0	8.432677576E1	1.963888829E1
5.480000000E0	8.321197859E1	1.939816444E1
5.520000000E0	8.184563570E1	1.932517155E1
5.560000000E0	8.029093969E1	1.937563302E1
5.600000000E0	7.842136629E1	1.945795364E1
5.640000000E0	7.620575006E1	1.961220186E1
5.680000000E0	7.367199908E1	1.976036585E1
5.720000000E0	7.072104482E1	1.985927920E1
5.760000000E0	6.760035429E1	1.981424460E1
5.800000000E0	6.439846028E1	1.959917825E1
5.840000000E0	6.127868291E1	1.901688879E1
5.880000000E0	5.840579174E1	1.824038347E1
5.920000000E0	5.588565667E1	1.731402837E1
5.960000000E0	5.382906106E1	1.630150341E1
6.000000000E0	5.213333186E1	1.544765130E1
6.040000000E0	5.094235895E1	1.474296534E1
6.080000000E0	5.011909601E1	1.444704358E1
6.120000000E0	4.951100278E1	1.472037006E1
6.160000000E0	4.932425287E1	1.470324225E1
6.200000000E0	4.948399780E1	1.468131579E1
6.240000000E0	4.994803801E1	1.492359323E1
6.280000000E0	5.095084693E1	1.523219020E1
6.320000000E0	5.256409137E1	1.561805862E1
6.360000000E0	5.480361371E1	1.607510641E1
6.400000000E0	5.766980082E1	1.629333526E1
6.440000000E0	6.082579233E1	1.644507971E1
6.480000000E0	6.409520269E1	1.651035587E1
6.520000000E0	6.727071918E1	1.624368067E1
6.560000000E0	7.008330056E1	1.569636238E1
6.600000000E0	7.232482679E1	1.503191026E1
6.640000000E0	7.402069078E1	1.469983490E1
6.680000000E0	7.554597605E1	1.443744608E1
6.720000000E0	7.746388315E1	1.414164869E1
6.760000000E0	7.996922542E1	1.380660016E1
6.800000000E0	8.241028313E1	1.353420604E1
6.840000000E0	8.407816528E1	1.402348279E1
6.880000000E0	8.528969796E1	1.564561310E1
6.920000000E0	8.609995960E1	1.744554205E1
6.960000000E0	8.643166776E1	1.888264862E1
7.000000000E0	8.632700969E1	1.991177622E1
7.040000000E0	8.591264337E1	2.050440955E1
7.080000000E0	8.524399569E1	2.067778203E1
7.120000000E0	8.435585379E1	2.064039818E1
7.160000000E0	8.306492280E1	2.052060444E1
7.200000000E0	8.142508922E1	2.064240132E1
7.240000000E0	7.926387252E1	2.074024123E1
7.280000000E0	7.661208377E1	2.073005277E1
7.320000000E0	7.340111165E1	2.071309414E1
7.360000000E0	6.985504336E1	2.044914654E1
7.400000000E0	6.622994358E1	1.989109741E1
7.440000000E0	6.268649369E1	1.922552408E1
7.480000000E0	5.938340296E1	1.836720826E1
7.520000000E0	5.648276510E1	1.745848646E1
7.560000000E0	5.411857736E1	1.636399817E1
7.600000000E0	5.234987581E1	1.531933748E1
7.640000000E0	5.118003973E1	1.436416665E1
7.680000000E0	5.042888665E1	1.429777093E1
7.720000000E0	4.998999312E1	1.462000680E1
7.760000000E0	5.005126454E1	1.446401059E1
7.800000000E0	5.028859449E1	1.419947065E1
7.840000000E0	5.037551607E1	1.421298780E1
7.880000000E0	5.038596912E1	1.418372954E1
7.920000000E0	5.036454741E1	1.416470592E1
7.960000000E0	5.035294087E1	1.416137571E1
8.000000000E0	5.046715322E1	1.426944935E1
8.040000000E0	5.093696637E1	1.462366568E1
8.080000000E0	5.190970461E1	1.528575233E1
8.120000000E0	5.358352513E1	1.624108563E1
8.160000000E0	5.595079196E1	1.702461451E1
8.200000000E0	5.882103733E1	1.751380475E1
8.240000000E0	6.200152874E1	1.772267314E1
8.280000000E0	6.522337735E1	1.769062901E1
8.320000000E0	6.837704467E1	1.722050944E1
8.360000000E0	7.092835851E1	1.652426124E1
8.400000000E0	7.310749215E1	1.591076677E1
8.440000000E0	7.510771058E1	1.523379675E1
8.480000000E0	7.723427961E1	1.462127134E1
8.520000000E0	8.003813747E1	1.385727555E1
8.560000000E0	8.308484432E1	1.364522876E1
8.600000000E0	8.528254006E1	1.471900611E1
8.640000000E0	8.656840850E1	1.684737338E1
8.680000000E0	8.733880667E1	1.943549227E1
8.720000000E0	8.752386640E1	2.133104827E1
8.760000000E0	8.725312116E1	2.249442465E1
8.800000000E0	8.667156539E1	2.318842071E1
8.840000000E0	8.574742249E1	2.340929714E1
8.880000000E0	8.460784086E1	2.329321888E1
8.920000000E0	8.312933797E1	2.299213222E1
8.960000000E0	8.120872898E1	2.266093418E1
9.000000000E0	7.882230096E1	2.228217316E1
9.040000000E0	7.623589108E1	2.170595458E1
9.080000000E0	7.341229051E1	2.099793437E1
9.120000000E0	7.040391771E1	2.016120191E1
9.160000000E0	6.743089907E1	1.926746087E1
9.200000000E0	6.447990973E1	1.837538443E1
9.240000000E0	6.174471529E1	1.743150698E1
9.280000000E0	5.933544257E1	1.653918322E1
9.320000000E0	5.731681978E1	1.563003443E1
9.360000000E0	5.574162986E1	1.472974370E1
9.400000000E0	5.453862442E1	1.413921850E1
9.440000000E0	5.367238990E1	1.419765721E1
9.480000000E0	5.318971204E1	1.415736756E1
9.520000000E0	5.299983916E1	1.410210628E1
9.560000000E0	5.294542744E1	1.415529893E1
9.600000000E0	5.299446886E1	1.415077700E1
9.640000000E0	5.315053762E1	1.415789971E1
9.680000000E0	5.323716330E1	1.418532802E1
9.720000000E0	5.346365618E1	1.417144809E1
9.760000000E0	5.391802077E1	1.419355599E1
9.800000000E0	5.472336587E1	1.453368561E1
9.840000000E0	5.607489413E1	1.507868236E1
9.880000000E0	5.799395233E1	1.556754462E1
9.920000000E0	6.030393246E1	1.596877607E1
9.960000000E0	6.284794736E1	1.626746658E1
1.000000000E1	6.554191044E1	1.632198433E1
1.004000000E1	6.813247588E1	1.599830215E1
1.008000000E1	7.043725467E1	1.561819559E1
1.012000000E1	7.261765248E1	1.521197968E1
1.016000000E1	7.482261900E1	1.493069978E1
1.020000000E1	7.726955971E1	1.442497432E1
1.024000000E1	7.994266840E1	1.391416023E1
1.028000000E1	8.238686537E1	1.358127066E1
1.032000000E1	8.424630469E1	1.414624224E1
1.036000000E1	8.552026488E1	1.544759856E1
1.040000000E1	8.640175221E1	1.723418306E1
1.044000000E1	8.679489632E1	1.876451447E1
1.048000000E1	8.676384084E1	1.996341340E1
1.052000000E1	8.638107737E1	2.079630104E1
1.056000000E1	8.564073268E1	2.119121128E1
1.060000000E1	8.455998817E1	2.140350006E1
1.064000000E1	8.304179479E1	2.157653133E1
1.068000000E1	8.109515836E1	2.174395637E1
1.072000000E1	7.858814894E1	2.174636392E1
1.076000000E1	7.547031687E1	2.183064798E1
1.080000000E1	7.179246867E1	2.164770357E1
1.084000000E1	6.786857509E1	2.124952065E1
1.088000000E1	6.396563864E1	2.068564949E1
1.092000000E1	6.023151328E1	1.978368844E1
1.096000000E1	5.695964176E1	1.861340877E1
1.100000000E1	5.422704859E1	1.742270375E1
1.104000000E1	5.216305939E1	1.628332363E1
1.108000000E1	5.080419389E1	1.536644750E1
1.112000000E1	4.995094789E1	1.458182125E1
1.116000000E1	4.952065682E1	1.421656331E1
1.120000000E1	4.943398013E1	1.433106155E1
1.124000000E1	4.967263335E1	1.417528986E1
1.128000000E1	4.987390355E1	1.406206478E1
1.132000000E1	4.996474338E1	1.403974164E1
1.136000000E1	4.995089175E1	1.400248435E1
1.140000000E1	4.990858709E1	1.400765172E1
1.144000000E1	4.990225424E1	1.402588663E1
1.148000000E1	5.005012259E1	1.417177493E1
1.152000000E1	5.060671169E1	1.459728405E1
1.156000000E1	5.176912209E1	1.540390266E1
1.160000000E1	5.362242299E1	1.633927110E1
1.164000000E1	5.617129363E1	1.702111069E1
1.168000000E1	5.917488643E1	1.745173280E1
1.172000000E1	6.246477606E1	1.762123044E1
1.176000000E1	6.576506632E1	1.742513094E1
1.180000000E1	6.874108757E1	1.685384116E1
1.184000000E1	7.105483963E1	1.625258737E1
1.188000000E1	7.300773747E1	1.565667963E1
1.192000000E1	7.489754577E1	1.522127433E1
1.196000000E1	7.708625193E1	1.467216740E1
1.200000000E1	7.947166516E1	1.392373578E1
1.204000000E1	8.161365450E1	1.338857338E1
1.208000000E1	8.346609559E1	1.344714064E1
1.212000000E1	8.469207193E1	1.413419540E1
1.216000000E1	8.553189512E1	1.511745290E1
1.220000000E1	8.600728691E1	1.603524645E1
1.224000000E1	8.605486051E1	1.678624037E1
1.228000000E1	8.574765989E1	1.728092545E1
1.232000000E1	8.513432587E1	1.756167531E1
1.236000000E1	8.419912366E1	1.771659201E1
1.240000000E1	8.284714961E1	1.795201798E1
1.244000000E1	8.096942150E1	1.833611358E1
1.248000000E1	7.850383130E1	1.873568494E1
1.252000000E1	7.557011207E1	1.891362256E1
1.256000000E1	7.226452724E1	1.902900793E1
1.260000000E1	6.867705841E1	1.903548078E1
1.264000000E1	6.501573523E1	1.875739409E1
1.268000000E1	6.149876936E1	1.832679301E1
1.272000000E1	5.826131831E1	1.775646142E1
1.276000000E1	5.546588512E1	1.698456336E1
1.280000000E1	5.330230586E1	1.614682555E1
1.284000000E1	5.170785033E1	1.528742237E1
1.288000000E1	5.060866697E1	1.448018389E1
1.292000000E1	4.993865805E1	1.390381548E1
1.296000000E1	4.959108949E1	1.406856946E1
1.300000000E1	4.960902556E1	1.404421213E1
1.304000000E1	4.987112686E1	1.382638828E1
1.308000000E1	5.004387177E1	1.379219493E1
1.312000000E1	5.007826787E1	1.374394322E1
1.316000000E1	5.011299454E1	1.373377550E1
1.320000000E1	5.022916989E1	1.380329503E1
1.324000000E1	5.066822627E1	1.404160995E1
1.328000000E1	5.159427755E1	1.450374159E1
1.332000000E1	5.307634998E1	1.508012503E1
1.336000000E1	5.511862250E1	1.560073157E1
1.340000000E1	5.759714081E1	1.597010510E1
1.344000000E1	6.036186129E1	1.610059547E1
1.348000000E1	6.322717626E1	1.611470179E1
1.352000000E1	6.604534079E1	1.596566167E1
1.356000000E1	6.860475787E1	1.547176979E1
1.360000000E1	7.067509061E1	1.483334680E1
1.364000000E1	7.239345761E1	1.429843153E1
1.368000000E1	7.379188990E1	1.404764706E1
1.372000000E1	7.495897241E1	1.380170313E1
1.376000000E1	7.638853695E1	1.359411602E1
1.380000000E1	7.836304815E1	1.354978739E1
1.384000000E1	8.070250919E1	1.342262925E1
1.388000000E1	8.275776972E1	1.384440692E1
1.392000000E1	8.412679721E1	1.477372946E1
1.396000000E1	8.504282540E1	1.621444962E1
1.400000000E1	8.557365126E1	1.738607122E1
1.404000000E1	8.572243310E1	1.823270055E1
1.408000000E1	8.544272958E1	1.874500791E1
1.412000000E1	8.482734364E1	1.897116004E1
1.416000000E1	8.389246620E1	1.899909194E1
1.420000000E1	8.249633166E1	1.912121986E1
1.424000000E1	8.062496872E1	1.930427566E1
1.428000000E1	7.826965670E1	1.941236266E1
1.432000000E1	7.532432618E1	1.949274348E1
1.436000000E1	7.194179368E1	1.942438263E1
1.440000000E1	6.827704712E1	1.909919490E1
1.444000000E1	6.456698179E1	1.856218038E1
1.448000000E1	6.087954765E1	1.768122704E1
1.452000000E1	5.743143824E1	1.668252536E1
1.456000000E1	5.440373062E1	1.550673660E1
1.460000000E1	5.195828474E1	1.448790684E1
1.464000000E1	5.025478507E1	1.365668209E1
1.468000000E1	4.906877535E1	1.385761365E1
1.472000000E1	4.837780053E1	1.389008993E1
1.476000000E1	4.822481262E1	1.365183731E1
1.480000000E1	4.817327588E1	1.378431896E1
1.484000000E1	4.814082187E1	1.384686522E1
1.488000000E1	4.814414252E1	1.390809771E1
1.492000000E1	4.820536732E1	1.392043712E1
1.496000000E1	4.832348121E1	1.395600322E1
1.500000000E1	4.865612704E1	1.405436783E1
1.504000000E1	4.943438171E1	1.444853764E1
1.508000000E1	5.076283239E1	1.520041326E1
1.512000000E1	5.274005567E1	1.598041851E1
1.516000000E1	5.526807391E1	1.659539017E1
1.520000000E1	5.812220861E1	1.708349864E1
1.524000000E1	6.123740472E1	1.731996186E1
1.528000000E1	6.439665790E1	1.724650037E1
1.532000000E1	6.735632502E1	1.681035942E1
1.536000000E1	6.987585220E1	1.626153336E1
1.540000000E1	7.191482720E1	1.569251758E1
1.544000000E1	7.360699538E1	1.517645660E1
1.548000000E1	7.559535953E1	1.493715277E1
1.552000000E1	7.824274127E1	1.447889767E1
1.556000000E1	8.106951596E1	1.396240792E1
1.560000000E1	8.344524515E1	1.377177981E1
1.564000000E1	8.508633879E1	1.420400865E1
1.568000000E1	8.601565805E1	1.522153292E1
1.572000000E1	8.645857785E1	1.632147767E1
1.576000000E1	8.649008180E1	1.714632816E1
1.580000000E1	8.616157302E1	1.762547879E1
1.584000000E1	8.548826903E1	1.787967120E1
1.588000000E1	8.452897443E1	1.793258309E1
1.592000000E1	8.323068775E1	1.790541106E1
1.596000000E1	8.155468295E1	1.792055676E1
1.600000000E1	7.944098080E1	1.802148293E1
1.604000000E1	7.703668497E1	1.812383435E1
1.608000000E1	7.421419777E1	1.820052481E1
1.612000000E1	7.104357355E1	1.817901001E1
1.616000000E1	6.768998295E1	1.818810703E1
1.620000000E1	6.423380595E1	1.813117061E1
1.624000000E1	6.088839113E1	1.782339544E1
1.628000000E1	5.774871370E1	1.731823527E1
1.632000000E1	5.497542968E1	1.674711983E1
1.636000000E1	5.263620218E1	1.613521658E1
1.640000000E1	5.080156533E1	1.547188848E1
1.644000000E1	4.949678663E1	1.483265348E1
1.648000000E1	4.866577187E1	1.423019820E1
1.652000000E1	4.822976531E1	1.429799476E1
1.656000000E1	4.813110039E1	1.427260014E1
1.660000000E1	4.828811651E1	1.403715607E1
1.664000000E1	4.841574832E1	1.401510842E1
1.668000000E1	4.855035415E1	1.399183154E1
1.672000000E1	4.863802466E1	1.400332097E1
1.676000000E1	4.866748479E1	1.402026742E1
1.680000000E1	4.859247304E1	1.403544775E1
1.684000000E1	4.856658089E1	1.404091109E1
1.688000000E1	4.868602985E1	1.412317277E1
1.692000000E1	4.915276569E1	1.440623847E1
1.696000000E1	5.009801952E1	1.500951863E1
1.700000000E1	5.164993289E1	1.587030583E1
1.704000000E1	5.386210334E1	1.653145785E1
1.708000000E1	5.653615713E1	1.689558062E1
1.712000000E1	5.948268698E1	1.694547672E1
1.716000000E1	6.250038606E1	1.676152960E1
1.720000000E1	6.538579930E1	1.638464933E1
1.724000000E1	6.788746903E1	1.575676676E1
1.728000000E1	6.991601697E1	1.514363279E1
1.732000000E1	7.177911662E1	1.470347256E1
1.736000000E1	7.397161829E1	1.458558751E1
1.740000000E1	7.687092625E1	1.406434224E1
1.744000000E1	8.011628711E1	1.330153527E1
1.748000000E1	8.288248709E1	1.343084851E1
1.752000000E1	8.493584119E1	1.380103035E1
1.756000000E1	8.617005212E1	1.470876347E1
1.760000000E1	8.683296483E1	1.581965069E1
1.764000000E1	8.700018772E1	1.657038980E1
1.768000000E1	8.676145165E1	1.700035023E1
1.772000000E1	8.615908772E1	1.710512269E1
1.776000000E1	8.537955718E1	1.702859209E1
1.780000000E1	8.425565789E1	1.700654720E1
1.784000000E1	8.285157830E1	1.700470056E1
1.788000000E1	8.107340802E1	1.715897297E1
1.792000000E1	7.888696941E1	1.750547905E1
1.796000000E1	7.623546053E1	1.782490548E1
1.800000000E1	7.331680857E1	1.805992335E1
1.804000000E1	7.013778605E1	1.816574909E1
1.808000000E1	6.688423680E1	1.820775413E1
1.812000000E1	6.363879450E1	1.795619225E1
1.816000000E1	6.066246319E1	1.752571808E1
1.820000000E1	5.798972722E1	1.696367462E1
1.824000000E1	5.569732420E1	1.634902867E1
1.828000000E1	5.382930442E1	1.577144099E1
1.832000000E1	5.228574551E1	1.522934817E1
1.836000000E1	5.116796717E1	1.465220109E1
1.840000000E1	5.036678808E1	1.409627174E1
1.844000000E1	4.987839557E1	1.432203463E1
1.848000000E1	4.976801520E1	1.435440638E1
1.852000000E1	4.991800690E1	1.415556242E1
1.856000000E1	5.007247908E1	1.410526025E1
1.860000000E1	5.019192929E1	1.406860842E1
1.864000000E1	5.023578416E1	1.404052939E1
1.868000000E1	5.030796649E1	1.410032709E1
1.872000000E1	5.051920037E1	1.432162787E1
1.876000000E1	5.107319241E1	1.467253376E1
1.880000000E1	5.202187842E1	1.524488271E1
1.884000000E1	5.348387904E1	1.585895804E1
1.888000000E1	5.543455707E1	1.636126188E1
1.892000000E1	5.774673325E1	1.667808792E1
1.896000000E1	6.032417770E1	1.672296901E1
1.900000000E1	6.298205826E1	1.666550353E1
1.904000000E1	6.564576557E1	1.646027660E1
1.908000000E1	6.808113685E1	1.606872168E1
1.912000000E1	7.033979951E1	1.549812781E1
1.916000000E1	7.282446678E1	1.517738480E1
1.920000000E1	7.583914268E1	1.488855296E1
1.924000000E1	7.896875728E1	1.425246524E1
1.928000000E1	8.178477818E1	1.379830035E1
1.932000000E1	8.380829963E1	1.389417807E1
1.936000000E1	8.507007453E1	1.416566806E1
1.940000000E1	8.582684194E1	1.469309327E1
1.944000000E1	8.621257437E1	1.522449937E1
1.948000000E1	8.615103992E1	1.560136921E1
1.952000000E1	8.575804383E1	1.592794958E1
1.956000000E1	8.507631903E1	1.620018293E1
1.960000000E1	8.403531876E1	1.649884825E1
1.964000000E1	8.252328417E1	1.679848121E1
1.968000000E1	8.045455193E1	1.728888645E1
1.972000000E1	7.779502570E1	1.770388843E1
1.976000000E1	7.471611201E1	1.776258815E1
1.980000000E1	7.124171770E1	1.773629412E1
1.984000000E1	6.755709303E1	1.765380704E1
1.988000000E1	6.392706472E1	1.738484864E1
1.992000000E1	6.053632765E1	1.699412210E1
1.996000000E1	5.759207010E1	1.645515103E1
2.000000000E1	5.516977037E1	1.597014276E1
2.004000000E1	5.326660289E1	1.552571768E1
2.008000000E1	5.187401127E1	1.507319047E1
2.012000000E1	5.095189272E1	1.459407504E1
2.016000000E1	5.040369746E1	1.402919032E1
2.020000000E1	5.009193980E1	1.383932325E1
2.024000000E1	4.999897707E1	1.398793714E1
2.028000000E1	5.016684951E1	1.400099612E1
2.032000000E1	5.035197924E1	1.400354999E1
2.036000000E1	5.042490685E1	1.402932638E1
2.040000000E1	5.044970285E1	1.402197581E1
2.044000000E1	5.050265716E1	1.403534841E1
2.048000000E1	5.071619734E1	1.419928664E1
2.052000000E1	5.139350775E1	1.448869213E1
2.056000000E1	5.262913501E1	1.499836119E1
2.060000000E1	5.458079683E1	1.552168418E1
2.064000000E1	5.712633422E1	1.584754932E1
2.068000000E1	6.005777919E1	1.600159630E1
2.072000000E1	6.318072467E1	1.592273441E1
2.076000000E1	6.631710129E1	1.565463553E1
2.080000000E1	6.916916905E1	1.521537513E1
2.084000000E1	7.150137117E1	1.462806517E1
2.088000000E1	7.325749414E1	1.412505987E1
2.092000000E1	7.494019879E1	1.365976935E1
2.096000000E1	7.698599415E1	1.322691592E1
2.100000000E1	7.946058919E1	1.325512405E1
2.104000000E1	8.214719258E1	1.358361900E1
2.108000000E1	8.430221440E1	1.428159578E1
2.112000000E1	8.575553018E1	1.528030618E1
2.116000000E1	8.664805529E1	1.646865058E1
2.120000000E1	8.702432915E1	1.740424908E1
2.124000000E1	8.692879227E1	1.788323748E1
2.128000000E1	8.649133064E1	1.795381142E1
2.132000000E1	8.582024947E1	1.787191729E1
2.136000000E1	8.495469317E1	1.775038501E1
2.140000000E1	8.378648992E1	1.774726422E1
2.144000000E1	8.228703910E1	1.790664680E1
2.148000000E1	8.034938668E1	1.829013624E1
2.152000000E1	7.788708082E1	1.874779530E1
2.156000000E1	7.495858089E1	1.911529132E1
2.160000000E1	7.165228675E1	1.937800289E1
2.164000000E1	6.818628065E1	1.947043275E1
2.168000000E1	6.471516696E1	1.939260368E1
2.172000000E1	6.130962181E1	1.913151493E1
2.176000000E1	5.816811966E1	1.850946871E1
2.180000000E1	5.543783897E1	1.762278801E1
2.184000000E1	5.321581286E1	1.667339111E1
2.188000000E1	5.151951076E1	1.571955468E1
2.192000000E1	5.039133218E1	1.483712721E1
2.196000000E1	4.969776080E1	1.421271618E1
2.200000000E1	4.937013117E1	1.405675809E1
2.204000000E1	4.928273367E1	1.421204490E1
2.208000000E1	4.946679328E1	1.420254541E1
2.212000000E1	4.973491521E1	1.413603882E1
2.216000000E1	4.984969412E1	1.415768282E1
2.220000000E1	5.004470181E1	1.421543881E1
2.224000000E1	5.045465823E1	1.444045537E1
2.228000000E1	5.119863394E1	1.477513622E1
2.232000000E1	5.247312153E1	1.535190115E1
2.236000000E1	5.433942788E1	1.594972035E1
2.240000000E1	5.662693568E1	1.649276215E1
2.244000000E1	5.936084808E1	1.686324780E1
2.248000000E1	6.238210053E1	1.705565414E1
2.252000000E1	6.545172226E1	1.680445136E1
2.256000000E1	6.837679355E1	1.612550243E1
2.260000000E1	7.089954532E1	1.535982444E1
2.264000000E1	7.326700087E1	1.457344677E1
2.268000000E1	7.596623942E1	1.405678895E1
2.272000000E1	7.902747596E1	1.372986910E1
2.276000000E1	8.209104997E1	1.341617149E1
2.280000000E1	8.446913636E1	1.350295692E1
2.284000000E1	8.590230835E1	1.409013903E1
2.288000000E1	8.677938150E1	1.504479130E1
2.292000000E1	8.710473281E1	1.587859187E1
2.296000000E1	8.698617612E1	1.643415529E1
2.300000000E1	8.647630833E1	1.666916089E1
2.304000000E1	8.570683644E1	1.685982488E1
2.308000000E1	8.457760045E1	1.715016574E1
2.312000000E1	8.298371884E1	1.748434278E1
2.316000000E1	8.094286682E1	1.788148581E1
2.320000000E1	7.849889642E1	1.824968896E1
2.324000000E1	7.552388406E1	1.849436648E1
2.328000000E1	7.220598247E1	1.851740306E1
2.332000000E1	6.870355319E1	1.846394598E1
2.336000000E1	6.517683030E1	1.823909535E1
2.340000000E1	6.179484491E1	1.778714460E1
2.344000000E1	5.876689485E1	1.714159306E1
2.348000000E1	5.628019249E1	1.650565125E1
2.352000000E1	5.432255612E1	1.582860029E1
2.356000000E1	5.287258986E1	1.523690071E1
2.360000000E1	5.189495212E1	1.465740364E1
2.364000000E1	5.127059686E1	1.414444042E1
2.368000000E1	5.092138256E1	1.422749000E1
2.372000000E1	5.084016089E1	1.424404410E1
2.376000000E1	5.097147280E1	1.414650790E1
2.380000000E1	5.106962440E1	1.411096191E1
2.384000000E1	5.113658811E1	1.408994345E1
2.388000000E1	5.124580357E1	1.403168719E1
2.392000000E1	5.140980781E1	1.414560400E1
2.396000000E1	5.185355420E1	1.442575765E1
2.400000000E1	5.271724200E1	1.491070239E1
2.404000000E1	5.406841870E1	1.550935253E1
2.408000000E1	5.600336990E1	1.595884887E1
2.412000000E1	5.827323834E1	1.622384354E1
2.416000000E1	6.078103299E1	1.645435978E1
2.420000000E1	6.350697231E1	1.654789926E1
2.424000000E1	6.625895291E1	1.615601253E1
2.428000000E1	6.876276235E1	1.554778710E1
2.432000000E1	7.085823962E1	1.504009760E1
2.436000000E1	7.253196742E1	1.458133150E1
2.440000000E1	7.391278081E1	1.433822382E1
2.444000000E1	7.548470281E1	1.404968560E1
2.448000000E1	7.763867535E1	1.384435177E1
2.452000000E1	8.038576668E1	1.366638455E1
2.456000000E1	8.293790246E1	1.397105296E1
2.460000000E1	8.474123031E1	1.459746055E1
2.464000000E1	8.598140860E1	1.559237783E1
2.468000000E1	8.679797739E1	1.669547554E1
2.472000000E1	8.705379371E1	1.756556192E1
2.476000000E1	8.680646200E1	1.802659453E1
2.480000000E1	8.614998338E1	1.819679768E1
2.484000000E1	8.513523502E1	1.832061500E1
2.488000000E1	8.372207685E1	1.838761067E1
2.492000000E1	8.178993203E1	1.855806403E1
2.496000000E1	7.931106649E1	1.879743840E1
2.500000000E1	7.641943195E1	1.889110833E1
2.504000000E1	7.318422010E1	1.875429220E1
2.508000000E1	6.963765113E1	1.845389968E1
2.512000000E1	6.609596407E1	1.807733455E1
2.516000000E1	6.255581980E1	1.750454633E1
2.520000000E1	5.926666579E1	1.689142306E1
2.524000000E1	5.648850229E1	1.617868917E1
2.528000000E1	5.433920855E1	1.551036903E1
2.532000000E1	5.268691696E1	1.493152997E1
2.536000000E1	5.161776496E1	1.445000803E1
2.540000000E1	5.094118803E1	1.403534211E1
2.544000000E1	5.068088800E1	1.397003281E1
2.548000000E1	5.061792677E1	1.410985289E1
2.552000000E1	5.071598346E1	1.403169062E1
2.556000000E1	5.084720039E1	1.391402117E1
2.560000000E1	5.084731162E1	1.388851307E1
2.564000000E1	5.083961636E1	1.386497330E1
2.568000000E1	5.092279676E1	1.386493625E1
2.572000000E1	5.110354941E1	1.399856657E1
2.576000000E1	5.169286367E1	1.427414244E1
2.580000000E1	5.275251178E1	1.476388314E1
2.584000000E1	5.437097585E1	1.522694635E1
2.588000000E1	5.635773653E1	1.569607928E1
2.592000000E1	5.870301470E1	1.612689927E1
2.596000000E1	6.127397922E1	1.630335398E1
2.600000000E1	6.384559986E1	1.621885028E1
2.604000000E1	6.630962761E1	1.580933582E1
2.608000000E1	6.862887911E1	1.535740974E1
2.612000000E1	7.087163601E1	1.517610539E1
2.616000000E1	7.331635562E1	1.495177088E1
2.620000000E1	7.609852267E1	1.492583025E1
2.624000000E1	7.914234947E1	1.469617120E1
2.628000000E1	8.197888126E1	1.411353450E1
2.632000000E1	8.417610375E1	1.389117187E1
2.636000000E1	8.550417437E1	1.426555074E1
2.640000000E1	8.638925163E1	1.507658209E1
2.644000000E1	8.676388232E1	1.588667216E1
2.648000000E1	8.679072893E1	1.656312665E1
2.652000000E1	8.640497712E1	1.714654469E1
2.656000000E1	8.570011027E1	1.768826695E1
2.660000000E1	8.466880447E1	1.805327767E1
2.664000000E1	8.312528680E1	1.833981372E1
2.668000000E1	8.106983329E1	1.863768222E1
2.672000000E1	7.851236051E1	1.890661648E1
2.676000000E1	7.557413823E1	1.891584531E1
2.680000000E1	7.214667514E1	1.877526317E1
2.684000000E1	6.841994539E1	1.855565256E1
2.688000000E1	6.477020182E1	1.814815824E1
2.692000000E1	6.115951885E1	1.759414537E1
2.696000000E1	5.792850430E1	1.684203616E1
2.700000000E1	5.515417055E1	1.615637123E1
2.704000000E1	5.287947147E1	1.559163830E1
2.708000000E1	5.123144185E1	1.513114607E1
2.712000000E1	5.011549569E1	1.475164163E1
2.716000000E1	4.944262722E1	1.448958901E1
2.720000000E1	4.915290586E1	1.441842536E1
2.724000000E1	4.915704725E1	1.448390785E1
2.728000000E1	4.947405438E1	1.463391277E1
2.732000000E1	5.010912632E1	1.496855375E1
2.736000000E1	5.109770043E1	1.545379972E1
2.740000000E1	5.249444630E1	1.592987638E1
2.744000000E1	5.431702381E1	1.633823190E1
2.748000000E1	5.655072217E1	1.656934010E1
2.752000000E1	5.908716713E1	1.661151165E1
2.756000000E1	6.183346626E1	1.660853976E1
2.760000000E1	6.464640617E1	1.638046348E1
2.764000000E1	6.733993173E1	1.592609324E1
2.768000000E1	6.974909021E1	1.527273551E1
2.772000000E1	7.168587223E1	1.467073810E1
2.776000000E1	7.343440536E1	1.430113194E1
2.780000000E1	7.554032826E1	1.400458351E1
2.784000000E1	7.828504994E1	1.375776843E1
2.788000000E1	8.114639944E1	1.351130567E1
2.792000000E1	8.363519728E1	1.389845039E1
2.796000000E1	8.529094765E1	1.467181224E1
2.800000000E1	8.635782965E1	1.580036673E1
2.804000000E1	8.690538953E1	1.688991566E1
2.808000000E1	8.697819862E1	1.776068619E1
2.812000000E1	8.657368517E1	1.831278558E1
2.816000000E1	8.585786395E1	1.863288598E1
2.820000000E1	8.480880135E1	1.882037007E1
2.824000000E1	8.337504460E1	1.893969088E1
2.828000000E1	8.157009531E1	1.905598945E1
2.832000000E1	7.935794008E1	1.919843801E1
2.836000000E1	7.686847652E1	1.923089942E1
2.840000000E1	7.411904088E1	1.898314746E1
2.844000000E1	7.108204084E1	1.866534400E1
2.848000000E1	6.803245022E1	1.834592586E1
2.852000000E1	6.503758141E1	1.792867971E1
2.856000000E1	6.230734366E1	1.747228515E1
2.860000000E1	5.987093847E1	1.688489821E1
2.864000000E1	5.772324365E1	1.627672479E1
2.868000000E1	5.596407658E1	1.562220461E1
2.872000000E1	5.456062149E1	1.496855531E1
2.876000000E1	5.340413274E1	1.436230778E1
2.880000000E1	5.243925914E1	1.391473631E1
2.884000000E1	5.170964436E1	1.401106861E1
2.888000000E1	5.114265888E1	1.403743509E1
2.892000000E1	5.082612807E1	1.390135684E1
2.896000000E1	5.075435736E1	1.402331830E1
2.900000000E1	5.081349903E1	1.421496109E1
2.904000000E1	5.106766502E1	1.425775197E1
2.908000000E1	5.153009965E1	1.434039899E1
2.912000000E1	5.217437519E1	1.467000199E1
2.916000000E1	5.324862805E1	1.520861572E1
2.920000000E1	5.475906405E1	1.567620925E1
2.924000000E1	5.662310822E1	1.599573001E1
2.928000000E1	5.872863126E1	1.615506403E1
2.932000000E1	6.090468443E1	1.621105037E1
2.936000000E1	6.309358563E1	1.622132695E1
2.940000000E1	6.530638779E1	1.595419813E1
2.944000000E1	6.730521707E1	1.565298611E1
2.948000000E1	6.925234974E1	1.529372572E1
2.952000000E1	7.134130351E1	1.501531251E1
2.956000000E1	7.374184835E1	1.487149799E1
2.960000000E1	7.664699091E1	1.457609779E1
2.964000000E1	7.985470696E1	1.402786257E1
2.968000000E1	8.292727535E1	1.390578063E1
2.972000000E1	8.525891623E1	1.443167003E1
2.976000000E1	8.684229052E1	1.551659718E1
2.980000000E1	8.787827939E1	1.691244963E1
2.984000000E1	8.826285856E1	1.813430136E1
2.988000000E1	8.813909751E1	1.907373437E1
2.992000000E1	8.756979317E1	1.970000660E1
2.996000000E1	8.662452263E1	2.007807108E1
3.000000000E1	8.532506145E1	2.029689159E1
3.004000000E1	8.347176794E1	2.045082229E1
3.008000000E1	8.111594663E1	2.056580031E1
3.012000000E1	7.836625367E1	2.053196742E1
3.016000000E1	7.529118924E1	2.015652821E1
3.020000000E1	7.186242509E1	1.961721696E1
3.024000000E1	6.836436653E1	1.912291749E1
3.028000000E1	6.491405231E1	1.860408907E1
3.032000000E1	6.155283708E1	1.806854968E1
3.036000000E1	5.839117643E1	1.754164026E1
3.040000000E1	5.553335808E1	1.694050414E1
3.044000000E1	5.293216380E1	1.640500744E1
3.048000000E1	5.067042963E1	1.589164194E1
3.052000000E1	4.870295517E1	1.537485132E1
3.056000000E1	4.707012282E1	1.494608811E1
3.060000000E1	4.583468690E1	1.444408710E1
3.064000000E1	4.496741522E1	1.406939346E1
3.068000000E1	4.453003212E1	1.384447365E1
3.072000000E1	4.446978474E1	1.383807107E1
3.076000000E1	4.463561322E1	1.387748452E1
3.080000000E1	4.490666435E1	1.390924662E1
3.084000000E1	4.519667265E1	1.403560724E1
3.088000000E1	4.554106250E1	1.422318570E1
3.092000000E1	4.599668935E1	1.450678604E1
3.096000000E1	4.676423730E1	1.495640265E1
3.100000000E1	4.796520558E1	1.555655381E1
3.104000000E1	4.971123557E1	1.621915864E1
3.108000000E1	5.213089858E1	1.674953347E1
3.112000000E1	5.493996678E1	1.704303644E1
3.116000000E1	5.813343751E1	1.713342651E1
3.120000000E1	6.152783952E1	1.691612654E1
3.124000000E1	6.463071381E1	1.650844093E1
3.128000000E1	6.748717110E1	1.596349378E1
3.132000000E1	6.998589976E1	1.533003401E1
3.136000000E1	7.232743037E1	1.453769490E1
3.140000000E1	7.481920433E1	1.398976926E1
3.144000000E1	7.783984220E1	1.357515195E1
3.148000000E1	8.108756536E1	1.356042016E1
3.152000000E1	8.398350410E1	1.401310847E1
3.156000000E1	8.615962158E1	1.489820556E1
3.160000000E1	8.760678656E1	1.596257636E1
3.164000000E1	8.850691871E1	1.691238834E1
3.168000000E1	8.887143260E1	1.760977235E1
3.172000000E1	8.870843402E1	1.790019746E1
3.176000000E1	8.799699072E1	1.802141024E1
3.180000000E1	8.692831647E1	1.818190956E1
3.184000000E1	8.544316296E1	1.834405953E1
3.188000000E1	8.339988946E1	1.853137436E1
3.192000000E1	8.078061206E1	1.885903312E1
3.196000000E1	7.768251755E1	1.914070267E1
3.200000000E1	7.415424507E1	1.911312858E1
3.204000000E1	7.036386128E1	1.904415651E1
3.208000000E1	6.650194655E1	1.885762888E1
3.212000000E1	6.269042582E1	1.855068529E1
3.216000000E1	5.907370298E1	1.811553166E1
3.220000000E1	5.574191488E1	1.764734185E1
3.224000000E1	5.268488765E1	1.710463755E1
3.228000000E1	5.006832198E1	1.664253926E1
3.232000000E1	4.780860176E1	1.626663154E1
3.236000000E1	4.603186299E1	1.571837442E1
3.240000000E1	4.469549701E1	1.511072344E1
3.244000000E1	4.370496424E1	1.462571160E1
3.248000000E1	4.313235653E1	1.424275489E1
3.252000000E1	4.286812804E1	1.394919397E1
3.256000000E1	4.283946001E1	1.388251539E1
3.260000000E1	4.300735656E1	1.392748403E1
3.264000000E1	4.325221842E1	1.409180995E1
3.268000000E1	4.349530290E1	1.418460547E1
3.272000000E1	4.376901064E1	1.403108228E1
3.276000000E1	4.392617550E1	1.387874671E1
3.280000000E1	4.396447294E1	1.386542237E1
3.284000000E1	4.393305925E1	1.386698961E1
3.288000000E1	4.389933389E1	1.387117734E1
3.292000000E1	4.380903406E1	1.387155765E1
3.296000000E1	4.376568780E1	1.387745495E1
3.300000000E1	4.376456683E1	1.387826485E1
3.304000000E1	4.377110553E1	1.388165309E1
3.308000000E1	4.377723152E1	1.388330554E1
3.312000000E1	4.377854354E1	1.388851950E1
3.316000000E1	4.377355430E1	1.388885514E1
3.320000000E1	4.377337476E1	1.388863569E1
3.324000000E1	4.377078157E1	1.388766148E1
3.328000000E1	4.377218252E1	1.388375662E1
3.332000000E1	4.377210262E1	1.388162753E1
3.336000000E1	4.377100804E1	1.388320793E1
3.340000000E1	4.376935250E1	1.388478299E1
3.344000000E1	4.376830105E1	1.388545331E1
