hand
t	x	y
0.000000000E0	4.361334084E1	1.268933692E1
4.000000000E-2	4.361245756E1	1.268840672E1
8.000000000E-2	4.361220798E1	1.268731361E1
1.200000000E-1	4.361154317E1	1.268813704E1
1.600000000E-1	4.361269360E1	1.268896401E1
2.000000000E-1	4.361491319E1	1.269133032E1
2.400000000E-1	4.361480381E1	1.269111657E1
2.800000000E-1	4.361481188E1	1.269195878E1
3.200000000E-1	4.361434693E1	1.269117734E1
3.600000000E-1	4.361392336E1	1.269033847E1
4.000000000E-1	4.361367041E1	1.268985595E1
4.400000000E-1	4.361369689E1	1.268975590E1
4.800000000E-1	4.361383924E1	1.268935220E1
5.200000000E-1	4.361363745E1	1.268990435E1
5.600000000E-1	4.361358322E1	1.268975937E1
6.000000000E-1	4.361353817E1	1.268968071E1
6.400000000E-1	4.361351117E1	1.268964825E1
6.800000000E-1	4.361342884E1	1.268979113E1
7.200000000E-1	4.361340538E1	1.268978446E1
7.600000000E-1	4.361316917E1	1.268967734E1
8.000000000E-1	4.361297305E1	1.268960581E1
8.400000000E-1	4.361305236E1	1.268964805E1
8.800000000E-1	4.361309080E1	1.268968432E1
9.200000000E-1	4.361319452E1	1.268884306E1
9.600000000E-1	4.361325888E1	1.268954255E1
1.000000000E0	4.360537634E1	1.268978168E1
1.040000000E0	4.360512779E1	1.269143505E1
1.080000000E0	4.361688045E1	1.276049681E1
1.120000000E0	4.389271369E1	1.294364340E1
1.160000000E0	4.463770486E1	1.358408295E1
1.200000000E0	4.598432966E1	1.490064082E1
1.240000000E0	4.807145973E1	1.639975489E1
1.280000000E0	5.081609701E1	1.751665357E1
1.320000000E0	5.422650299E1	1.805603385E1
1.360000000E0	5.781586699E1	1.806005907E1
1.400000000E0	6.112250011E1	1.787177888E1
1.440000000E0	6.408896835E1	1.729473934E1
1.480000000E0	6.647169236E1	1.640246002E1
1.520000000E0	6.805046945E1	1.549169517E1
1.560000000E0	6.898999970E1	1.480714344E1
1.600000000E0	6.939579728E1	1.419833630E1
1.640000000E0	6.936881190E1	1.383097475E1
1.680000000E0	6.904500562E1	1.356415904E1
1.720000000E0	6.843973496E1	1.356073376E1
1.760000000E0	6.757409223E1	1.367677928E1
1.800000000E0	6.650875148E1	1.386369171E1
1.840000000E0	6.519844657E1	1.392307388E1
1.880000000E0	6.368833802E1	1.398873243E1
1.920000000E0	6.206333514E1	1.411182474E1
1.960000000E0	6.053264785E1	1.418445133E1
2.000000000E0	5.906139618E1	1.427459923E1
2.040000000E0	5.787490443E1	1.432091622E1
2.080000000E0	5.708134237E1	1.417812911E1
2.120000000E0	5.654365290E1	1.400104179E1
2.160000000E0	5.630863629E1	1.375192435E1
2.200000000E0	5.625970678E1	1.355532030E1
2.240000000E0	5.631766817E1	1.343962478E1
2.280000000E0	5.645683454E1	1.341880530E1
2.320000000E0	5.651072609E1	1.336454062E1
2.360000000E0	5.648862331E1	1.330669849E1
2.400000000E0	5.638421620E1	1.326365884E1
2.440000000E0	5.623519978E1	1.325847108E1
2.480000000E0	5.606231339E1	1.327507218E1
2.520000000E0	5.566791511E1	1.337609601E1
2.560000000E0	5.500301602E1	1.360643692E1
2.600000000E0	5.396795284E1	1.390381320E1
2.640000000E0	5.269061674E1	1.414897451E1
2.680000000E0	5.136505021E1	1.420249962E1
2.720000000E0	5.004959528E1	1.414626121E1
2.760000000E0	4.894910460E1	1.386414801E1
2.800000000E0	4.813093372E1	1.339158633E1
2.840000000E0	4.749802993E1	1.292093488E1
2.880000000E0	4.717949746E1	1.242233424E1
2.920000000E0	4.708060034E1	1.198794208E1
2.960000000E0	4.706414226E1	1.187868270E1
3.000000000E0	4.708959797E1	1.189348110E1
3.040000000E0	4.714578066E1	1.187089657E1
3.080000000E0	4.717724294E1	1.191136502E1
3.120000000E0	4.719950835E1	1.194065998E1
3.160000000E0	4.721521594E1	1.198981526E1
3.200000000E0	4.736310090E1	1.224892882E1
3.240000000E0	4.782921441E1	1.281601011E1
3.280000000E0	4.877952176E1	1.353457463E1
3.320000000E0	5.038679877E1	1.420794425E1
3.360000000E0	5.250315763E1	1.462434463E1
3.400000000E0	5.500712490E1	1.483186575E1
3.440000000E0	5.767850699E1	1.484663504E1
3.480000000E0	6.025986941E1	1.474828211E1
3.520000000E0	6.273947690E1	1.445573268E1
3.560000000E0	6.482234681E1	1.401105999E1
3.600000000E0	6.645337546E1	1.353804519E1
3.640000000E0	6.768200435E1	1.309060083E1
3.680000000E0	6.859239853E1	1.283479509E1
3.720000000E0	6.918700365E1	1.255906274E1
3.760000000E0	6.920959996E1	1.254096006E1
3.800000000E0	6.897908388E1	1.265738322E1
3.840000000E0	6.834499593E1	1.280115560E1
3.880000000E0	6.747904697E1	1.291294290E1
3.920000000E0	6.636669663E1	1.302934292E1
3.960000000E0	6.492421925E1	1.309691850E1
4.000000000E0	6.329390838E1	1.326281276E1
4.040000000E0	6.158746011E1	1.346454297E1
4.080000000E0	5.829231604E1	1.370593423E1
4.120000000E0	5.784614957E1	1.373877123E1
4.160000000E0	5.682615939E1	1.362644500E1
4.200000000E0	5.565498136E1	1.345290134E1
4.240000000E0	5.481839500E1	1.328083885E1
4.280000000E0	5.444530763E1	1.300903948E1
4.320000000E0	5.429789421E1	1.277533619E1
4.360000000E0	5.429769097E1	1.271999086E1
4.400000000E0	5.440147337E1	1.274619954E1
4.440000000E0	5.441311461E1	1.270487893E1
4.480000000E0	5.439611374E1	1.266700156E1
4.520000000E0	5.430944574E1	1.267622821E1
4.560000000E0	5.420884728E1	1.265179502E1
4.600000000E0	5.405126143E1	1.260786557E1
4.640000000E0	5.389398863E1	1.263579571E1
4.680000000E0	5.321096222E1	1.265190454E1
4.720000000E0	5.320713336E1	1.266584197E1
4.760000000E0	5.273062557E1	1.265719026E1
4.800000000E0	5.212243314E1	1.264423063E1
4.840000000E0	5.146529773E1	1.258338967E1
4.880000000E0	5.069270996E1	1.232079025E1
4.920000000E0	4.992115420E1	1.204511022E1
4.960000000E0	4.947567948E1	1.176013442E1
5.000000000E0	4.926741702E1	1.167822945E1
5.040000000E0	4.916921137E1	1.166054925E1
5.080000000E0	4.931565643E1	1.167196509E1
5.120000000E0	4.931006878E1	1.164984017E1
5.160000000E0	4.941433463E1	1.166746350E1
5.200000000E0	4.951748622E1	1.178503569E1
5.240000000E0	4.961785763E1	1.197260304E1
5.280000000E0	4.976992144E1	1.219625906E1
5.320000000E0	5.018747567E1	1.253779622E1
5.360000000E0	5.209025007E1	1.371114756E1
5.400000000E0	5.210734246E1	1.372041416E1
5.440000000E0	5.382556617E1	1.436125629E1
5.480000000E0	5.592019755E1	1.481463386E1
5.520000000E0	5.822212350E1	1.513823671E1
5.560000000E0	6.070105881E1	1.523415625E1
5.600000000E0	6.293889282E1	1.515890933E1
5.640000000E0	6.499858059E1	1.490973610E1
5.680000000E0	6.671727651E1	1.459616857E1
5.720000000E0	6.791542330E1	1.431588708E1
5.760000000E0	6.876463505E1	1.385964504E1
5.800000000E0	6.913964508E1	1.344191627E1
5.840000000E0	6.900558807E1	1.323899231E1
5.880000000E0	6.854255303E1	1.313599108E1
5.920000000E0	6.677045453E1	1.337334873E1
5.960000000E0	6.680046759E1	1.338061783E1
6.000000000E0	6.565985624E1	1.348803974E1
6.040000000E0	6.425096652E1	1.350290283E1
6.080000000E0	6.277474002E1	1.351744802E1
6.120000000E0	6.127204791E1	1.343358620E1
6.160000000E0	5.972783914E1	1.327538566E1
6.200000000E0	5.835264055E1	1.314053402E1
6.240000000E0	5.711057492E1	1.307078909E1
6.280000000E0	5.606128705E1	1.304206140E1
6.320000000E0	5.521481543E1	1.297736422E1
6.360000000E0	5.461644985E1	1.284631476E1
6.400000000E0	5.426519273E1	1.283644318E1
6.440000000E0	5.426874651E1	1.287861031E1
6.480000000E0	5.430157275E1	1.286261189E1
6.520000000E0	5.426205643E1	1.281321981E1
6.560000000E0	5.425531792E1	1.271160785E1
6.600000000E0	5.422442809E1	1.267050338E1
6.640000000E0	5.417008094E1	1.266371303E1
6.680000000E0	5.410693171E1	1.266574482E1
6.720000000E0	5.408276155E1	1.266482441E1
6.760000000E0	5.407390785E1	1.265868864E1
6.800000000E0	5.409051414E1	1.266833916E1
6.840000000E0	5.409403750E1	1.267305598E1
6.880000000E0	5.409439613E1	1.267399524E1
6.920000000E0	5.408370833E1	1.267740750E1
6.960000000E0	5.405550128E1	1.267782644E1
7.000000000E0	5.399675535E1	1.269184880E1
7.040000000E0	5.394645373E1	1.268681763E1
7.080000000E0	5.391769981E1	1.267634276E1
7.120000000E0	5.382932762E1	1.270016479E1
7.160000000E0	5.376833931E1	1.270264742E1
7.200000000E0	5.370466235E1	1.271482775E1
7.240000000E0	5.363739900E1	1.269498174E1
7.280000000E0	5.350643514E1	1.276957853E1
7.320000000E0	5.348446503E1	1.274608401E1
7.360000000E0	5.344989309E1	1.270197071E1
7.400000000E0	5.349200596E1	1.270595171E1
7.440000000E0	5.364513161E1	1.268207103E1
7.480000000E0	5.394167962E1	1.266973915E1
7.520000000E0	5.442880649E1	1.274333875E1
7.560000000E0	5.518761370E1	1.297391570E1
7.600000000E0	5.625727770E1	1.326235118E1
7.640000000E0	5.753519042E1	1.353761642E1
7.680000000E0	5.904154296E1	1.385088956E1
7.720000000E0	6.062513139E1	1.410903414E1
7.760000000E0	6.223891003E1	1.436975995E1
7.800000000E0	6.378409418E1	1.451167466E1
7.840000000E0	6.517290433E1	1.441565969E1
7.880000000E0	6.722060676E1	1.401028737E1
7.920000000E0	6.724829420E1	1.399451064E1
7.960000000E0	6.779511606E1	1.382234813E1
8.000000000E0	6.804309252E1	1.367123178E1
8.040000000E0	6.803039844E1	1.356552322E1
8.080000000E0	6.771466545E1	1.344408637E1
8.120000000E0	6.711523599E1	1.337305842E1
8.160000000E0	6.625488256E1	1.339481548E1
8.200000000E0	6.522283640E1	1.340759230E1
8.240000000E0	6.400323681E1	1.342768788E1
8.280000000E0	6.267574700E1	1.339756992E1
8.320000000E0	6.132967537E1	1.344548047E1
8.360000000E0	5.997317996E1	1.342030468E1
8.400000000E0	5.877258206E1	1.333779820E1
8.440000000E0	5.769205263E1	1.327820323E1
8.480000000E0	5.687124061E1	1.313774380E1
8.520000000E0	5.629070635E1	1.305856674E1
8.560000000E0	5.605660379E1	1.302588157E1
8.600000000E0	5.598688284E1	1.300064902E1
8.640000000E0	5.601952646E1	1.299485445E1
8.680000000E0	5.605231903E1	1.299926534E1
8.720000000E0	5.607605861E1	1.296851063E1
8.760000000E0	5.608199235E1	1.293985217E1
8.800000000E0	5.606640673E1	1.292802485E1
8.840000000E0	5.606094721E1	1.288265604E1
8.880000000E0	5.602323602E1	1.284487920E1
8.920000000E0	5.592217270E1	1.286250898E1
8.960000000E0	5.585244331E1	1.291059706E1
9.000000000E0	5.570445607E1	1.300681924E1
9.040000000E0	5.543479136E1	1.312472247E1
9.080000000E0	5.509467811E1	1.327937464E1
9.120000000E0	5.468679915E1	1.349452324E1
9.160000000E0	5.412804802E1	1.371203507E1
9.200000000E0	5.356881350E1	1.385090329E1
9.240000000E0	5.295703683E1	1.393698831E1
9.280000000E0	5.223676888E1	1.390853876E1
9.320000000E0	5.168632586E1	1.380155406E1
9.360000000E0	5.110621424E1	1.354989367E1
9.400000000E0	5.063715556E1	1.318334093E1
9.440000000E0	5.021583612E1	1.277522009E1
9.480000000E0	5.001110122E1	1.236715835E1
9.520000000E0	4.988979060E1	1.230165463E1
9.560000000E0	4.976158375E1	1.230322375E1
9.600000000E0	4.974438173E1	1.211404126E1
9.640000000E0	4.973644266E1	1.208706529E1
9.680000000E0	4.971247858E1	1.201036537E1
9.720000000E0	4.975099753E1	1.199988921E1
9.760000000E0	4.973773765E1	1.195473879E1
9.800000000E0	4.972632447E1	1.193998187E1
9.840000000E0	4.974453441E1	1.194310587E1
9.880000000E0	4.975138770E1	1.194838487E1
9.920000000E0	4.976227260E1	1.195014995E1
9.960000000E0	4.977284476E1	1.195947834E1
1.000000000E1	4.978739489E1	1.195280319E1
1.004000000E1	4.977879174E1	1.194771952E1
1.008000000E1	4.977400483E1	1.194500905E1
1.012000000E1	4.977480961E1	1.194987352E1
1.016000000E1	4.977187766E1	1.195798860E1
1.020000000E1	4.976645604E1	1.194615905E1
1.024000000E1	4.976136417E1	1.194080848E1
1.028000000E1	4.976289766E1	1.194008228E1
1.032000000E1	4.979473086E1	1.195663786E1
1.036000000E1	4.989820110E1	1.194489040E1
1.040000000E1	5.006399646E1	1.197467293E1
1.044000000E1	5.037369178E1	1.210730547E1
1.048000000E1	5.088941975E1	1.239388776E1
1.052000000E1	5.164256242E1	1.282421364E1
1.056000000E1	5.267917204E1	1.335591010E1
1.060000000E1	5.398357762E1	1.386187728E1
1.064000000E1	5.556321060E1	1.417472259E1
1.068000000E1	5.741794751E1	1.436614594E1
1.072000000E1	5.932160544E1	1.445129330E1
1.076000000E1	6.134376323E1	1.453600818E1
1.080000000E1	6.325055619E1	1.449343067E1
1.084000000E1	6.490711039E1	1.441196854E1
1.088000000E1	6.638447976E1	1.419600919E1
1.092000000E1	6.750363961E1	1.398821445E1
1.096000000E1	6.884399620E1	1.343555077E1
1.100000000E1	6.881545493E1	1.343038846E1
1.104000000E1	6.896609297E1	1.317685848E1
1.108000000E1	6.879313109E1	1.301037975E1
1.112000000E1	6.835079681E1	1.295823162E1
1.116000000E1	6.769549806E1	1.298320019E1
1.120000000E1	6.679658609E1	1.301118138E1
1.124000000E1	6.562745189E1	1.309157532E1
1.128000000E1	6.430047469E1	1.313554044E1
1.132000000E1	6.280228900E1	1.313280456E1
1.136000000E1	6.130442050E1	1.313057461E1
1.140000000E1	5.981234407E1	1.313104090E1
1.144000000E1	5.846699663E1	1.301823076E1
1.148000000E1	5.727305866E1	1.282342484E1
1.152000000E1	5.638650743E1	1.263299008E1
1.156000000E1	5.590970947E1	1.252310251E1
1.160000000E1	5.572637011E1	1.255817763E1
1.164000000E1	5.573304585E1	1.252712937E1
1.168000000E1	5.575871698E1	1.253147411E1
1.172000000E1	5.576615303E1	1.251184850E1
1.176000000E1	5.575796631E1	1.241951910E1
1.180000000E1	5.562717394E1	1.234308550E1
1.184000000E1	5.548158856E1	1.223964886E1
1.188000000E1	5.525435613E1	1.218353310E1
1.192000000E1	5.486833596E1	1.218981765E1
1.196000000E1	5.368180957E1	1.223802801E1
1.200000000E1	5.366707338E1	1.223612346E1
1.204000000E1	5.307710079E1	1.213171927E1
1.208000000E1	5.261243754E1	1.191015259E1
1.212000000E1	5.228697081E1	1.172016050E1
1.216000000E1	5.216136486E1	1.164122125E1
1.220000000E1	5.210735849E1	1.161103154E1
1.224000000E1	5.211587514E1	1.161299215E1
1.228000000E1	5.216071389E1	1.161788884E1
1.232000000E1	5.217748811E1	1.162878772E1
1.236000000E1	5.223804042E1	1.162198741E1
1.240000000E1	5.227169783E1	1.162687457E1
1.244000000E1	5.228605193E1	1.164184754E1
1.248000000E1	5.229268747E1	1.165650659E1
1.252000000E1	5.230263478E1	1.164901936E1
1.256000000E1	5.230429078E1	1.164193909E1
1.260000000E1	5.231007334E1	1.164047867E1
1.264000000E1	5.230663275E1	1.163788856E1
1.268000000E1	5.230530821E1	1.163610158E1
1.272000000E1	5.230457375E1	1.163513661E1
1.276000000E1	5.230131735E1	1.163210453E1
1.280000000E1	5.229853520E1	1.163048459E1
1.284000000E1	5.229951569E1	1.162966136E1
1.288000000E1	5.230052083E1	1.163011970E1
1.292000000E1	5.230319679E1	1.162952387E1
1.296000000E1	5.230285779E1	1.163090833E1
1.300000000E1	5.230416351E1	1.163131660E1
1.304000000E1	5.230709354E1	1.163098997E1
1.308000000E1	5.231009849E1	1.163068135E1
1.312000000E1	5.233503079E1	1.163733936E1
1.316000000E1	5.240358091E1	1.161857992E1
1.320000000E1	5.245191933E1	1.163249183E1
1.324000000E1	5.245786218E1	1.163371510E1
1.328000000E1	5.245743968E1	1.163374482E1
1.332000000E1	5.251779526E1	1.165938133E1
1.336000000E1	5.276450067E1	1.174727705E1
1.340000000E1	5.347442520E1	1.203629706E1
1.344000000E1	5.471466400E1	1.274015316E1
1.348000000E1	5.648263519E1	1.374493113E1
1.352000000E1	5.872941889E1	1.464386218E1
1.356000000E1	6.110762422E1	1.523843677E1
1.360000000E1	6.351955592E1	1.555905531E1
1.364000000E1	6.571451010E1	1.550738751E1
1.368000000E1	6.739263354E1	1.507923427E1
1.372000000E1	6.858907609E1	1.435592280E1
1.376000000E1	6.916121944E1	1.365088201E1
1.380000000E1	6.917963805E1	1.309025430E1
1.384000000E1	6.880214322E1	1.285786152E1
1.388000000E1	6.803088288E1	1.294832049E1
1.392000000E1	6.701410107E1	1.302953802E1
1.396000000E1	6.579860068E1	1.297510636E1
1.400000000E1	6.438025359E1	1.290290220E1
1.404000000E1	6.295223537E1	1.282820842E1
1.408000000E1	6.154950512E1	1.273407337E1
1.412000000E1	6.015247703E1	1.267790577E1
1.416000000E1	5.885408424E1	1.260662186E1
1.420000000E1	5.664853068E1	1.265608183E1
1.424000000E1	5.664908332E1	1.266869275E1
1.428000000E1	5.575322647E1	1.264184926E1
1.432000000E1	5.502821078E1	1.255172369E1
1.436000000E1	5.442067348E1	1.242921578E1
1.440000000E1	5.405509476E1	1.237999360E1
1.444000000E1	5.392036258E1	1.235253326E1
1.448000000E1	5.390615587E1	1.232988245E1
1.452000000E1	5.392586244E1	1.231395746E1
1.456000000E1	5.394359524E1	1.230135116E1
1.460000000E1	5.393209944E1	1.224468976E1
1.464000000E1	5.392272889E1	1.222815722E1
1.468000000E1	5.389050406E1	1.222930056E1
1.472000000E1	5.390550708E1	1.222945022E1
1.476000000E1	5.387023838E1	1.226376613E1
1.480000000E1	5.381026559E1	1.225811114E1
1.484000000E1	5.378657246E1	1.224845857E1
1.488000000E1	5.376930730E1	1.224876139E1
1.492000000E1	5.376551129E1	1.225704106E1
1.496000000E1	5.376370661E1	1.225010458E1
1.500000000E1	5.371787001E1	1.227548352E1
1.504000000E1	5.364964265E1	1.223690437E1
1.508000000E1	5.363361960E1	1.222868953E1
1.512000000E1	5.364300598E1	1.222796374E1
1.516000000E1	5.364932956E1	1.222890239E1
1.520000000E1	5.365526107E1	1.223153554E1
1.524000000E1	5.365282199E1	1.222875107E1
1.528000000E1	5.365056220E1	1.222708146E1
1.532000000E1	5.364845630E1	1.222491351E1
1.536000000E1	5.364535944E1	1.222261631E1
1.540000000E1	5.364218003E1	1.222036447E1
1.544000000E1	5.364444967E1	1.222256165E1
1.548000000E1	5.364578209E1	1.222386247E1
1.552000000E1	5.364855762E1	1.222611984E1
1.556000000E1	5.365009417E1	1.222754503E1
1.560000000E1	5.365079919E1	1.222226649E1
1.564000000E1	5.365128854E1	1.222644614E1
1.568000000E1	5.365107365E1	1.222611441E1
1.572000000E1	5.365092508E1	1.222550639E1
1.576000000E1	5.364764266E1	1.222169291E1
1.580000000E1	5.364457781E1	1.221868903E1
1.584000000E1	5.364145664E1	1.221007578E1
1.588000000E1	5.377927429E1	1.221731020E1
1.592000000E1	5.415557725E1	1.236886253E1
1.596000000E1	5.486646923E1	1.272042365E1
1.600000000E1	5.590596124E1	1.334234036E1
1.604000000E1	5.735943923E1	1.406486919E1
1.608000000E1	5.913502494E1	1.462294536E1
1.612000000E1	6.109956934E1	1.491346013E1
1.616000000E1	6.317822910E1	1.490596510E1
1.620000000E1	6.514091359E1	1.464891860E1
1.624000000E1	6.676168407E1	1.427771956E1
1.628000000E1	6.812857203E1	1.368574418E1
1.632000000E1	6.901734580E1	1.324304949E1
1.636000000E1	6.940808111E1	1.295272350E1
1.640000000E1	6.938779155E1	1.281641774E1
1.644000000E1	6.905689810E1	1.280632460E1
1.648000000E1	6.847139841E1	1.281410457E1
1.652000000E1	6.766661317E1	1.282296121E1
1.656000000E1	6.670220659E1	1.285814988E1
1.660000000E1	6.556814621E1	1.289490681E1
1.664000000E1	6.433558752E1	1.297474651E1
1.668000000E1	6.301348124E1	1.302615618E1
1.672000000E1	6.158210010E1	1.297659035E1
1.676000000E1	6.012293150E1	1.293954529E1
1.680000000E1	5.878454149E1	1.285900274E1
1.684000000E1	5.755233588E1	1.269060004E1
1.688000000E1	5.644833616E1	1.254654070E1
1.692000000E1	5.560083529E1	1.243303742E1
1.696000000E1	5.499022871E1	1.230741421E1
1.700000000E1	5.468448470E1	1.219900245E1
1.704000000E1	5.459282809E1	1.219463262E1
1.708000000E1	5.458775320E1	1.221751973E1
1.712000000E1	5.456681670E1	1.222542448E1
1.716000000E1	5.448238172E1	1.223973850E1
1.720000000E1	5.451420490E1	1.223456414E1
1.724000000E1	5.452987031E1	1.223333161E1
1.728000000E1	5.453724717E1	1.222915146E1
1.732000000E1	5.453920249E1	1.222210822E1
1.736000000E1	5.454405960E1	1.222450560E1
1.740000000E1	5.454657654E1	1.222578294E1
1.744000000E1	5.454815778E1	1.222666101E1
1.748000000E1	5.454904482E1	1.222707593E1
1.752000000E1	5.454999358E1	1.222863897E1
1.756000000E1	5.455055450E1	1.222979128E1
1.760000000E1	5.455050229E1	1.222909055E1
1.764000000E1	5.455050757E1	1.222877900E1
1.768000000E1	5.455234925E1	1.222922508E1
1.772000000E1	5.455165127E1	1.222859220E1
1.776000000E1	5.455270053E1	1.222884331E1
1.780000000E1	5.455374666E1	1.222911428E1
1.784000000E1	5.455233943E1	1.222862444E1
1.788000000E1	5.455187952E1	1.222867797E1
1.792000000E1	5.455147108E1	1.222872022E1
1.796000000E1	5.455120592E1	1.222877233E1
1.800000000E1	5.455347329E1	1.222797203E1
1.804000000E1	5.455135735E1	1.222797903E1
1.808000000E1	5.454868780E1	1.222661054E1
1.812000000E1	5.454826723E1	1.222585479E1
1.816000000E1	5.470638677E1	1.224242109E1
1.820000000E1	5.521262935E1	1.241867783E1
1.824000000E1	5.606104999E1	1.280305307E1
1.828000000E1	5.738274687E1	1.333060328E1
1.832000000E1	5.905198496E1	1.385825267E1
1.836000000E1	6.100773073E1	1.418907468E1
1.840000000E1	6.299348329E1	1.432887892E1
1.844000000E1	6.487275637E1	1.424536838E1
1.848000000E1	6.662224179E1	1.390363289E1
1.852000000E1	6.790578946E1	1.337516446E1
1.856000000E1	6.868136354E1	1.301999702E1
1.860000000E1	6.909738999E1	1.268316202E1
1.864000000E1	6.925428636E1	1.240222378E1
1.868000000E1	6.916336885E1	1.236535599E1
1.872000000E1	6.898338508E1	1.242572011E1
1.876000000E1	6.862558966E1	1.242214044E1
1.880000000E1	6.815865319E1	1.248641588E1
1.884000000E1	6.759773305E1	1.255576770E1
1.888000000E1	6.690182895E1	1.264023245E1
1.892000000E1	6.609419978E1	1.268758288E1
1.896000000E1	6.518246378E1	1.276600544E1
1.900000000E1	6.418676883E1	1.279790592E1
1.904000000E1	6.308197974E1	1.282816125E1
1.908000000E1	6.188782688E1	1.284463576E1
1.912000000E1	6.070122343E1	1.289312308E1
1.916000000E1	5.949919284E1	1.296301701E1
1.920000000E1	5.839439830E1	1.286556925E1
1.924000000E1	5.735212645E1	1.280111800E1
1.928000000E1	5.654081111E1	1.267893723E1
1.932000000E1	5.596363076E1	1.251172498E1
1.936000000E1	5.559894402E1	1.250505056E1
1.940000000E1	5.554760812E1	1.250643247E1
1.944000000E1	5.559331477E1	1.252005116E1
1.948000000E1	5.560877231E1	1.252390536E1
1.952000000E1	5.561090231E1	1.252896980E1
1.956000000E1	5.561133006E1	1.253512866E1
1.960000000E1	5.560318255E1	1.253806886E1
1.964000000E1	5.559280988E1	1.253393308E1
1.968000000E1	5.559028722E1	1.253286446E1
1.972000000E1	5.559173866E1	1.252454863E1
1.976000000E1	5.559741648E1	1.252607837E1
1.980000000E1	5.560009336E1	1.252681365E1
1.984000000E1	5.560183678E1	1.252822053E1
1.988000000E1	5.560383329E1	1.252980427E1
1.992000000E1	5.560115170E1	1.252889909E1
1.996000000E1	5.559959397E1	1.252815656E1
2.000000000E1	5.559549209E1	1.252771472E1
2.004000000E1	5.559688824E1	1.252756289E1
2.008000000E1	5.559769219E1	1.252748547E1
2.012000000E1	5.559830189E1	1.252735487E1
2.016000000E1	5.559869037E1	1.252729626E1
2.020000000E1	5.559868639E1	1.252740293E1
2.024000000E1	5.559871198E1	1.252724305E1
2.028000000E1	5.559790246E1	1.253108445E1
2.032000000E1	5.559825933E1	1.252626588E1
2.036000000E1	5.559742123E1	1.252576449E1
2.040000000E1	5.559600807E1	1.252666522E1
2.044000000E1	5.559764494E1	1.252478455E1
2.048000000E1	5.559820350E1	1.252541583E1
2.052000000E1	5.559793857E1	1.252471066E1
2.056000000E1	5.559819688E1	1.252572224E1
2.060000000E1	5.559580306E1	1.252319524E1
2.064000000E1	5.559829274E1	1.252595582E1
2.068000000E1	5.559848177E1	1.252562707E1
2.072000000E1	5.559837693E1	1.252939210E1
2.076000000E1	5.559822868E1	1.252575019E1
2.080000000E1	5.559830982E1	1.252612922E1
2.084000000E1	5.559801578E1	1.252541219E1
2.088000000E1	5.559818544E1	1.252560965E1
2.092000000E1	5.559836232E1	1.252581977E1
2.096000000E1	5.559841452E1	1.252550798E1
2.100000000E1	5.559746232E1	1.252638438E1
2.104000000E1	5.559809241E1	1.252664519E1
2.108000000E1	5.559849200E1	1.252680336E1
2.112000000E1	5.559839303E1	1.252610729E1
2.116000000E1	5.559899112E1	1.252707250E1
2.120000000E1	5.559872776E1	1.252705878E1
2.124000000E1	5.559921266E1	1.252708059E1
2.128000000E1	5.559907097E1	1.252952015E1
2.132000000E1	5.559911928E1	1.252654435E1
2.136000000E1	5.559902675E1	1.252637312E1
2.140000000E1	5.559890699E1	1.252619896E1
2.144000000E1	5.559874073E1	1.252639243E1
2.148000000E1	5.559891219E1	1.252661522E1
2.152000000E1	5.559898891E1	1.252680754E1
2.156000000E1	5.559922554E1	1.252698731E1
2.160000000E1	5.559894076E1	1.252663159E1
2.164000000E1	5.559895729E1	1.252625121E1
2.168000000E1	5.559748779E1	1.252862492E1
2.172000000E1	5.559797038E1	1.252532957E1
2.176000000E1	5.559521642E1	1.252245724E1
2.180000000E1	5.559228215E1	1.251898325E1
2.184000000E1	5.558591092E1	1.251376022E1
2.188000000E1	5.563373632E1	1.252007726E1
2.192000000E1	5.579484381E1	1.256471776E1
2.196000000E1	5.612412923E1	1.284012098E1
2.200000000E1	5.665049558E1	1.334545432E1
2.204000000E1	5.740263601E1	1.391925101E1
2.208000000E1	5.845281224E1	1.450846711E1
2.212000000E1	5.977948535E1	1.493397717E1
2.216000000E1	6.115553140E1	1.518669160E1
2.220000000E1	6.236664766E1	1.536965803E1
2.224000000E1	6.337427902E1	1.549615736E1
2.228000000E1	6.412519399E1	1.565449021E1
2.232000000E1	6.458507616E1	1.581177020E1
2.236000000E1	6.488187575E1	1.597225573E1
2.240000000E1	6.506558706E1	1.598922222E1
2.244000000E1	6.520256272E1	1.595653404E1
2.248000000E1	6.548390481E1	1.582677731E1
2.252000000E1	6.591166485E1	1.564780866E1
2.256000000E1	6.647730986E1	1.530777874E1
2.260000000E1	6.713455911E1	1.487995207E1
2.264000000E1	6.774356247E1	1.445573506E1
2.268000000E1	6.805870609E1	1.410442993E1
2.272000000E1	6.804600053E1	1.384609762E1
2.276000000E1	6.773355900E1	1.369094979E1
2.280000000E1	6.715623820E1	1.358772477E1
2.284000000E1	6.636386388E1	1.353152267E1
2.288000000E1	6.535412852E1	1.351346256E1
2.292000000E1	6.425408037E1	1.356348829E1
2.296000000E1	6.297972493E1	1.358158507E1
2.300000000E1	6.159460946E1	1.354786709E1
2.304000000E1	6.026193838E1	1.334434301E1
2.308000000E1	5.900403192E1	1.315213177E1
2.312000000E1	5.792987610E1	1.295665467E1
2.316000000E1	5.706448577E1	1.289107772E1
2.320000000E1	5.634684238E1	1.281881792E1
2.324000000E1	5.575126148E1	1.275595607E1
2.328000000E1	5.528855113E1	1.270023091E1
2.332000000E1	5.501124865E1	1.269154501E1
2.336000000E1	5.487161990E1	1.269340355E1
2.340000000E1	5.482314517E1	1.267640924E1
2.344000000E1	5.483247055E1	1.268830877E1
2.348000000E1	5.484366996E1	1.268352556E1
2.352000000E1	5.484862837E1	1.267415631E1
2.356000000E1	5.485118844E1	1.266468168E1
2.360000000E1	5.484750512E1	1.266651766E1
2.364000000E1	5.484214017E1	1.266653454E1
2.368000000E1	5.483370192E1	1.266457290E1
2.372000000E1	5.483018779E1	1.266179200E1
2.376000000E1	5.483804995E1	1.266711587E1
2.380000000E1	5.484250972E1	1.267152236E1
2.384000000E1	5.484353962E1	1.266751573E1
2.388000000E1	5.484410488E1	1.266358262E1
2.392000000E1	5.484215964E1	1.265695159E1
2.396000000E1	5.484016267E1	1.265386613E1
2.400000000E1	5.483261259E1	1.262653789E1
2.404000000E1	5.481952442E1	1.260515474E1
2.408000000E1	5.481886723E1	1.257714683E1
2.412000000E1	5.478846171E1	1.251466683E1
2.416000000E1	5.482235357E1	1.248230203E1
2.420000000E1	5.482773081E1	1.246805391E1
2.424000000E1	5.483171061E1	1.247154024E1
2.428000000E1	5.483481748E1	1.250505268E1
2.432000000E1	5.483945472E1	1.252149553E1
2.436000000E1	5.484783212E1	1.252995644E1
2.440000000E1	5.485925991E1	1.255540734E1
2.444000000E1	5.487121069E1	1.257067965E1
2.448000000E1	5.486993495E1	1.255746862E1
2.452000000E1	5.486114353E1	1.253229390E1
2.456000000E1	5.485618260E1	1.250802149E1
2.460000000E1	5.485971265E1	1.238871021E1
2.464000000E1	5.493422567E1	1.233425937E1
2.468000000E1	5.530401797E1	1.256465725E1
2.472000000E1	5.602901198E1	1.296625728E1
2.476000000E1	5.720561150E1	1.348581562E1
2.480000000E1	5.875353821E1	1.391122251E1
2.484000000E1	6.041996767E1	1.422156029E1
2.488000000E1	6.207156315E1	1.440347475E1
2.492000000E1	6.522977620E1	1.430454677E1
2.496000000E1	6.521366492E1	1.431336718E1
2.500000000E1	6.651485940E1	1.390904519E1
2.504000000E1	6.743661619E1	1.355976095E1
2.508000000E1	6.803887256E1	1.330866283E1
2.512000000E1	6.826021928E1	1.306880904E1
2.516000000E1	6.806094399E1	1.301183581E1
2.520000000E1	6.747437836E1	1.309164131E1
2.524000000E1	6.667931304E1	1.311452641E1
2.528000000E1	6.555596602E1	1.315217589E1
2.532000000E1	6.428973992E1	1.313464364E1
2.536000000E1	6.289084079E1	1.309846555E1
2.540000000E1	6.142718368E1	1.296514019E1
2.544000000E1	5.993467020E1	1.278011830E1
2.548000000E1	5.859204225E1	1.258163783E1
2.552000000E1	5.750573585E1	1.252942837E1
2.556000000E1	5.652047050E1	1.248111537E1
2.560000000E1	5.545911099E1	1.245961499E1
2.564000000E1	5.545432464E1	1.249743056E1
2.568000000E1	5.514824869E1	1.248240940E1
2.572000000E1	5.501395572E1	1.253465550E1
2.576000000E1	5.501354774E1	1.254447838E1
2.580000000E1	5.501225158E1	1.253474124E1
2.584000000E1	5.500892637E1	1.253078077E1
2.588000000E1	5.500716127E1	1.252996259E1
2.592000000E1	5.499800341E1	1.252238876E1
2.596000000E1	5.499038601E1	1.251576683E1
2.600000000E1	5.487665354E1	1.250770544E1
2.604000000E1	5.486363216E1	1.251288772E1
2.608000000E1	5.485658654E1	1.251691732E1
2.612000000E1	5.483645427E1	1.249432921E1
2.616000000E1	5.475872506E1	1.250889368E1
2.620000000E1	5.471009128E1	1.250847372E1
2.624000000E1	5.468849245E1	1.251510752E1
2.628000000E1	5.466947288E1	1.251890220E1
2.632000000E1	5.468081611E1	1.252065952E1
2.636000000E1	5.468442459E1	1.249486113E1
2.640000000E1	5.469061916E1	1.251164660E1
2.644000000E1	5.469277545E1	1.251676364E1
2.648000000E1	5.469651606E1	1.252139563E1
2.652000000E1	5.468294601E1	1.251534743E1
2.656000000E1	5.466483467E1	1.248103463E1
2.660000000E1	5.462325115E1	1.251477247E1
2.664000000E1	5.455042901E1	1.249940580E1
2.668000000E1	5.455125820E1	1.243960954E1
2.672000000E1	5.452356125E1	1.239665685E1
2.676000000E1	5.455003862E1	1.242532399E1
2.680000000E1	5.483481749E1	1.251684024E1
2.684000000E1	5.545713226E1	1.277828761E1
2.688000000E1	5.660170749E1	1.312325154E1
2.692000000E1	5.813456451E1	1.352786982E1
2.696000000E1	6.170633155E1	1.401456812E1
2.700000000E1	6.171534629E1	1.401472386E1
2.704000000E1	6.356978413E1	1.412534763E1
2.708000000E1	6.524115960E1	1.412316762E1
2.712000000E1	6.672019380E1	1.387949279E1
2.716000000E1	6.778728583E1	1.371740097E1
2.720000000E1	6.842047725E1	1.364439530E1
2.724000000E1	6.863178070E1	1.360079353E1
2.728000000E1	6.835338573E1	1.351947117E1
2.732000000E1	6.774573264E1	1.345989534E1
2.736000000E1	6.686455394E1	1.343691984E1
2.740000000E1	6.574633005E1	1.341361447E1
2.744000000E1	6.445622668E1	1.341291758E1
2.748000000E1	6.309591086E1	1.338764045E1
2.752000000E1	6.037879427E1	1.322180759E1
2.756000000E1	6.038600131E1	1.324944064E1
2.760000000E1	5.907174902E1	1.313201689E1
2.764000000E1	5.790402698E1	1.300847475E1
2.768000000E1	5.693535300E1	1.297740175E1
2.772000000E1	5.620191720E1	1.296963847E1
2.776000000E1	5.572171672E1	1.296693950E1
2.780000000E1	5.546306687E1	1.299234185E1
2.784000000E1	5.530375685E1	1.300267315E1
2.788000000E1	5.528233710E1	1.304882416E1
2.792000000E1	5.529710869E1	1.305557480E1
2.796000000E1	5.531293477E1	1.310338456E1
2.800000000E1	5.530377771E1	1.310618040E1
2.804000000E1	5.528239154E1	1.309170623E1
2.808000000E1	5.527542390E1	1.305004695E1
2.812000000E1	5.528586906E1	1.298713195E1
2.816000000E1	5.529181912E1	1.297273186E1
2.820000000E1	5.529034500E1	1.295931924E1
2.824000000E1	5.529470335E1	1.296697262E1
2.828000000E1	5.528619192E1	1.296387931E1
2.832000000E1	5.529093627E1	1.296646208E1
2.836000000E1	5.529215088E1	1.296937211E1
2.840000000E1	5.529305678E1	1.297134201E1
2.844000000E1	5.529478982E1	1.297151229E1
2.848000000E1	5.529567852E1	1.297134727E1
2.852000000E1	5.529791427E1	1.297210406E1
2.856000000E1	5.529934405E1	1.297221111E1
2.860000000E1	5.530011697E1	1.297218765E1
2.864000000E1	5.530070280E1	1.297173378E1
2.868000000E1	5.529817414E1	1.295924320E1
2.872000000E1	5.529245547E1	1.294695614E1
2.876000000E1	5.529853904E1	1.287576153E1
2.880000000E1	5.534787396E1	1.284806352E1
2.884000000E1	5.558244779E1	1.289840072E1
2.888000000E1	5.607062710E1	1.314747323E1
2.892000000E1	5.693405224E1	1.355716244E1
2.896000000E1	5.817664930E1	1.404128262E1
2.900000000E1	5.976383870E1	1.433615239E1
2.904000000E1	6.143377863E1	1.457707954E1
2.908000000E1	6.323290621E1	1.472802385E1
2.912000000E1	6.499297307E1	1.481149267E1
2.916000000E1	6.652294492E1	1.472993806E1
2.920000000E1	6.774090271E1	1.448969992E1
2.924000000E1	6.852817764E1	1.432120394E1
2.928000000E1	6.893293078E1	1.416176746E1
2.932000000E1	6.881703250E1	1.416182928E1
2.936000000E1	6.746886201E1	1.417969988E1
2.940000000E1	6.745427189E1	1.416833071E1
2.944000000E1	6.635907224E1	1.417631073E1
2.948000000E1	6.503335554E1	1.416373299E1
2.952000000E1	6.357729656E1	1.402610824E1
2.956000000E1	6.212400690E1	1.389023397E1
2.960000000E1	6.065317852E1	1.383466397E1
2.964000000E1	5.932583616E1	1.359926626E1
2.968000000E1	5.813168176E1	1.346319526E1
2.972000000E1	5.710515895E1	1.328786275E1
2.976000000E1	5.564704010E1	1.314712570E1
2.980000000E1	5.562087881E1	1.313185714E1
2.984000000E1	5.529214987E1	1.316593535E1
2.988000000E1	5.514283664E1	1.318616376E1
2.992000000E1	5.505830303E1	1.326733276E1
2.996000000E1	5.503351065E1	1.327794154E1
3.000000000E1	5.503213221E1	1.326675115E1
3.004000000E1	5.503993427E1	1.324857012E1
3.008000000E1	5.502549463E1	1.323475020E1
3.012000000E1	5.500240708E1	1.321100420E1
3.016000000E1	5.500767249E1	1.318374970E1
3.020000000E1	5.499528524E1	1.312624481E1
3.024000000E1	5.498514016E1	1.308696490E1
3.028000000E1	5.499089730E1	1.301397130E1
3.032000000E1	5.498644667E1	1.298137386E1
3.036000000E1	5.496530327E1	1.296215981E1
3.040000000E1	5.490485961E1	1.297755609E1
3.044000000E1	5.484714026E1	1.296596261E1
3.048000000E1	5.480573633E1	1.295221657E1
3.052000000E1	5.474454222E1	1.296237668E1
3.056000000E1	5.471499844E1	1.287933888E1
3.060000000E1	5.468899202E1	1.271765905E1
3.064000000E1	5.459530022E1	1.263964927E1
3.068000000E1	5.457696157E1	1.256372189E1
3.072000000E1	5.454395611E1	1.250663993E1
3.076000000E1	5.454449314E1	1.251592837E1
3.080000000E1	5.454758534E1	1.252201186E1
3.084000000E1	5.454920244E1	1.252499137E1
3.088000000E1	5.455011822E1	1.252669817E1
3.092000000E1	5.455605989E1	1.253204316E1
3.096000000E1	5.456276514E1	1.253827336E1
3.100000000E1	5.469064817E1	1.262974047E1
3.104000000E1	5.502241504E1	1.286014840E1
3.108000000E1	5.560204630E1	1.321873250E1
3.112000000E1	5.664881296E1	1.364591299E1
3.116000000E1	5.801351226E1	1.400393787E1
3.120000000E1	5.965729723E1	1.423696990E1
3.124000000E1	6.148454719E1	1.445176290E1
3.128000000E1	6.338068971E1	1.448695353E1
3.132000000E1	6.508138244E1	1.451208256E1
3.136000000E1	6.658816297E1	1.449914408E1
3.140000000E1	6.763270109E1	1.458284702E1
3.144000000E1	6.840262740E1	1.481085088E1
3.148000000E1	6.836690996E1	1.478954800E1
3.152000000E1	6.821052793E1	1.473746257E1
3.156000000E1	6.770933821E1	1.460952875E1
3.160000000E1	6.691791906E1	1.451184676E1
3.164000000E1	6.592748837E1	1.445214242E1
3.168000000E1	6.472691444E1	1.433967965E1
3.172000000E1	6.337926728E1	1.421100594E1
3.176000000E1	6.191177350E1	1.415249443E1
3.180000000E1	6.051754046E1	1.392015232E1
3.184000000E1	5.912836426E1	1.375109259E1
3.188000000E1	5.790145381E1	1.369113525E1
3.192000000E1	5.689704764E1	1.351413069E1
3.196000000E1	5.611884845E1	1.346068216E1
3.200000000E1	5.542729326E1	1.332087434E1
3.204000000E1	5.487701069E1	1.321780209E1
3.208000000E1	5.465086778E1	1.323102541E1
3.212000000E1	5.455904868E1	1.324375319E1
3.216000000E1	5.456105012E1	1.317535683E1
3.220000000E1	5.455488508E1	1.312235717E1
3.224000000E1	5.455166258E1	1.309642502E1
3.228000000E1	5.455574681E1	1.300669864E1
3.232000000E1	5.454466223E1	1.296827581E1
3.236000000E1	5.452656498E1	1.295830323E1
3.240000000E1	5.449407147E1	1.294758458E1
3.244000000E1	5.452258248E1	1.295282434E1
3.248000000E1	5.453644268E1	1.295401022E1
3.252000000E1	5.454107974E1	1.295060469E1
3.256000000E1	5.454601291E1	1.296257089E1
3.260000000E1	5.454742461E1	1.296853267E1
3.264000000E1	5.454825810E1	1.297153926E1
3.268000000E1	5.454682154E1	1.297188456E1
3.272000000E1	5.454876923E1	1.297404392E1
3.276000000E1	5.454936952E1	1.297517464E1
3.280000000E1	5.454957520E1	1.297550263E1
3.284000000E1	5.455136108E1	1.297764790E1
3.288000000E1	5.455284197E1	1.297942982E1
3.292000000E1	5.455203752E1	1.297844536E1
3.296000000E1	5.455144109E1	1.297738771E1
3.300000000E1	5.454960774E1	1.297544789E1
3.304000000E1	5.455291204E1	1.297825491E1
3.308000000E1	5.455413762E1	1.298010536E1
3.312000000E1	5.455326909E1	1.297938437E1
3.316000000E1	5.455275816E1	1.297894799E1
3.320000000E1	5.455269549E1	1.297877515E1
3.324000000E1	5.455426198E1	1.297980473E1
3.328000000E1	5.455554941E1	1.298003021E1
3.332000000E1	5.455637320E1	1.298156363E1
3.336000000E1	5.455568927E1	1.297797379E1
3.340000000E1	5.455574940E1	1.297692863E1
3.344000000E1	5.467219258E1	1.296639669E1
3.348000000E1	5.514707571E1	1.301785290E1
3.352000000E1	5.598752567E1	1.337773202E1
3.356000000E1	5.727588762E1	1.411619643E1
3.360000000E1	5.901409628E1	1.494022728E1
3.364000000E1	6.098948249E1	1.551425516E1
3.368000000E1	6.305221605E1	1.575698163E1
3.372000000E1	6.505287741E1	1.576246548E1
3.376000000E1	6.672209468E1	1.548035803E1
3.380000000E1	6.800225222E1	1.501516155E1
3.384000000E1	6.878202739E1	1.456555782E1
3.388000000E1	6.899250627E1	1.417680930E1
3.392000000E1	6.866163247E1	1.392560041E1
3.396000000E1	6.792363836E1	1.383873112E1
3.400000000E1	6.688235914E1	1.395484347E1
3.404000000E1	6.564899305E1	1.405356561E1
3.408000000E1	6.425738797E1	1.415722475E1
3.412000000E1	6.279683168E1	1.415541463E1
3.416000000E1	6.127626911E1	1.400900715E1
3.420000000E1	5.977153969E1	1.386526833E1
3.424000000E1	5.832151689E1	1.368851685E1
3.428000000E1	5.707658319E1	1.344829017E1
3.432000000E1	5.603267356E1	1.335599181E1
3.436000000E1	5.533641439E1	1.328199903E1
3.440000000E1	5.485970120E1	1.324998100E1
3.444000000E1	5.459240424E1	1.326750312E1
3.448000000E1	5.453347789E1	1.325631373E1
3.452000000E1	5.446222701E1	1.324502203E1
3.456000000E1	5.440323190E1	1.322468060E1
3.460000000E1	5.439975062E1	1.323581010E1
3.464000000E1	5.439051380E1	1.323201753E1
3.468000000E1	5.439136923E1	1.323050895E1
3.472000000E1	5.439525808E1	1.324761249E1
3.476000000E1	5.439852535E1	1.326160667E1
3.480000000E1	5.440029129E1	1.326836761E1
3.484000000E1	5.440644947E1	1.327586486E1
3.488000000E1	5.441360692E1	1.327966028E1
3.492000000E1	5.441258716E1	1.327981638E1
3.496000000E1	5.440936419E1	1.327885579E1
3.500000000E1	5.440449975E1	1.327827716E1
3.504000000E1	5.440341352E1	1.328095610E1
3.508000000E1	5.440326605E1	1.327602463E1
3.512000000E1	5.440257204E1	1.327672818E1
3.516000000E1	5.440225171E1	1.327728924E1
3.520000000E1	5.440283418E1	1.327726635E1
3.524000000E1	5.440322740E1	1.327659858E1
3.528000000E1	5.440307473E1	1.327682797E1
3.532000000E1	5.440304484E1	1.327696778E1
3.536000000E1	5.440333890E1	1.327522313E1
3.540000000E1	5.439764079E1	1.325775632E1
3.544000000E1	5.437444849E1	1.314924306E1
3.548000000E1	5.434194433E1	1.300257613E1
3.552000000E1	5.442084395E1	1.285763810E1
3.556000000E1	5.455872630E1	1.281657254E1
3.560000000E1	5.489780933E1	1.299974529E1
3.564000000E1	5.637966335E1	1.380532868E1
3.568000000E1	5.636919820E1	1.384038341E1
3.572000000E1	5.753401146E1	1.423427635E1
3.576000000E1	5.873838016E1	1.452170263E1
3.580000000E1	5.996605963E1	1.479318568E1
3.584000000E1	6.122534603E1	1.494545298E1
3.588000000E1	6.235153499E1	1.506930027E1
3.592000000E1	6.344916313E1	1.506865269E1
3.596000000E1	6.444984894E1	1.490851613E1
3.600000000E1	6.526004779E1	1.479365262E1
3.604000000E1	6.594097625E1	1.460654174E1
3.608000000E1	6.652184721E1	1.450490981E1
3.612000000E1	6.687631339E1	1.449738837E1
3.616000000E1	6.705798458E1	1.449168979E1
3.620000000E1	6.709466685E1	1.446685469E1
3.624000000E1	6.710611947E1	1.444699221E1
3.628000000E1	6.710809930E1	1.431255953E1
3.632000000E1	6.710999079E1	1.417454768E1
3.636000000E1	6.712651729E1	1.408160053E1
3.640000000E1	6.712736002E1	1.399763743E1
3.644000000E1	6.714722275E1	1.397388584E1
3.648000000E1	6.717472709E1	1.397969942E1
3.652000000E1	6.723714841E1	1.394060483E1
3.656000000E1	6.728928448E1	1.396195751E1
3.660000000E1	6.741771167E1	1.388058827E1
3.664000000E1	6.746241765E1	1.382785487E1
3.668000000E1	6.745057415E1	1.370922913E1
3.672000000E1	6.730832846E1	1.365777906E1
3.676000000E1	6.698492176E1	1.369995210E1
3.680000000E1	6.640573579E1	1.374835434E1
3.684000000E1	6.546821967E1	1.395378809E1
3.688000000E1	6.430847860E1	1.410659019E1
3.692000000E1	6.295988634E1	1.415493844E1
3.696000000E1	6.142762255E1	1.415550669E1
3.700000000E1	5.982635769E1	1.411345602E1
3.704000000E1	5.833301934E1	1.400998390E1
3.708000000E1	5.695687405E1	1.394931432E1
3.712000000E1	5.578546117E1	1.381246473E1
3.716000000E1	5.501438440E1	1.368597897E1
3.720000000E1	5.457491469E1	1.366209989E1
3.724000000E1	5.448936245E1	1.359860622E1
3.728000000E1	5.454401630E1	1.358409878E1
3.732000000E1	5.458406985E1	1.360445902E1
3.736000000E1	5.464312020E1	1.360068298E1
3.740000000E1	5.467471497E1	1.358933852E1
3.744000000E1	5.453879622E1	1.356414035E1
3.748000000E1	5.454291138E1	1.356684363E1
3.752000000E1	5.438294871E1	1.353689115E1
3.756000000E1	5.425989568E1	1.352306533E1
3.760000000E1	5.423010378E1	1.351594988E1
3.764000000E1	5.414822729E1	1.357439609E1
3.768000000E1	5.411827661E1	1.357365742E1
3.772000000E1	5.411691905E1	1.356887073E1
3.776000000E1	5.410965569E1	1.357251718E1
3.780000000E1	5.410613927E1	1.357445113E1
3.784000000E1	5.410068795E1	1.356851641E1
3.788000000E1	5.409594237E1	1.355753453E1
3.792000000E1	5.409050188E1	1.356184460E1
3.796000000E1	5.409482819E1	1.357102844E1
3.800000000E1	5.409712278E1	1.357185223E1
3.804000000E1	5.409890074E1	1.357570439E1
3.808000000E1	5.409980668E1	1.357760243E1
3.812000000E1	5.410079733E1	1.357736522E1
3.816000000E1	5.410130640E1	1.357787076E1
3.820000000E1	5.410061809E1	1.357629866E1
3.824000000E1	5.410106082E1	1.357571212E1
3.828000000E1	5.409803642E1	1.357318137E1
3.832000000E1	5.409509324E1	1.357086216E1
3.836000000E1	5.409070974E1	1.356851008E1
3.840000000E1	5.408688106E1	1.356553147E1
3.844000000E1	5.409959115E1	1.357491050E1
3.848000000E1	5.425652778E1	1.358498877E1
3.852000000E1	5.469227952E1	1.368510916E1
3.856000000E1	5.543145543E1	1.397526342E1
3.860000000E1	5.648811223E1	1.435043856E1
3.864000000E1	5.788126753E1	1.478863794E1
3.868000000E1	5.947469452E1	1.512872575E1
3.872000000E1	6.106386781E1	1.548132654E1
3.876000000E1	6.276380191E1	1.580379434E1
3.880000000E1	6.440924574E1	1.592689690E1
3.884000000E1	6.592613588E1	1.581336237E1
3.888000000E1	6.716295605E1	1.548814782E1
3.892000000E1	6.800251925E1	1.511950957E1
3.896000000E1	6.841978652E1	1.476687080E1
3.900000000E1	6.850357470E1	1.450636881E1
3.904000000E1	6.826456503E1	1.435315280E1
3.908000000E1	6.787309104E1	1.417726085E1
3.912000000E1	6.725385242E1	1.409000184E1
3.916000000E1	6.647463772E1	1.419736253E1
3.920000000E1	6.550261005E1	1.432735966E1
3.924000000E1	6.434795351E1	1.448471945E1
3.928000000E1	6.310264934E1	1.454508667E1
3.932000000E1	6.184928238E1	1.450270692E1
3.936000000E1	6.053170028E1	1.446508850E1
3.940000000E1	5.924048522E1	1.430132091E1
3.944000000E1	5.801281335E1	1.418510261E1
3.948000000E1	5.694309048E1	1.405436441E1
3.952000000E1	5.607660908E1	1.388231875E1
3.956000000E1	5.555969254E1	1.362155657E1
3.960000000E1	5.527142311E1	1.357849015E1
3.964000000E1	5.512978726E1	1.356322226E1
3.968000000E1	5.512929492E1	1.355358488E1
3.972000000E1	5.515215430E1	1.356166823E1
3.976000000E1	5.517402415E1	1.357807755E1
3.980000000E1	5.516361483E1	1.357878481E1
3.984000000E1	5.515328485E1	1.357840918E1
3.988000000E1	5.514810667E1	1.357707603E1
3.992000000E1	5.514902292E1	1.357686822E1
3.996000000E1	5.514958669E1	1.357674439E1
4.000000000E1	5.514651299E1	1.357698951E1
4.004000000E1	5.514953126E1	1.357796662E1
4.008000000E1	5.515111569E1	1.357868482E1
4.012000000E1	5.515113270E1	1.357768763E1
4.016000000E1	5.515094146E1	1.357735715E1
4.020000000E1	5.514950832E1	1.357627006E1
4.024000000E1	5.514862805E1	1.357550828E1
4.028000000E1	5.514928828E1	1.357579581E1
4.032000000E1	5.514983126E1	1.357604958E1
4.036000000E1	5.514999511E1	1.357668863E1
4.040000000E1	5.514986078E1	1.357680540E1
4.044000000E1	5.514972682E1	1.357649323E1
4.048000000E1	5.514994751E1	1.357623746E1
4.052000000E1	5.514751280E1	1.357374100E1
4.056000000E1	5.514745883E1	1.357248436E1
4.060000000E1	5.514564104E1	1.356140994E1
4.064000000E1	5.514584190E1	1.350659862E1
4.068000000E1	5.525795094E1	1.342492756E1
4.072000000E1	5.546816165E1	1.344310923E1
4.076000000E1	5.602833790E1	1.372729495E1
4.080000000E1	5.684957727E1	1.427211949E1
4.084000000E1	5.805005570E1	1.491379925E1
4.088000000E1	5.954940008E1	1.552420958E1
4.092000000E1	6.116418652E1	1.596445911E1
4.096000000E1	6.282071772E1	1.626688734E1
4.100000000E1	6.446553765E1	1.634178305E1
4.104000000E1	6.595903276E1	1.619678253E1
4.108000000E1	6.725484754E1	1.574065472E1
4.112000000E1	6.818633126E1	1.524161729E1
4.116000000E1	6.866379503E1	1.488831470E1
4.120000000E1	6.868341970E1	1.458641595E1
4.124000000E1	6.833940570E1	1.433520046E1
4.128000000E1	6.771996041E1	1.430825369E1
4.132000000E1	6.687164161E1	1.431495135E1
4.136000000E1	6.585508978E1	1.432144943E1
4.140000000E1	6.470535741E1	1.431960175E1
4.144000000E1	6.341485108E1	1.428901949E1
4.148000000E1	6.209632095E1	1.419060498E1
4.152000000E1	6.075152743E1	1.419685206E1
4.156000000E1	5.949094766E1	1.417171586E1
4.160000000E1	5.826832193E1	1.413497878E1
4.164000000E1	5.708037536E1	1.405129808E1
4.168000000E1	5.603002325E1	1.385619592E1
4.172000000E1	5.513702414E1	1.371715247E1
4.176000000E1	5.444095601E1	1.368153166E1
4.180000000E1	5.407377056E1	1.367137764E1
4.184000000E1	5.396166568E1	1.368908924E1
4.188000000E1	5.396048764E1	1.371106935E1
4.192000000E1	5.401138495E1	1.372885094E1
4.196000000E1	5.408075131E1	1.372656426E1
4.200000000E1	5.409542655E1	1.374277514E1
4.204000000E1	5.409063183E1	1.373877232E1
4.208000000E1	5.408597478E1	1.373650473E1
4.212000000E1	5.406646572E1	1.372915828E1
4.216000000E1	5.404276127E1	1.372081517E1
4.220000000E1	5.404438268E1	1.371881845E1
4.224000000E1	5.404498601E1	1.371717230E1
4.228000000E1	5.407103738E1	1.371455185E1
4.232000000E1	5.408256393E1	1.371358561E1
4.236000000E1	5.408949615E1	1.371610725E1
4.240000000E1	5.409003452E1	1.371369429E1
4.244000000E1	5.409064006E1	1.371117345E1
4.248000000E1	5.408607596E1	1.370323940E1
4.252000000E1	5.409101160E1	1.371103335E1
4.256000000E1	5.409434143E1	1.371665852E1
4.260000000E1	5.409223084E1	1.371540628E1
4.264000000E1	5.408967138E1	1.371227144E1
4.268000000E1	5.408049544E1	1.369637701E1
4.272000000E1	5.407673507E1	1.370166266E1
4.276000000E1	5.405777683E1	1.369947661E1
4.280000000E1	5.404550501E1	1.369536221E1
4.284000000E1	5.400246571E1	1.370747408E1
4.288000000E1	5.395672137E1	1.369045014E1
4.292000000E1	5.393573395E1	1.367322200E1
4.296000000E1	5.390229207E1	1.365896942E1
4.300000000E1	5.391164192E1	1.363430291E1
4.304000000E1	5.382435897E1	1.360627792E1
4.308000000E1	5.370355076E1	1.359581161E1
4.312000000E1	5.350093342E1	1.356769618E1
4.316000000E1	5.321789521E1	1.350285745E1
4.320000000E1	5.281147282E1	1.338545879E1
4.324000000E1	5.221559427E1	1.326896189E1
4.328000000E1	5.159674505E1	1.300147086E1
4.332000000E1	5.170167066E1	1.043337832E1
4.336000000E1	5.065643726E1	9.862081883E0
4.340000000E1	5.065065291E1	9.847881559E0
4.344000000E1	5.016320350E1	9.662001393E0
4.348000000E1	4.948602380E1	9.555015958E0
4.352000000E1	4.864272120E1	9.521959684E0
4.356000000E1	4.782433307E1	9.503749158E0
4.360000000E1	4.673877256E1	9.604326179E0
4.364000000E1	4.674506757E1	9.588445700E0
4.368000000E1	4.644940934E1	9.913605828E0
4.372000000E1	4.641000939E1	1.001715391E1
