axel
t	x	y
0.000000000E0	1.352436326E1	3.774237573E1
4.000000000E-2	1.352193002E1	3.773898601E1
8.000000000E-2	1.351702292E1	3.773056450E1
1.200000000E-1	1.351322289E1	3.772864666E1
1.600000000E-1	1.350991547E1	3.772676056E1
2.000000000E-1	1.351118756E1	3.772321599E1
2.400000000E-1	1.351675840E1	3.771728141E1
2.800000000E-1	1.351990284E1	3.772461327E1
3.200000000E-1	1.351887595E1	3.772611322E1
3.600000000E-1	1.351786316E1	3.772289522E1
4.000000000E-1	1.351843631E1	3.771678504E1
4.400000000E-1	1.352397418E1	3.770980743E1
4.800000000E-1	1.352925185E1	3.770918105E1
5.200000000E-1	1.352523376E1	3.770821070E1
5.600000000E-1	1.352506660E1	3.772922558E1
6.000000000E-1	1.352963197E1	3.773142997E1
6.400000000E-1	1.353273102E1	3.773354128E1
6.800000000E-1	1.353325907E1	3.773635669E1
7.200000000E-1	1.353463516E1	3.773872906E1
7.600000000E-1	1.353718511E1	3.773897285E1
8.000000000E-1	1.353923159E1	3.773893333E1
8.400000000E-1	1.353010611E1	3.773955212E1
8.800000000E-1	1.352400869E1	3.773969073E1
9.200000000E-1	1.352148210E1	3.774471441E1
9.600000000E-1	1.352353947E1	3.775932955E1
1.000000000E0	1.351644612E1	3.787233722E1
1.040000000E0	1.350629865E1	3.801463910E1
1.080000000E0	1.350992112E1	3.819367343E1
1.120000000E0	1.351106956E1	3.843612191E1
1.160000000E0	1.354143026E1	3.872848730E1
1.200000000E0	1.365485701E1	3.903434454E1
1.240000000E0	1.387034981E1	3.930704044E1
1.280000000E0	1.409312546E1	3.953682913E1
1.320000000E0	1.455857724E1	3.987931070E1
1.360000000E0	1.456104717E1	3.987694447E1
1.400000000E0	1.480694967E1	3.997704919E1
1.440000000E0	1.507202309E1	4.002670654E1
1.480000000E0	1.530755211E1	4.004492118E1
1.520000000E0	1.556679645E1	4.002814057E1
1.560000000E0	1.582829436E1	4.001877592E1
1.600000000E0	1.599475672E1	4.003175110E1
1.640000000E0	1.614424374E1	4.006940992E1
1.680000000E0	1.627913440E1	4.012910871E1
1.720000000E0	1.642539388E1	4.014802842E1
1.760000000E0	1.651283172E1	4.014407281E1
1.800000000E0	1.657440545E1	4.015189929E1
1.840000000E0	1.658364720E1	4.015979290E1
1.880000000E0	1.659523653E1	4.015488151E1
1.920000000E0	1.657106825E1	4.015702758E1
1.960000000E0	1.656090151E1	4.016464057E1
2.000000000E0	1.651481795E1	4.015463284E1
2.040000000E0	1.638942668E1	4.017040610E1
2.080000000E0	1.617989805E1	4.017974323E1
2.120000000E0	1.592442699E1	4.017600740E1
2.160000000E0	1.561266737E1	4.006947253E1
2.200000000E0	1.532394716E1	3.983868975E1
2.240000000E0	1.494900661E1	3.957576372E1
2.280000000E0	1.456501044E1	3.929526196E1
2.320000000E0	1.423290468E1	3.899805956E1
2.360000000E0	1.390445123E1	3.870541464E1
2.400000000E0	1.365950598E1	3.848728249E1
2.440000000E0	1.347651793E1	3.830686244E1
2.480000000E0	1.336389217E1	3.813535242E1
2.520000000E0	1.330163136E1	3.803562045E1
2.560000000E0	1.328770951E1	3.801190449E1
2.600000000E0	1.331826985E1	3.800771765E1
2.640000000E0	1.338503839E1	3.800676715E1
2.680000000E0	1.349405711E1	3.797765443E1
2.720000000E0	1.351931874E1	3.796997051E1
2.760000000E0	1.347753405E1	3.794934131E1
2.800000000E0	1.338834400E1	3.792956648E1
2.840000000E0	1.331537535E1	3.789808023E1
2.880000000E0	1.323792030E1	3.789451262E1
2.920000000E0	1.320779950E1	3.787561061E1
2.960000000E0	1.321125401E1	3.788645888E1
3.000000000E0	1.321074625E1	3.788996227E1
3.040000000E0	1.321505914E1	3.789318608E1
3.080000000E0	1.321787600E1	3.790224189E1
3.120000000E0	1.321441734E1	3.796270580E1
3.160000000E0	1.319250455E1	3.803361910E1
3.200000000E0	1.321399620E1	3.808075139E1
3.240000000E0	1.321523883E1	3.820279119E1
3.280000000E0	1.322726878E1	3.835367939E1
3.320000000E0	1.333681565E1	3.852435145E1
3.360000000E0	1.350649682E1	3.876631152E1
3.400000000E0	1.379639038E1	3.896685845E1
3.440000000E0	1.411203594E1	3.912058580E1
3.480000000E0	1.442780836E1	3.927350697E1
3.520000000E0	1.473196925E1	3.940640522E1
3.560000000E0	1.496700927E1	3.953585205E1
3.600000000E0	1.514678479E1	3.965338343E1
3.640000000E0	1.528356274E1	3.975259203E1
3.680000000E0	1.542431247E1	3.983520885E1
3.720000000E0	1.559445415E1	3.985824711E1
3.760000000E0	1.575924516E1	3.988731592E1
3.800000000E0	1.591023223E1	3.989521714E1
3.840000000E0	1.605109096E1	3.989060478E1
3.880000000E0	1.617779634E1	3.988377374E1
3.920000000E0	1.625175617E1	3.987594192E1
3.960000000E0	1.624691739E1	3.986136254E1
4.000000000E0	1.627984061E1	3.986405962E1
4.040000000E0	1.631346449E1	3.985469738E1
4.080000000E0	1.626301973E1	3.985240287E1
4.120000000E0	1.615154635E1	3.983810415E1
4.160000000E0	1.595998029E1	3.984500929E1
4.200000000E0	1.572940715E1	3.983405911E1
4.240000000E0	1.551398645E1	3.980022217E1
4.280000000E0	1.527571528E1	3.963806989E1
4.320000000E0	1.500145404E1	3.950855377E1
4.360000000E0	1.476336894E1	3.928508203E1
4.400000000E0	1.453832013E1	3.909307848E1
4.440000000E0	1.434204942E1	3.893268966E1
4.480000000E0	1.417807335E1	3.870592695E1
4.520000000E0	1.402623550E1	3.852153918E1
4.560000000E0	1.391791813E1	3.835138960E1
4.600000000E0	1.383237647E1	3.829211707E1
4.640000000E0	1.387901689E1	3.821908259E1
4.680000000E0	1.387072528E1	3.821488828E1
4.720000000E0	1.395296277E1	3.819019489E1
4.760000000E0	1.398241747E1	3.818620785E1
4.800000000E0	1.396351160E1	3.818166577E1
4.840000000E0	1.390092064E1	3.815854020E1
4.880000000E0	1.383500317E1	3.815763640E1
4.920000000E0	1.379796815E1	3.814212446E1
4.960000000E0	1.376811009E1	3.812581854E1
5.000000000E0	1.379697712E1	3.815261569E1
5.040000000E0	1.380745324E1	3.815008514E1
5.080000000E0	1.381536707E1	3.815954498E1
5.120000000E0	1.381808648E1	3.816876707E1
5.160000000E0	1.381997323E1	3.817407376E1
5.200000000E0	1.381486896E1	3.818558859E1
5.240000000E0	1.381301198E1	3.826552311E1
5.280000000E0	1.381784304E1	3.834580364E1
5.320000000E0	1.381690375E1	3.844133282E1
5.360000000E0	1.386536734E1	3.852090704E1
5.400000000E0	1.396568287E1	3.866433012E1
5.440000000E0	1.412394564E1	3.881184431E1
5.480000000E0	1.428639125E1	3.902043084E1
5.520000000E0	1.450725276E1	3.918433694E1
5.560000000E0	1.472092387E1	3.936288446E1
5.600000000E0	1.491085800E1	3.953574703E1
5.640000000E0	1.507419804E1	3.969784223E1
5.680000000E0	1.520901473E1	3.982035404E1
5.720000000E0	1.537284946E1	3.989638263E1
5.760000000E0	1.559186528E1	3.991129837E1
5.800000000E0	1.579217643E1	3.991590320E1
5.840000000E0	1.598970751E1	3.994981360E1
5.880000000E0	1.618893670E1	3.997653716E1
5.920000000E0	1.634654774E1	3.999904460E1
5.960000000E0	1.647847726E1	4.001645582E1
6.000000000E0	1.655357560E1	4.002757745E1
6.040000000E0	1.652597877E1	3.996723306E1
6.080000000E0	1.652348680E1	3.997165108E1
6.120000000E0	1.636928641E1	3.995527820E1
6.160000000E0	1.611499343E1	3.994045110E1
6.200000000E0	1.588404374E1	3.994024000E1
6.240000000E0	1.563600629E1	3.996167616E1
6.280000000E0	1.536377328E1	3.992903413E1
6.320000000E0	1.510681984E1	3.984217463E1
6.360000000E0	1.482830232E1	3.966206367E1
6.400000000E0	1.456939835E1	3.940715578E1
6.440000000E0	1.432272345E1	3.916785966E1
6.480000000E0	1.410605891E1	3.886315275E1
6.520000000E0	1.389989964E1	3.859818205E1
6.560000000E0	1.372301617E1	3.830591498E1
6.600000000E0	1.351482827E1	3.811394763E1
6.640000000E0	1.325468941E1	3.799711934E1
6.680000000E0	1.312360576E1	3.792969783E1
6.720000000E0	1.315673480E1	3.791076079E1
6.760000000E0	1.330521176E1	3.791429561E1
6.800000000E0	1.347452296E1	3.791722327E1
6.840000000E0	1.354855603E1	3.790718345E1
6.880000000E0	1.357361934E1	3.789364576E1
6.920000000E0	1.352749252E1	3.786639347E1
6.960000000E0	1.340804043E1	3.780407394E1
7.000000000E0	1.340096066E1	3.779916497E1
7.040000000E0	1.337560935E1	3.778559138E1
7.080000000E0	1.335711909E1	3.777638271E1
7.120000000E0	1.336025028E1	3.777530036E1
7.160000000E0	1.336178688E1	3.776988019E1
7.200000000E0	1.336683707E1	3.777313087E1
7.240000000E0	1.336901125E1	3.777507479E1
7.280000000E0	1.337002569E1	3.776869433E1
7.320000000E0	1.337088215E1	3.776419369E1
7.360000000E0	1.337124879E1	3.776068926E1
7.400000000E0	1.337408522E1	3.777383939E1
7.440000000E0	1.337872407E1	3.779380921E1
7.480000000E0	1.336449566E1	3.781853692E1
7.520000000E0	1.337623879E1	3.787462712E1
7.560000000E0	1.338508983E1	3.789360506E1
7.600000000E0	1.346142376E1	3.793225480E1
7.640000000E0	1.347675291E1	3.793605871E1
7.680000000E0	1.349717340E1	3.801352271E1
7.720000000E0	1.353020553E1	3.805615537E1
7.760000000E0	1.356786283E1	3.815896734E1
7.800000000E0	1.365089314E1	3.829883651E1
7.840000000E0	1.369269934E1	3.849634574E1
7.880000000E0	1.390675986E1	3.867104294E1
7.920000000E0	1.414750831E1	3.892715513E1
7.960000000E0	1.451480644E1	3.912056077E1
8.000000000E0	1.488590826E1	3.931608379E1
8.040000000E0	1.526521735E1	3.946365771E1
8.080000000E0	1.557927690E1	3.960177255E1
8.120000000E0	1.581434700E1	3.968897701E1
8.160000000E0	1.602704950E1	3.970949207E1
8.200000000E0	1.624826921E1	3.973397934E1
8.240000000E0	1.643005191E1	3.974337493E1
8.280000000E0	1.656650688E1	3.977623101E1
8.320000000E0	1.670396518E1	3.980973238E1
8.360000000E0	1.686272646E1	3.983518227E1
8.400000000E0	1.697192638E1	3.982563342E1
8.440000000E0	1.694722706E1	3.979515413E1
8.480000000E0	1.680910281E1	3.977871601E1
8.520000000E0	1.660119465E1	3.971117634E1
8.560000000E0	1.630551049E1	3.969626838E1
8.600000000E0	1.597628019E1	3.965960144E1
8.640000000E0	1.569890759E1	3.954249889E1
8.680000000E0	1.544808201E1	3.938683983E1
8.720000000E0	1.494022550E1	3.894493938E1
8.760000000E0	1.492477151E1	3.894099240E1
8.800000000E0	1.461107667E1	3.864771433E1
8.840000000E0	1.427114103E1	3.830908861E1
8.880000000E0	1.396028943E1	3.808964654E1
8.920000000E0	1.368984002E1	3.789875371E1
8.960000000E0	1.352172680E1	3.784094639E1
9.000000000E0	1.358214513E1	3.787464228E1
9.040000000E0	1.357099340E1	3.788571865E1
9.080000000E0	1.368063873E1	3.790482852E1
9.120000000E0	1.373348862E1	3.791109566E1
9.160000000E0	1.376514110E1	3.789423476E1
9.200000000E0	1.374382463E1	3.787319982E1
9.240000000E0	1.368632428E1	3.783321282E1
9.280000000E0	1.366081907E1	3.779757687E1
9.320000000E0	1.362836254E1	3.777672392E1
9.360000000E0	1.364736559E1	3.776378412E1
9.400000000E0	1.365806362E1	3.776001852E1
9.440000000E0	1.367294962E1	3.777954784E1
9.480000000E0	1.367154206E1	3.781873683E1
9.520000000E0	1.368312554E1	3.789128651E1
9.560000000E0	1.371356345E1	3.796405151E1
9.600000000E0	1.386182019E1	3.808983485E1
9.640000000E0	1.385091813E1	3.806781637E1
9.680000000E0	1.397605791E1	3.808755151E1
9.720000000E0	1.398993445E1	3.812769319E1
9.760000000E0	1.397903616E1	3.815159127E1
9.800000000E0	1.396527555E1	3.815224641E1
9.840000000E0	1.395306802E1	3.817874091E1
9.880000000E0	1.393955702E1	3.818963872E1
9.920000000E0	1.395319559E1	3.819196701E1
9.960000000E0	1.396084330E1	3.819347443E1
1.000000000E1	1.397144582E1	3.820634440E1
1.004000000E1	1.397088430E1	3.820309641E1
1.008000000E1	1.397367784E1	3.821489329E1
1.012000000E1	1.398010870E1	3.826112454E1
1.016000000E1	1.397278885E1	3.833969759E1
1.020000000E1	1.399906371E1	3.846748280E1
1.024000000E1	1.408960966E1	3.858417861E1
1.028000000E1	1.415276475E1	3.877906515E1
1.032000000E1	1.429149276E1	3.895569891E1
1.036000000E1	1.443765228E1	3.919141780E1
1.040000000E1	1.467613757E1	3.938443900E1
1.044000000E1	1.496411055E1	3.954897881E1
1.048000000E1	1.523920646E1	3.972099318E1
1.052000000E1	1.545697072E1	3.983215658E1
1.056000000E1	1.560758521E1	3.992381487E1
1.060000000E1	1.577461663E1	3.999005414E1
1.064000000E1	1.597172666E1	4.002514663E1
1.068000000E1	1.620014211E1	4.005284981E1
1.072000000E1	1.646544166E1	4.009015617E1
1.076000000E1	1.672726539E1	4.013732553E1
1.080000000E1	1.691072955E1	4.012352694E1
1.084000000E1	1.696644969E1	4.009856927E1
1.088000000E1	1.685680179E1	4.007606316E1
1.092000000E1	1.670600013E1	4.005171162E1
1.096000000E1	1.647708180E1	4.001351817E1
1.100000000E1	1.621615349E1	3.998409106E1
1.104000000E1	1.593497365E1	3.992657811E1
1.108000000E1	1.566799163E1	3.978781298E1
1.112000000E1	1.542237737E1	3.955736008E1
1.116000000E1	1.519458906E1	3.930895649E1
1.120000000E1	1.498061003E1	3.905999119E1
1.124000000E1	1.476061221E1	3.879617262E1
1.128000000E1	1.455271942E1	3.852962703E1
1.132000000E1	1.438772913E1	3.825151772E1
1.136000000E1	1.421829921E1	3.815375027E1
1.140000000E1	1.407735029E1	3.808735460E1
1.144000000E1	1.395847219E1	3.806717608E1
1.148000000E1	1.395211709E1	3.805232571E1
1.152000000E1	1.399484161E1	3.804716102E1
1.156000000E1	1.409975740E1	3.803490619E1
1.160000000E1	1.414879607E1	3.802986692E1
1.164000000E1	1.418782413E1	3.801630426E1
1.168000000E1	1.413585113E1	3.797062117E1
1.172000000E1	1.411252833E1	3.792994694E1
1.176000000E1	1.406381346E1	3.790497927E1
1.180000000E1	1.401323187E1	3.790308031E1
1.184000000E1	1.399955262E1	3.789682253E1
1.188000000E1	1.399714186E1	3.789991155E1
1.192000000E1	1.399811616E1	3.789290729E1
1.196000000E1	1.399244239E1	3.789251006E1
1.200000000E1	1.398507114E1	3.789695434E1
1.204000000E1	1.397417000E1	3.789740262E1
1.208000000E1	1.396555660E1	3.789838033E1
1.212000000E1	1.395857962E1	3.790183777E1
1.216000000E1	1.394941995E1	3.790896085E1
1.220000000E1	1.393640822E1	3.793263250E1
1.224000000E1	1.395124424E1	3.802833252E1
1.228000000E1	1.397984718E1	3.806565092E1
1.232000000E1	1.400615863E1	3.817672861E1
1.236000000E1	1.411689072E1	3.821425089E1
1.240000000E1	1.414547418E1	3.834285608E1
1.244000000E1	1.416515787E1	3.850016115E1
1.248000000E1	1.420067254E1	3.863057115E1
1.252000000E1	1.429578490E1	3.880890037E1
1.256000000E1	1.442909980E1	3.906811804E1
1.260000000E1	1.460780653E1	3.927044161E1
1.264000000E1	1.484176971E1	3.944234578E1
1.268000000E1	1.504993496E1	3.963382345E1
1.272000000E1	1.534028857E1	3.973457434E1
1.276000000E1	1.562258925E1	3.980685145E1
1.280000000E1	1.587069999E1	3.983256653E1
1.284000000E1	1.607084827E1	3.986113423E1
1.288000000E1	1.622701439E1	3.987567630E1
1.292000000E1	1.635837453E1	3.989566784E1
1.296000000E1	1.645951967E1	3.992170479E1
1.300000000E1	1.652858241E1	3.997424998E1
1.304000000E1	1.655246400E1	3.999974191E1
1.308000000E1	1.656823801E1	4.001158717E1
1.312000000E1	1.653013306E1	3.999220622E1
1.316000000E1	1.648066434E1	3.996107498E1
1.320000000E1	1.638909038E1	3.987926886E1
1.324000000E1	1.621303681E1	3.979237244E1
1.328000000E1	1.602637356E1	3.975072810E1
1.332000000E1	1.576467424E1	3.967719827E1
1.336000000E1	1.548357462E1	3.953750074E1
1.340000000E1	1.519590294E1	3.939377747E1
1.344000000E1	1.490218692E1	3.921480788E1
1.348000000E1	1.469147304E1	3.897928802E1
1.352000000E1	1.450551532E1	3.876941521E1
1.356000000E1	1.435709537E1	3.856658342E1
1.360000000E1	1.426381070E1	3.836637750E1
1.364000000E1	1.420706082E1	3.819548697E1
1.368000000E1	1.413036905E1	3.806315201E1
1.372000000E1	1.407236967E1	3.802290414E1
1.376000000E1	1.407621471E1	3.802657484E1
1.380000000E1	1.410092492E1	3.803824519E1
1.384000000E1	1.412750390E1	3.805399231E1
1.388000000E1	1.414255042E1	3.805066843E1
1.392000000E1	1.413233084E1	3.803905197E1
1.396000000E1	1.406293835E1	3.799019123E1
1.400000000E1	1.407244309E1	3.800986180E1
1.404000000E1	1.403364616E1	3.803074542E1
1.408000000E1	1.399007492E1	3.803448281E1
1.412000000E1	1.398680180E1	3.803585986E1
1.416000000E1	1.398428831E1	3.803694831E1
1.420000000E1	1.399202705E1	3.804350637E1
1.424000000E1	1.399915015E1	3.804643484E1
1.428000000E1	1.399389427E1	3.804526266E1
1.432000000E1	1.399174874E1	3.804476935E1
1.436000000E1	1.399009074E1	3.805144901E1
1.440000000E1	1.399223455E1	3.806593941E1
1.444000000E1	1.398102289E1	3.812367106E1
1.448000000E1	1.399096797E1	3.819732488E1
1.452000000E1	1.408106403E1	3.823439420E1
1.456000000E1	1.411816321E1	3.832118854E1
1.460000000E1	1.414906456E1	3.837118090E1
1.464000000E1	1.414554841E1	3.850361643E1
1.468000000E1	1.413303956E1	3.862885419E1
1.472000000E1	1.418945365E1	3.879796112E1
1.476000000E1	1.435890960E1	3.894818793E1
1.480000000E1	1.457693350E1	3.919739005E1
1.484000000E1	1.486059575E1	3.936075289E1
1.488000000E1	1.514124483E1	3.949657161E1
1.492000000E1	1.543413696E1	3.958410856E1
1.496000000E1	1.563751146E1	3.967242238E1
1.500000000E1	1.582177624E1	3.973135472E1
1.504000000E1	1.594412343E1	3.979671848E1
1.508000000E1	1.611115676E1	3.985470668E1
1.512000000E1	1.626392642E1	3.989455884E1
1.516000000E1	1.639836377E1	3.990444752E1
1.520000000E1	1.649390534E1	3.991337791E1
1.524000000E1	1.657329439E1	3.998484887E1
1.528000000E1	1.663245358E1	4.000772284E1
1.532000000E1	1.666804142E1	4.000398510E1
1.536000000E1	1.659192401E1	3.998862794E1
1.540000000E1	1.642490838E1	3.995327276E1
1.544000000E1	1.623239306E1	3.986101785E1
1.548000000E1	1.602636238E1	3.980990549E1
1.552000000E1	1.581823522E1	3.979405266E1
1.556000000E1	1.564230760E1	3.970733291E1
1.560000000E1	1.546887552E1	3.955318490E1
1.564000000E1	1.526413286E1	3.937286161E1
1.568000000E1	1.497515941E1	3.916781563E1
1.572000000E1	1.464933397E1	3.889464861E1
1.576000000E1	1.430423938E1	3.867063871E1
1.580000000E1	1.403853459E1	3.847112973E1
1.584000000E1	1.383735683E1	3.830781305E1
1.588000000E1	1.369363634E1	3.817644916E1
1.592000000E1	1.366821252E1	3.809725240E1
1.596000000E1	1.368209074E1	3.806183885E1
1.600000000E1	1.373483698E1	3.805035296E1
1.604000000E1	1.380800507E1	3.804649566E1
1.608000000E1	1.386756517E1	3.805354078E1
1.612000000E1	1.392302313E1	3.803818266E1
1.616000000E1	1.393095573E1	3.803350038E1
1.620000000E1	1.384811106E1	3.803134125E1
1.624000000E1	1.380711318E1	3.802266448E1
1.628000000E1	1.378500810E1	3.801624668E1
1.632000000E1	1.379355141E1	3.802144306E1
1.636000000E1	1.381024035E1	3.802779447E1
1.640000000E1	1.382110841E1	3.803281639E1
1.644000000E1	1.382342211E1	3.803365409E1
1.648000000E1	1.382448583E1	3.803430199E1
1.652000000E1	1.382206121E1	3.803871123E1
1.656000000E1	1.381954018E1	3.804081567E1
1.660000000E1	1.380674004E1	3.805764129E1
1.664000000E1	1.380846119E1	3.805428155E1
1.668000000E1	1.381676799E1	3.810360158E1
1.672000000E1	1.381972934E1	3.817382845E1
1.676000000E1	1.387410476E1	3.820590730E1
1.680000000E1	1.394378756E1	3.831740621E1
1.684000000E1	1.397514217E1	3.836155663E1
1.688000000E1	1.398999691E1	3.853904035E1
1.692000000E1	1.409746667E1	3.865466601E1
1.696000000E1	1.424878603E1	3.881237649E1
1.700000000E1	1.442192052E1	3.896692943E1
1.704000000E1	1.458297814E1	3.919462316E1
1.708000000E1	1.476453407E1	3.935328965E1
1.712000000E1	1.493164151E1	3.950096743E1
1.716000000E1	1.511791593E1	3.959359567E1
1.720000000E1	1.526060447E1	3.969774027E1
1.724000000E1	1.537845621E1	3.980012867E1
1.728000000E1	1.551409489E1	3.985916170E1
1.732000000E1	1.570161591E1	3.988799578E1
1.736000000E1	1.594695050E1	3.993496838E1
1.740000000E1	1.622854856E1	3.997346193E1
1.744000000E1	1.647047524E1	3.999825374E1
1.748000000E1	1.669302449E1	4.002705222E1
1.752000000E1	1.684419684E1	4.007585934E1
1.756000000E1	1.695245586E1	4.010604144E1
1.760000000E1	1.693835888E1	4.009168062E1
1.764000000E1	1.686223297E1	4.005205140E1
1.768000000E1	1.668179153E1	3.998591862E1
1.772000000E1	1.647873960E1	3.992520427E1
1.776000000E1	1.628395932E1	3.990350266E1
1.780000000E1	1.603565081E1	3.981970217E1
1.784000000E1	1.579379437E1	3.966793188E1
1.788000000E1	1.547315081E1	3.946782757E1
1.792000000E1	1.518192672E1	3.923271852E1
1.796000000E1	1.487732148E1	3.893125274E1
1.800000000E1	1.456007683E1	3.865334324E1
1.804000000E1	1.428622418E1	3.836409085E1
1.808000000E1	1.408540626E1	3.818384437E1
1.812000000E1	1.396887709E1	3.806735681E1
1.816000000E1	1.395888887E1	3.799107696E1
1.820000000E1	1.399097147E1	3.799040327E1
1.824000000E1	1.407492731E1	3.799396806E1
1.828000000E1	1.414288352E1	3.800839748E1
1.832000000E1	1.420361764E1	3.800627755E1
1.836000000E1	1.415360340E1	3.798448771E1
1.840000000E1	1.410448271E1	3.792456644E1
1.844000000E1	1.399124280E1	3.789363021E1
1.848000000E1	1.395301885E1	3.787945291E1
1.852000000E1	1.393241664E1	3.787166575E1
1.856000000E1	1.394186866E1	3.787563597E1
1.860000000E1	1.396053489E1	3.788332544E1
1.864000000E1	1.397034380E1	3.788814102E1
1.868000000E1	1.397049306E1	3.789241357E1
1.872000000E1	1.397047743E1	3.789600256E1
1.876000000E1	1.396816900E1	3.790671668E1
1.880000000E1	1.396850051E1	3.789785793E1
1.884000000E1	1.397286225E1	3.790093653E1
1.888000000E1	1.397971833E1	3.790130794E1
1.892000000E1	1.398129512E1	3.790241105E1
1.896000000E1	1.398307052E1	3.790347636E1
1.900000000E1	1.398641703E1	3.792252418E1
1.904000000E1	1.398354034E1	3.802311553E1
1.908000000E1	1.398187174E1	3.802948140E1
1.912000000E1	1.401548929E1	3.807781595E1
1.916000000E1	1.403915984E1	3.817017958E1
1.920000000E1	1.411038258E1	3.821128732E1
1.924000000E1	1.412754260E1	3.833666333E1
1.928000000E1	1.414105558E1	3.845876759E1
1.932000000E1	1.423727786E1	3.859358553E1
1.936000000E1	1.433735372E1	3.877088537E1
1.940000000E1	1.445740801E1	3.894957484E1
1.944000000E1	1.460576442E1	3.916017384E1
1.948000000E1	1.473474943E1	3.937221601E1
1.952000000E1	1.491730912E1	3.955363408E1
1.956000000E1	1.512299184E1	3.970756240E1
1.960000000E1	1.530810598E1	3.988674456E1
1.964000000E1	1.551274944E1	4.000568038E1
1.968000000E1	1.579032716E1	4.005244990E1
1.972000000E1	1.606200422E1	4.008841972E1
1.976000000E1	1.634381842E1	4.012342475E1
1.980000000E1	1.659416837E1	4.014870230E1
1.984000000E1	1.678669849E1	4.016966530E1
1.988000000E1	1.695950582E1	4.019262021E1
1.992000000E1	1.703504798E1	4.019697794E1
1.996000000E1	1.696786336E1	4.016457865E1
2.000000000E1	1.674726208E1	4.014308110E1
2.004000000E1	1.645409018E1	4.011301691E1
2.008000000E1	1.619564535E1	4.005321565E1
2.012000000E1	1.591358815E1	3.999259132E1
2.016000000E1	1.537214288E1	3.981632311E1
2.020000000E1	1.536039275E1	3.982372794E1
2.024000000E1	1.515531447E1	3.965699757E1
2.028000000E1	1.490379131E1	3.951013452E1
2.032000000E1	1.471650632E1	3.932817983E1
2.036000000E1	1.452902729E1	3.907871046E1
2.040000000E1	1.428171019E1	3.886125226E1
2.044000000E1	1.408877100E1	3.857477753E1
2.048000000E1	1.397155394E1	3.835195610E1
2.052000000E1	1.395586157E1	3.819088548E1
2.056000000E1	1.401528799E1	3.809806738E1
2.060000000E1	1.410283742E1	3.803260138E1
2.064000000E1	1.415431314E1	3.802719098E1
2.068000000E1	1.422442562E1	3.802928452E1
2.072000000E1	1.426891075E1	3.803816085E1
2.076000000E1	1.427106718E1	3.803646866E1
2.080000000E1	1.424544165E1	3.800418726E1
2.084000000E1	1.416139816E1	3.797760406E1
2.088000000E1	1.412866014E1	3.793931813E1
2.092000000E1	1.411307816E1	3.791987184E1
2.096000000E1	1.410237011E1	3.791118212E1
2.100000000E1	1.409683915E1	3.790574798E1
2.104000000E1	1.410045947E1	3.790905292E1
2.108000000E1	1.410204932E1	3.792247689E1
2.112000000E1	1.410255547E1	3.791692714E1
2.116000000E1	1.410550191E1	3.791900903E1
2.120000000E1	1.410934989E1	3.792342642E1
2.124000000E1	1.409590869E1	3.798786267E1
2.128000000E1	1.411604278E1	3.803696877E1
2.132000000E1	1.412913947E1	3.808398373E1
2.136000000E1	1.412815805E1	3.819704335E1
2.140000000E1	1.412524647E1	3.832652864E1
2.144000000E1	1.414145892E1	3.846860049E1
2.148000000E1	1.427238967E1	3.864130984E1
2.152000000E1	1.447529428E1	3.878973254E1
2.156000000E1	1.469840836E1	3.893689974E1
2.160000000E1	1.488031144E1	3.907237496E1
2.164000000E1	1.503440431E1	3.922036469E1
2.168000000E1	1.519111104E1	3.938029948E1
2.172000000E1	1.537737929E1	3.953351459E1
2.176000000E1	1.549107091E1	3.965245429E1
2.180000000E1	1.560927962E1	3.973269033E1
2.184000000E1	1.565513099E1	3.981222332E1
2.188000000E1	1.576585428E1	3.986007138E1
2.192000000E1	1.590441338E1	3.991291955E1
2.196000000E1	1.608045764E1	3.997351870E1
2.200000000E1	1.628153387E1	4.000272366E1
2.204000000E1	1.645931718E1	4.001251959E1
2.208000000E1	1.663232763E1	4.001725237E1
2.212000000E1	1.673059680E1	4.003263965E1
2.216000000E1	1.678819627E1	4.001110062E1
2.220000000E1	1.676660713E1	3.999939258E1
2.224000000E1	1.673815823E1	3.999288826E1
2.228000000E1	1.664824478E1	3.994666311E1
2.232000000E1	1.650629889E1	3.986644255E1
2.236000000E1	1.627832554E1	3.984049738E1
2.240000000E1	1.600558500E1	3.978601466E1
2.244000000E1	1.575750171E1	3.969477554E1
2.248000000E1	1.547649292E1	3.955954079E1
2.252000000E1	1.522889775E1	3.939987190E1
2.256000000E1	1.500077606E1	3.916801344E1
2.260000000E1	1.483719061E1	3.898859569E1
2.264000000E1	1.467908870E1	3.878297395E1
2.268000000E1	1.451044945E1	3.861233619E1
2.272000000E1	1.440767306E1	3.849311427E1
2.276000000E1	1.433325631E1	3.842778755E1
2.280000000E1	1.429954588E1	3.832109387E1
2.284000000E1	1.425676561E1	3.819916472E1
2.288000000E1	1.425641847E1	3.820958129E1
2.292000000E1	1.423846327E1	3.818283025E1
2.296000000E1	1.421471772E1	3.815876882E1
2.300000000E1	1.423080005E1	3.809618278E1
2.304000000E1	1.419780354E1	3.807549398E1
2.308000000E1	1.414810401E1	3.805040645E1
2.312000000E1	1.412436047E1	3.803514242E1
2.316000000E1	1.410822106E1	3.802769002E1
2.320000000E1	1.410328041E1	3.802807857E1
2.324000000E1	1.410805972E1	3.803488100E1
2.328000000E1	1.411114681E1	3.803427464E1
2.332000000E1	1.411356357E1	3.803375705E1
2.336000000E1	1.411536546E1	3.804181658E1
2.340000000E1	1.411718201E1	3.803986910E1
2.344000000E1	1.411721179E1	3.804003038E1
2.348000000E1	1.411722132E1	3.804018700E1
2.352000000E1	1.411691961E1	3.804102812E1
2.356000000E1	1.411702850E1	3.804188081E1
2.360000000E1	1.411615148E1	3.804185050E1
2.364000000E1	1.411524959E1	3.804185378E1
2.368000000E1	1.411625612E1	3.804246436E1
2.372000000E1	1.411922256E1	3.805274445E1
2.376000000E1	1.412220410E1	3.806006703E1
2.380000000E1	1.412548189E1	3.808479024E1
2.384000000E1	1.412507176E1	3.815653852E1
2.388000000E1	1.414644006E1	3.819490938E1
2.392000000E1	1.425318096E1	3.823685846E1
2.396000000E1	1.428658616E1	3.832148510E1
2.400000000E1	1.438957184E1	3.836734977E1
2.404000000E1	1.440704139E1	3.849584921E1
2.408000000E1	1.440853839E1	3.867421598E1
2.412000000E1	1.442271490E1	3.888422835E1
2.416000000E1	1.455117497E1	3.908115035E1
2.420000000E1	1.470621519E1	3.934237310E1
2.424000000E1	1.488597743E1	3.954685263E1
2.428000000E1	1.508603509E1	3.970869371E1
2.432000000E1	1.531938761E1	3.985279552E1
2.436000000E1	1.555175829E1	3.997299760E1
2.440000000E1	1.586514464E1	4.002787535E1
2.444000000E1	1.610024641E1	4.009008759E1
2.448000000E1	1.634788158E1	4.013239602E1
2.452000000E1	1.655148887E1	4.015480343E1
2.456000000E1	1.672303523E1	4.016278309E1
2.460000000E1	1.684632830E1	4.017753610E1
2.464000000E1	1.694824650E1	4.017776847E1
2.468000000E1	1.704455811E1	4.023220218E1
2.472000000E1	1.709871892E1	4.025557603E1
2.476000000E1	1.701888358E1	4.025347311E1
2.480000000E1	1.684350181E1	4.017419355E1
2.484000000E1	1.658133432E1	4.012207513E1
2.488000000E1	1.632733852E1	4.001522490E1
2.492000000E1	1.605189579E1	3.996725525E1
2.496000000E1	1.581129873E1	3.983240757E1
2.500000000E1	1.558974586E1	3.968688174E1
2.504000000E1	1.535408606E1	3.952666798E1
2.508000000E1	1.514071555E1	3.933734846E1
2.512000000E1	1.493232182E1	3.909841129E1
2.516000000E1	1.471845702E1	3.888400875E1
2.520000000E1	1.453467973E1	3.874636611E1
2.524000000E1	1.439402985E1	3.860952513E1
2.528000000E1	1.431258303E1	3.851094171E1
2.532000000E1	1.426983427E1	3.842584522E1
2.536000000E1	1.427804714E1	3.834720867E1
2.540000000E1	1.427813819E1	3.833277655E1
2.544000000E1	1.428651713E1	3.832469067E1
2.548000000E1	1.427817888E1	3.832496685E1
2.552000000E1	1.427390738E1	3.832456115E1
2.556000000E1	1.425406992E1	3.831220222E1
2.560000000E1	1.424214673E1	3.829930768E1
2.564000000E1	1.422844067E1	3.828711987E1
2.568000000E1	1.422032573E1	3.829467537E1
2.572000000E1	1.422023736E1	3.830196352E1
2.576000000E1	1.423672275E1	3.831428246E1
2.580000000E1	1.424732549E1	3.832162958E1
2.584000000E1	1.424709124E1	3.832514797E1
2.588000000E1	1.424589317E1	3.832583418E1
2.592000000E1	1.423602776E1	3.832207785E1
2.596000000E1	1.423106317E1	3.834229281E1
2.600000000E1	1.423948270E1	3.836541262E1
2.604000000E1	1.424884949E1	3.844830633E1
2.608000000E1	1.427558591E1	3.851490372E1
2.612000000E1	1.429256579E1	3.863817519E1
2.616000000E1	1.433270537E1	3.883356089E1
2.620000000E1	1.443854818E1	3.896372680E1
2.624000000E1	1.461368860E1	3.915533266E1
2.628000000E1	1.475562241E1	3.931335980E1
2.632000000E1	1.489276132E1	3.949175313E1
2.636000000E1	1.505447560E1	3.964305452E1
2.640000000E1	1.518337645E1	3.977022563E1
2.644000000E1	1.538216831E1	3.988600629E1
2.648000000E1	1.560635338E1	3.997066411E1
2.652000000E1	1.590035641E1	4.002766465E1
2.656000000E1	1.615663254E1	4.009311889E1
2.660000000E1	1.642328072E1	4.015868926E1
2.664000000E1	1.664210312E1	4.017781586E1
2.668000000E1	1.678455325E1	4.021176522E1
2.672000000E1	1.691313045E1	4.026201318E1
2.676000000E1	1.699642863E1	4.031676533E1
2.680000000E1	1.707693515E1	4.031825482E1
2.684000000E1	1.705873212E1	4.028647182E1
2.688000000E1	1.696040970E1	4.026406917E1
2.692000000E1	1.682144060E1	4.016246027E1
2.696000000E1	1.661013088E1	4.010922840E1
2.700000000E1	1.642957313E1	4.005724045E1
2.704000000E1	1.622989319E1	3.995070756E1
2.708000000E1	1.606306542E1	3.980998062E1
2.712000000E1	1.578431950E1	3.965673659E1
2.716000000E1	1.550208538E1	3.945534713E1
2.720000000E1	1.514141650E1	3.917076851E1
2.724000000E1	1.473278268E1	3.891221520E1
2.728000000E1	1.439109688E1	3.861130561E1
2.732000000E1	1.415427871E1	3.839636684E1
2.736000000E1	1.399156003E1	3.828478110E1
2.740000000E1	1.394966264E1	3.823629201E1
2.744000000E1	1.399669704E1	3.823292217E1
2.748000000E1	1.414199281E1	3.822185339E1
2.752000000E1	1.426798779E1	3.820444592E1
2.756000000E1	1.434270494E1	3.820293120E1
2.760000000E1	1.429472812E1	3.817866148E1
2.764000000E1	1.422321620E1	3.815542764E1
2.768000000E1	1.413636871E1	3.814277753E1
2.772000000E1	1.410350001E1	3.809476775E1
2.776000000E1	1.409722505E1	3.808159005E1
2.780000000E1	1.410790781E1	3.810068365E1
2.784000000E1	1.411334590E1	3.809327630E1
2.788000000E1	1.411812562E1	3.809801282E1
2.792000000E1	1.411628073E1	3.814617065E1
2.796000000E1	1.412496545E1	3.817077344E1
2.800000000E1	1.412377821E1	3.818904565E1
2.804000000E1	1.413364238E1	3.820279683E1
2.808000000E1	1.417257272E1	3.824018941E1
2.812000000E1	1.418251125E1	3.830605169E1
2.816000000E1	1.423296946E1	3.834151781E1
2.820000000E1	1.426495352E1	3.841035851E1
2.824000000E1	1.427480478E1	3.849240997E1
2.828000000E1	1.429339470E1	3.876453285E1
2.832000000E1	1.428965532E1	3.876765013E1
2.836000000E1	1.440845226E1	3.893541186E1
2.840000000E1	1.453086675E1	3.910336578E1
2.844000000E1	1.473006910E1	3.928183978E1
2.848000000E1	1.498948385E1	3.946347025E1
2.852000000E1	1.518260782E1	3.963768341E1
2.856000000E1	1.543807277E1	3.971619926E1
2.860000000E1	1.564669807E1	3.983473862E1
2.864000000E1	1.588117041E1	3.988169960E1
2.868000000E1	1.605430071E1	3.996026513E1
2.872000000E1	1.626424382E1	4.001656893E1
2.876000000E1	1.646434214E1	4.001906899E1
2.880000000E1	1.665715404E1	4.003949311E1
2.884000000E1	1.680483217E1	4.005425495E1
2.888000000E1	1.690229019E1	4.007491516E1
2.892000000E1	1.700224628E1	4.012684718E1
2.896000000E1	1.705167986E1	4.010704156E1
2.900000000E1	1.700174360E1	4.010907199E1
2.904000000E1	1.693239026E1	4.002436210E1
2.908000000E1	1.679745679E1	3.999032720E1
2.912000000E1	1.658564032E1	3.996356322E1
2.916000000E1	1.638297976E1	3.985585441E1
2.920000000E1	1.614645504E1	3.979317574E1
2.924000000E1	1.592077082E1	3.968897166E1
2.928000000E1	1.566089611E1	3.958287659E1
2.932000000E1	1.543588715E1	3.940693055E1
2.936000000E1	1.521372420E1	3.920890675E1
2.940000000E1	1.501552936E1	3.902798550E1
2.944000000E1	1.481668688E1	3.884820479E1
2.948000000E1	1.457836716E1	3.862518512E1
2.952000000E1	1.437756974E1	3.845260948E1
2.956000000E1	1.417884031E1	3.834158914E1
2.960000000E1	1.402379186E1	3.832956448E1
2.964000000E1	1.401077538E1	3.833575641E1
2.968000000E1	1.411435795E1	3.833205190E1
2.972000000E1	1.424605658E1	3.834191017E1
2.976000000E1	1.431068131E1	3.835889339E1
2.980000000E1	1.438710179E1	3.835820617E1
2.984000000E1	1.437663691E1	3.835406929E1
2.988000000E1	1.434290619E1	3.836452504E1
2.992000000E1	1.428706482E1	3.835383843E1
2.996000000E1	1.427150504E1	3.834796536E1
3.000000000E1	1.427482305E1	3.834352760E1
3.004000000E1	1.429108861E1	3.834793651E1
3.008000000E1	1.432614584E1	3.835435263E1
3.012000000E1	1.438223140E1	3.836128820E1
3.016000000E1	1.441270732E1	3.838816782E1
3.020000000E1	1.440677555E1	3.846880665E1
3.024000000E1	1.441879885E1	3.851511272E1
3.028000000E1	1.442016499E1	3.875830161E1
3.032000000E1	1.442106163E1	3.876904380E1
3.036000000E1	1.445799085E1	3.892569320E1
3.040000000E1	1.458516683E1	3.907544131E1
3.044000000E1	1.481524050E1	3.920961368E1
3.048000000E1	1.505175459E1	3.938493850E1
3.052000000E1	1.532721579E1	3.952818844E1
3.056000000E1	1.562605962E1	3.966514036E1
3.060000000E1	1.589221802E1	3.974071341E1
3.064000000E1	1.607728903E1	3.983839314E1
3.068000000E1	1.625057199E1	3.989194873E1
3.072000000E1	1.638311141E1	3.996703101E1
3.076000000E1	1.659680358E1	4.003231618E1
3.080000000E1	1.676673789E1	4.007305884E1
3.084000000E1	1.697273875E1	4.013435768E1
3.088000000E1	1.712106644E1	4.013743659E1
3.092000000E1	1.720193144E1	4.013423140E1
3.096000000E1	1.725767974E1	4.014298149E1
3.100000000E1	1.722917693E1	4.014774004E1
3.104000000E1	1.720283053E1	4.013506468E1
3.108000000E1	1.718175755E1	4.013967732E1
3.112000000E1	1.712081954E1	4.010640964E1
3.116000000E1	1.701750851E1	4.004206621E1
3.120000000E1	1.682843599E1	3.998390168E1
3.124000000E1	1.666934241E1	3.989149764E1
3.128000000E1	1.642523234E1	3.982718866E1
3.132000000E1	1.621978370E1	3.972626204E1
3.136000000E1	1.594731513E1	3.961809431E1
3.140000000E1	1.551443833E1	3.928899420E1
3.144000000E1	1.550858152E1	3.926684464E1
3.148000000E1	1.527474706E1	3.909241387E1
3.152000000E1	1.502248343E1	3.892702108E1
3.156000000E1	1.474196790E1	3.869689497E1
3.160000000E1	1.446566027E1	3.853329273E1
3.164000000E1	1.429103896E1	3.837093844E1
3.168000000E1	1.418316067E1	3.829552659E1
3.172000000E1	1.414319126E1	3.825129701E1
3.176000000E1	1.417348317E1	3.825010308E1
3.180000000E1	1.425660133E1	3.822774317E1
3.184000000E1	1.430350819E1	3.822821685E1
3.188000000E1	1.437511286E1	3.821072361E1
3.192000000E1	1.433549864E1	3.819937274E1
3.196000000E1	1.427819461E1	3.818350956E1
3.200000000E1	1.425356915E1	3.818121062E1
3.204000000E1	1.422240935E1	3.818181641E1
3.208000000E1	1.421741600E1	3.818692623E1
3.212000000E1	1.423532754E1	3.819878865E1
3.216000000E1	1.424742435E1	3.820433935E1
3.220000000E1	1.425507757E1	3.820857013E1
3.224000000E1	1.425997472E1	3.821190677E1
3.228000000E1	1.425685761E1	3.821412983E1
3.232000000E1	1.425339914E1	3.821409799E1
3.236000000E1	1.425499845E1	3.821362621E1
3.240000000E1	1.425738495E1	3.820813995E1
3.244000000E1	1.425894395E1	3.820621532E1
3.248000000E1	1.426188505E1	3.820220578E1
3.252000000E1	1.426047468E1	3.820717743E1
3.256000000E1	1.426676859E1	3.821093802E1
3.260000000E1	1.426818143E1	3.820778086E1
3.264000000E1	1.426928686E1	3.820526968E1
3.268000000E1	1.427547309E1	3.820621929E1
3.272000000E1	1.428127702E1	3.820801259E1
3.276000000E1	1.428644655E1	3.822079052E1
3.280000000E1	1.429189661E1	3.824837456E1
3.284000000E1	1.428841525E1	3.832784084E1
3.288000000E1	1.431437436E1	3.838950678E1
3.292000000E1	1.433109791E1	3.850086160E1
3.296000000E1	1.438831918E1	3.857578201E1
3.300000000E1	1.456288844E1	3.892192128E1
3.304000000E1	1.456555548E1	3.893012480E1
3.308000000E1	1.471602880E1	3.907370141E1
3.312000000E1	1.492576158E1	3.923207600E1
3.316000000E1	1.516134512E1	3.937749428E1
3.320000000E1	1.535951227E1	3.952321229E1
3.324000000E1	1.561979855E1	3.960800381E1
3.328000000E1	1.579690187E1	3.971670197E1
3.332000000E1	1.596958502E1	3.980790886E1
3.336000000E1	1.613917545E1	3.984424412E1
3.340000000E1	1.632409504E1	3.985686599E1
3.344000000E1	1.652358312E1	3.989064921E1
3.348000000E1	1.666523126E1	3.993892233E1
3.352000000E1	1.683037499E1	3.999248444E1
3.356000000E1	1.701284152E1	4.001950551E1
3.360000000E1	1.707225240E1	3.998829583E1
3.364000000E1	1.704593658E1	3.997538018E1
3.368000000E1	1.694806450E1	3.989429310E1
3.372000000E1	1.676604592E1	3.984127114E1
3.376000000E1	1.655020821E1	3.981479215E1
3.380000000E1	1.637502325E1	3.972301343E1
3.384000000E1	1.611037687E1	3.963919278E1
3.388000000E1	1.587865614E1	3.950973348E1
3.392000000E1	1.562170935E1	3.931797087E1
3.396000000E1	1.539865215E1	3.906632264E1
3.400000000E1	1.515784905E1	3.882004304E1
3.404000000E1	1.491949828E1	3.855327304E1
3.408000000E1	1.466099791E1	3.837290641E1
3.412000000E1	1.441755456E1	3.828184663E1
3.416000000E1	1.422920117E1	3.827317363E1
3.420000000E1	1.416123002E1	3.827836781E1
3.424000000E1	1.424103183E1	3.826304040E1
3.428000000E1	1.429992258E1	3.824714319E1
3.432000000E1	1.441366538E1	3.822146136E1
3.436000000E1	1.443357879E1	3.820629807E1
3.440000000E1	1.441869587E1	3.819241271E1
3.444000000E1	1.436559944E1	3.817690799E1
3.448000000E1	1.429261750E1	3.818224378E1
3.452000000E1	1.427742157E1	3.818594394E1
3.456000000E1	1.427527946E1	3.818789311E1
3.460000000E1	1.429067333E1	3.819335876E1
3.464000000E1	1.433353280E1	3.820225294E1
3.468000000E1	1.432420698E1	3.820528813E1
3.472000000E1	1.431786161E1	3.821024435E1
3.476000000E1	1.430575872E1	3.821587760E1
3.480000000E1	1.429939532E1	3.822542845E1
3.484000000E1	1.429461755E1	3.823310109E1
3.488000000E1	1.430171564E1	3.824940682E1
3.492000000E1	1.430957466E1	3.831677870E1
3.496000000E1	1.438069793E1	3.834515407E1
3.500000000E1	1.440646683E1	3.845568035E1
3.504000000E1	1.444124577E1	3.849801584E1
3.508000000E1	1.454485845E1	3.853282633E1
3.512000000E1	1.458171659E1	3.865255313E1
3.516000000E1	1.468598546E1	3.877096297E1
3.520000000E1	1.475513944E1	3.881769559E1
3.524000000E1	1.484620827E1	3.893472048E1
3.528000000E1	1.487467152E1	3.906706953E1
3.532000000E1	1.497829413E1	3.917755720E1
3.536000000E1	1.507896572E1	3.938951826E1
3.540000000E1	1.526828453E1	3.952170095E1
3.544000000E1	1.549515344E1	3.966973138E1
3.548000000E1	1.574775694E1	3.976637339E1
3.552000000E1	1.602172103E1	3.983809939E1
3.556000000E1	1.624925353E1	3.987347121E1
3.560000000E1	1.639284613E1	3.991826704E1
3.564000000E1	1.655459783E1	3.998956894E1
3.568000000E1	1.679640549E1	4.008313200E1
3.572000000E1	1.680295651E1	4.010680904E1
3.576000000E1	1.694119796E1	4.015154426E1
3.580000000E1	1.708666970E1	4.016584517E1
3.584000000E1	1.720791580E1	4.016153866E1
3.588000000E1	1.722707630E1	4.013843762E1
3.592000000E1	1.710026570E1	4.009954758E1
3.596000000E1	1.694308049E1	4.000538358E1
3.600000000E1	1.668502838E1	3.995701232E1
3.604000000E1	1.649197080E1	3.986802902E1
3.608000000E1	1.621633374E1	3.981514910E1
3.612000000E1	1.598453488E1	3.970241966E1
3.616000000E1	1.576366960E1	3.953175419E1
3.620000000E1	1.551341853E1	3.935788058E1
3.624000000E1	1.529631389E1	3.910680481E1
3.628000000E1	1.503803674E1	3.887891899E1
3.632000000E1	1.482277185E1	3.864173150E1
3.636000000E1	1.460020233E1	3.849608525E1
3.640000000E1	1.444327310E1	3.834470953E1
3.644000000E1	1.432542834E1	3.830397539E1
3.648000000E1	1.439770283E1	3.823094322E1
3.652000000E1	1.440369643E1	3.822052765E1
3.656000000E1	1.445670681E1	3.821476477E1
3.660000000E1	1.453974964E1	3.820431240E1
3.664000000E1	1.454480949E1	3.819590425E1
3.668000000E1	1.445637834E1	3.817788354E1
3.672000000E1	1.440553367E1	3.813531852E1
3.676000000E1	1.430021183E1	3.814979485E1
3.680000000E1	1.429002184E1	3.816379485E1
3.684000000E1	1.429251220E1	3.817450670E1
3.688000000E1	1.429473716E1	3.817985605E1
3.692000000E1	1.429822317E1	3.819191870E1
3.696000000E1	1.430197387E1	3.820282437E1
3.700000000E1	1.429793396E1	3.822012129E1
3.704000000E1	1.429122731E1	3.822446667E1
3.708000000E1	1.426881900E1	3.827290099E1
3.712000000E1	1.428065356E1	3.833442088E1
3.716000000E1	1.429651404E1	3.836188768E1
3.720000000E1	1.433101879E1	3.846562720E1
3.724000000E1	1.441128725E1	3.851832647E1
3.728000000E1	1.441989030E1	3.863472810E1
3.732000000E1	1.444544764E1	3.881481912E1
3.736000000E1	1.457225558E1	3.896323786E1
3.740000000E1	1.501391900E1	3.936995138E1
3.744000000E1	1.501575712E1	3.937543404E1
3.748000000E1	1.523996116E1	3.955381811E1
3.752000000E1	1.545154503E1	3.968400501E1
3.756000000E1	1.562740365E1	3.982495646E1
3.760000000E1	1.578341019E1	3.993475251E1
3.764000000E1	1.601779211E1	4.002635965E1
3.768000000E1	1.623337535E1	4.012991613E1
3.772000000E1	1.651874167E1	4.018472979E1
3.776000000E1	1.673189168E1	4.024200419E1
3.780000000E1	1.695425496E1	4.027280572E1
3.784000000E1	1.712831411E1	4.029142870E1
3.788000000E1	1.723493099E1	4.029090990E1
3.792000000E1	1.726361886E1	4.028971284E1
3.796000000E1	1.722029686E1	4.026394936E1
3.800000000E1	1.705181181E1	4.021683095E1
3.804000000E1	1.687440711E1	4.014407698E1
3.808000000E1	1.661707165E1	4.008989605E1
3.812000000E1	1.638272470E1	4.003688217E1
3.816000000E1	1.610600523E1	3.996402370E1
3.820000000E1	1.586973434E1	3.984606868E1
3.824000000E1	1.565056646E1	3.969000159E1
3.828000000E1	1.547905614E1	3.951593344E1
3.832000000E1	1.534697155E1	3.928522418E1
3.836000000E1	1.517861042E1	3.910380784E1
3.840000000E1	1.501101842E1	3.892178870E1
3.844000000E1	1.482705111E1	3.874199593E1
3.848000000E1	1.466798169E1	3.864286527E1
3.852000000E1	1.457515847E1	3.861274090E1
3.856000000E1	1.455853205E1	3.854492509E1
3.860000000E1	1.457042234E1	3.850163723E1
3.864000000E1	1.459343128E1	3.849506897E1
3.868000000E1	1.459261768E1	3.849383965E1
3.872000000E1	1.458943796E1	3.849657925E1
3.876000000E1	1.456884090E1	3.848652658E1
3.880000000E1	1.453739497E1	3.847857097E1
3.884000000E1	1.448897406E1	3.849357136E1
3.888000000E1	1.443914108E1	3.849143952E1
3.892000000E1	1.443433890E1	3.849047922E1
3.896000000E1	1.443444741E1	3.849160953E1
3.900000000E1	1.443785199E1	3.849792002E1
3.904000000E1	1.443878769E1	3.850042298E1
3.908000000E1	1.444011117E1	3.850292874E1
3.912000000E1	1.443266416E1	3.849947828E1
3.916000000E1	1.442884161E1	3.849675351E1
3.920000000E1	1.442699428E1	3.850273199E1
3.924000000E1	1.442583851E1	3.849415561E1
3.928000000E1	1.442205250E1	3.849186679E1
3.932000000E1	1.441866232E1	3.848968934E1
3.936000000E1	1.441506518E1	3.848735996E1
3.940000000E1	1.441012833E1	3.848415336E1
3.944000000E1	1.440781983E1	3.848465081E1
3.948000000E1	1.438178789E1	3.847591553E1
3.952000000E1	1.437730925E1	3.847375189E1
3.956000000E1	1.437333636E1	3.847190423E1
3.960000000E1	1.437574071E1	3.846850327E1
3.964000000E1	1.438217597E1	3.846179698E1
3.968000000E1	1.439181578E1	3.846040669E1
3.972000000E1	1.439893229E1	3.846713038E1
3.976000000E1	1.439808059E1	3.845793809E1
3.980000000E1	1.440020751E1	3.846092447E1
3.984000000E1	1.439939668E1	3.846316920E1
3.988000000E1	1.440778197E1	3.846917646E1
3.992000000E1	1.440799649E1	3.846421362E1
3.996000000E1	1.440888793E1	3.846254027E1
4.000000000E1	1.441441347E1	3.846144318E1
4.004000000E1	1.441594366E1	3.846699956E1
4.008000000E1	1.441728413E1	3.847164175E1
4.012000000E1	1.441635669E1	3.846723937E1
4.016000000E1	1.441670946E1	3.847237482E1
4.020000000E1	1.442197529E1	3.847245190E1
4.024000000E1	1.442696588E1	3.847179064E1
4.028000000E1	1.442954302E1	3.847363651E1
4.032000000E1	1.443208567E1	3.847473354E1
4.036000000E1	1.443022094E1	3.847236760E1
4.040000000E1	1.442967029E1	3.847657116E1
4.044000000E1	1.442666163E1	3.847016957E1
4.048000000E1	1.442356370E1	3.846196937E1
4.052000000E1	1.442158747E1	3.846119091E1
4.056000000E1	1.441972591E1	3.845993235E1
4.060000000E1	1.441689499E1	3.845766252E1
