armbåge
t	x	y
0.000000000E0	1.618804800E1	6.275685989E0
4.000000000E-2	1.618910010E1	6.276371289E0
8.000000000E-2	1.618753708E1	6.275044221E0
1.200000000E-1	1.618838937E1	6.276211322E0
1.600000000E-1	1.618754356E1	6.273999350E0
2.000000000E-1	1.618744930E1	6.274312358E0
2.400000000E-1	1.618714779E1	6.275899379E0
2.800000000E-1	1.618779075E1	6.276973388E0
3.200000000E-1	1.618688840E1	6.275229296E0
3.600000000E-1	1.618637299E1	6.274708055E0
4.000000000E-1	1.618643547E1	6.275055566E0
4.400000000E-1	1.618696515E1	6.274757874E0
4.800000000E-1	1.618756567E1	6.272321175E0
5.200000000E-1	1.618524493E1	6.271780102E0
5.600000000E-1	1.618263317E1	6.269886350E0
6.000000000E-1	1.618080442E1	6.267731365E0
6.400000000E-1	1.618178623E1	6.269584282E0
6.800000000E-1	1.618367172E1	6.271460446E0
7.200000000E-1	1.618473829E1	6.273700963E0
7.600000000E-1	1.618540594E1	6.273935142E0
8.000000000E-1	1.618424251E1	6.271333304E0
8.400000000E-1	1.618550218E1	6.272814958E0
8.800000000E-1	1.618629298E1	6.273744284E0
9.200000000E-1	1.618667090E1	6.275161726E0
9.600000000E-1	1.618704530E1	6.275419604E0
1.000000000E0	1.618915662E1	6.275925695E0
1.040000000E0	1.618741003E1	6.274421656E0
1.080000000E0	1.618629610E1	6.273434570E0
1.120000000E0	1.618734918E1	6.274857864E0
1.160000000E0	1.618806312E1	6.275447578E0
1.200000000E0	1.618802954E1	6.275707726E0
1.240000000E0	1.618815025E1	6.275639494E0
1.280000000E0	1.618808908E1	6.275574103E0
1.320000000E0	1.618804709E1	6.275526919E0
1.360000000E0	1.618806513E1	6.275594783E0
1.400000000E0	1.618807567E1	6.275662294E0
1.440000000E0	1.618816114E1	6.275707320E0
1.480000000E0	1.618814912E1	6.275672470E0
1.520000000E0	1.618825801E1	6.275665850E0
1.560000000E0	1.618811380E1	6.275589725E0
1.600000000E0	1.618829721E1	6.275249881E0
1.640000000E0	1.618846206E1	6.274977029E0
1.680000000E0	1.618897994E1	6.272745174E0
1.720000000E0	1.618943577E1	6.273222983E0
1.760000000E0	1.619252751E1	6.274625520E0
1.800000000E0	1.619633081E1	6.275989782E0
1.840000000E0	1.619109055E1	6.275068309E0
1.880000000E0	1.618881704E1	6.274711067E0
1.920000000E0	1.618852743E1	6.274522208E0
1.960000000E0	1.618824121E1	6.274578951E0
2.000000000E0	1.618780002E1	6.271726618E0
2.040000000E0	1.618783463E1	6.272846066E0
2.080000000E0	1.618745857E1	6.272386797E0
2.120000000E0	1.618791882E1	6.273352279E0
2.160000000E0	1.618798646E1	6.273920507E0
2.200000000E0	1.618781774E1	6.274222181E0
2.240000000E0	1.618613571E1	6.270498147E0
2.280000000E0	1.618654963E1	6.270070775E0
2.320000000E0	1.618636835E1	6.268923511E0
2.360000000E0	1.618643511E1	6.272308944E0
2.400000000E0	1.618645143E1	6.273868923E0
2.440000000E0	1.618676656E1	6.273770928E0
2.480000000E0	1.618699338E1	6.274298573E0
2.520000000E0	1.618695914E1	6.274446742E0
2.560000000E0	1.619103044E1	6.336541071E0
2.600000000E0	1.618051448E1	6.527326149E0
2.640000000E0	1.644100910E1	6.755704683E0
2.680000000E0	1.693296488E1	7.146752721E0
2.720000000E0	1.789419424E1	7.692766626E0
2.760000000E0	1.937818502E1	8.353638518E0
2.800000000E0	2.143169257E1	9.283059394E0
2.840000000E0	2.400520254E1	1.045505414E1
2.880000000E0	2.683534414E1	1.183232520E1
2.920000000E0	2.977786242E1	1.329354282E1
2.960000000E0	3.259069452E1	1.463615542E1
3.000000000E0	3.520343026E1	1.580513892E1
3.040000000E0	3.770272605E1	1.660270721E1
3.080000000E0	4.030599923E1	1.720942741E1
3.120000000E0	4.324805273E1	1.791055675E1
3.160000000E0	4.647316909E1	1.884497967E1
3.200000000E0	4.951924467E1	2.007083332E1
3.240000000E0	5.186012357E1	2.123914015E1
3.280000000E0	5.337998876E1	2.195787341E1
3.320000000E0	5.423540645E1	2.237128381E1
3.360000000E0	5.464121044E1	2.276464887E1
3.400000000E0	5.461404901E1	2.303167368E1
3.440000000E0	5.410811653E1	2.305795905E1
3.480000000E0	5.324784311E1	2.296606742E1
3.520000000E0	5.207901690E1	2.266551816E1
3.560000000E0	5.051049190E1	2.213866144E1
3.600000000E0	4.857084969E1	2.143836698E1
3.640000000E0	4.623415174E1	2.049545196E1
3.680000000E0	4.356168829E1	1.950573527E1
3.720000000E0	4.049737033E1	1.815104495E1
3.760000000E0	3.713534121E1	1.660195488E1
3.800000000E0	3.358274612E1	1.495430559E1
3.840000000E0	2.990378490E1	1.326590505E1
3.880000000E0	2.628855077E1	1.170139219E1
3.920000000E0	2.303522030E1	1.026771264E1
3.960000000E0	2.037741120E1	9.097059317E0
4.000000000E0	1.847225713E1	8.199185364E0
4.040000000E0	1.724928370E1	7.464092821E0
4.080000000E0	1.654080227E1	6.929088497E0
4.120000000E0	1.620156879E1	6.558653757E0
4.160000000E0	1.619597872E1	6.439811290E0
4.200000000E0	1.634686599E1	6.480736466E0
4.240000000E0	1.658323356E1	6.511556684E0
4.280000000E0	1.677826930E1	6.588812221E0
4.320000000E0	1.679355711E1	6.640454803E0
4.360000000E0	1.675667770E1	6.572968530E0
4.400000000E0	1.668337590E1	6.567878851E0
4.440000000E0	1.664366930E1	6.547874843E0
4.480000000E0	1.663768929E1	6.579819203E0
4.520000000E0	1.677824434E1	6.843803290E0
4.560000000E0	1.739243750E1	7.183463225E0
4.600000000E0	1.878548276E1	7.764258385E0
4.640000000E0	2.098850865E1	8.662147376E0
4.680000000E0	2.380488160E1	9.916246386E0
4.720000000E0	2.708257066E1	1.147114727E1
4.760000000E0	3.043251892E1	1.313564149E1
4.800000000E0	3.368485484E1	1.474478952E1
4.840000000E0	3.657891027E1	1.613843610E1
4.880000000E0	3.899271638E1	1.714341055E1
4.920000000E0	4.081007697E1	1.768275269E1
4.960000000E0	4.235216294E1	1.796630899E1
5.000000000E0	4.409243800E1	1.836743516E1
5.040000000E0	4.655534627E1	1.922602786E1
5.080000000E0	4.952917830E1	2.075653753E1
5.120000000E0	5.182921262E1	2.213376109E1
5.160000000E0	5.297923096E1	2.246801093E1
5.200000000E0	5.356917444E1	2.309120756E1
5.240000000E0	5.388565375E1	2.408528891E1
5.280000000E0	5.365866543E1	2.453117250E1
5.320000000E0	5.312027984E1	2.448147481E1
5.360000000E0	5.242459912E1	2.423116344E1
5.400000000E0	5.156959394E1	2.392259448E1
5.440000000E0	5.055070418E1	2.356718914E1
5.480000000E0	4.935551623E1	2.301787182E1
5.520000000E0	4.796089248E1	2.221423373E1
5.560000000E0	4.633890684E1	2.128091394E1
5.600000000E0	4.446946065E1	2.013325913E1
5.640000000E0	4.240983448E1	1.898466249E1
5.680000000E0	4.007401325E1	1.756440437E1
5.720000000E0	3.743177352E1	1.602869759E1
5.760000000E0	3.468095953E1	1.444430157E1
5.800000000E0	3.177551971E1	1.290718079E1
5.840000000E0	2.892571282E1	1.146073209E1
5.880000000E0	2.627954542E1	1.026304472E1
5.920000000E0	2.390480105E1	9.302446695E0
5.960000000E0	2.198376305E1	8.558333199E0
6.000000000E0	2.041732488E1	8.041495627E0
6.040000000E0	1.921367266E1	7.630108406E0
6.080000000E0	1.834070280E1	7.257394925E0
6.120000000E0	1.787301173E1	7.063169173E0
6.160000000E0	1.771348231E1	7.026091110E0
6.200000000E0	1.786377347E1	7.040904277E0
6.240000000E0	1.833001343E1	7.201135040E0
6.280000000E0	1.919696126E1	7.475179780E0
6.320000000E0	2.062754297E1	7.924619834E0
6.360000000E0	2.269011549E1	8.673055492E0
6.400000000E0	2.524836217E1	9.791105013E0
6.440000000E0	2.809441442E1	1.123719425E1
6.480000000E0	3.105938448E1	1.282163210E1
6.520000000E0	3.389205295E1	1.446030875E1
6.560000000E0	3.639628488E1	1.584873527E1
6.600000000E0	3.848416102E1	1.692766376E1
6.640000000E0	4.007741213E1	1.758328521E1
6.680000000E0	4.141924538E1	1.806558196E1
6.720000000E0	4.314563348E1	1.860391215E1
6.760000000E0	4.584549701E1	1.968441387E1
6.800000000E0	4.871959622E1	2.145066632E1
6.840000000E0	5.072316230E1	2.253085670E1
6.880000000E0	5.181871606E1	2.251297974E1
6.920000000E0	5.267460295E1	2.327990483E1
6.960000000E0	5.307433959E1	2.414713603E1
7.000000000E0	5.295363740E1	2.460312517E1
7.040000000E0	5.244007542E1	2.463087569E1
7.080000000E0	5.170890170E1	2.446434245E1
7.120000000E0	5.071152410E1	2.407007398E1
7.160000000E0	4.940051177E1	2.334129959E1
7.200000000E0	4.771727508E1	2.229496612E1
7.240000000E0	4.570956244E1	2.102831430E1
7.280000000E0	4.325811490E1	1.959760703E1
7.320000000E0	4.045126422E1	1.790612565E1
7.360000000E0	3.727189566E1	1.630393506E1
7.400000000E0	3.394306320E1	1.465808664E1
7.440000000E0	3.046708704E1	1.303474054E1
7.480000000E0	2.719826164E1	1.151733639E1
7.520000000E0	2.427400759E1	1.021637690E1
7.560000000E0	2.192090582E1	9.026959144E0
7.600000000E0	2.019159463E1	8.126520108E0
7.640000000E0	1.907093338E1	7.428577803E0
7.680000000E0	1.843597357E1	6.986327858E0
7.720000000E0	1.826162009E1	6.898683068E0
7.760000000E0	1.832326779E1	6.915123515E0
7.800000000E0	1.847420850E1	6.982204352E0
7.840000000E0	1.860919988E1	7.035292415E0
7.880000000E0	1.863287892E1	7.015263540E0
7.920000000E0	1.859418736E1	7.009267196E0
7.960000000E0	1.858713578E1	7.021675560E0
8.000000000E0	1.868884392E1	7.130698946E0
8.040000000E0	1.912990428E1	7.375101281E0
8.080000000E0	2.008528270E1	7.786062200E0
8.120000000E0	2.168742825E1	8.511153054E0
8.160000000E0	2.386019066E1	9.572550064E0
8.200000000E0	2.648766962E1	1.098413583E1
8.240000000E0	2.941461478E1	1.253403501E1
8.280000000E0	3.232953148E1	1.424190151E1
8.320000000E0	3.510989554E1	1.583519792E1
8.360000000E0	3.754658035E1	1.715021252E1
8.400000000E0	3.959568343E1	1.801609758E1
8.440000000E0	4.147808331E1	1.860874941E1
8.480000000E0	4.352728249E1	1.897456223E1
8.520000000E0	4.627818225E1	1.977108870E1
8.560000000E0	4.958728504E1	2.139238568E1
8.600000000E0	5.198901809E1	2.289194119E1
8.640000000E0	5.307672317E1	2.320214996E1
8.680000000E0	5.373299236E1	2.398370992E1
8.720000000E0	5.410100883E1	2.522237431E1
8.760000000E0	5.385271978E1	2.573283905E1
8.800000000E0	5.319625757E1	2.554938562E1
8.840000000E0	5.223009480E1	2.507089450E1
8.880000000E0	5.100587934E1	2.442791560E1
8.920000000E0	4.949829770E1	2.352541056E1
8.960000000E0	4.770213601E1	2.238256744E1
9.000000000E0	4.553633206E1	2.097922443E1
9.040000000E0	4.319759186E1	1.953971158E1
9.080000000E0	4.050505719E1	1.798035087E1
9.120000000E0	3.770570107E1	1.648408097E1
9.160000000E0	3.481830704E1	1.496195858E1
9.200000000E0	3.185922460E1	1.348588352E1
9.240000000E0	2.908950974E1	1.211723206E1
9.280000000E0	2.665487555E1	1.085930068E1
9.320000000E0	2.463255034E1	9.796086215E0
9.360000000E0	2.308992696E1	8.941004431E0
9.400000000E0	2.197207521E1	8.257050312E0
9.440000000E0	2.130649676E1	7.864252421E0
9.480000000E0	2.093008046E1	7.602099759E0
9.520000000E0	2.082838782E1	7.417057467E0
9.560000000E0	2.089823109E1	7.430060627E0
9.600000000E0	2.100252405E1	7.465052822E0
9.640000000E0	2.113125730E1	7.505313985E0
9.680000000E0	2.119163433E1	7.631733877E0
9.720000000E0	2.130486426E1	7.773875116E0
9.760000000E0	2.162822452E1	8.047855256E0
9.800000000E0	2.235683809E1	8.452333348E0
9.840000000E0	2.357102245E1	9.122810405E0
9.880000000E0	2.531533635E1	1.003896031E1
9.920000000E0	2.751741420E1	1.123384568E1
9.960000000E0	2.999990171E1	1.263423009E1
1.000000000E1	3.249240035E1	1.413796184E1
1.004000000E1	3.491317335E1	1.553224591E1
1.008000000E1	3.714347527E1	1.672513141E1
1.012000000E1	3.916920448E1	1.764785087E1
1.016000000E1	4.116776691E1	1.836900244E1
1.020000000E1	4.348648039E1	1.902763258E1
1.024000000E1	4.621111450E1	1.991553350E1
1.028000000E1	4.896553766E1	2.130716135E1
1.032000000E1	5.104396881E1	2.232593055E1
1.036000000E1	5.226393120E1	2.248706318E1
1.040000000E1	5.301104487E1	2.297516557E1
1.044000000E1	5.338391790E1	2.385867281E1
1.048000000E1	5.329714952E1	2.445929229E1
1.052000000E1	5.278106844E1	2.455845082E1
1.056000000E1	5.190543605E1	2.434932601E1
1.060000000E1	5.071646379E1	2.383214029E1
1.064000000E1	4.917150852E1	2.300557695E1
1.068000000E1	4.723565835E1	2.186914997E1
1.072000000E1	4.494610824E1	2.053984546E1
1.076000000E1	4.222511842E1	1.885597233E1
1.080000000E1	3.911880473E1	1.707938356E1
1.084000000E1	3.569378255E1	1.518815195E1
1.088000000E1	3.203404849E1	1.333130564E1
1.092000000E1	2.847146825E1	1.166122282E1
1.096000000E1	2.528189102E1	1.027890067E1
1.100000000E1	2.262215080E1	9.242104449E0
1.104000000E1	2.063195024E1	8.450367387E0
1.108000000E1	1.927906432E1	7.917632077E0
1.112000000E1	1.847745180E1	7.505893862E0
1.116000000E1	1.805246552E1	7.177617879E0
1.120000000E1	1.800812481E1	7.035281599E0
1.124000000E1	1.826987051E1	7.019611396E0
1.128000000E1	1.855765148E1	7.089897612E0
1.132000000E1	1.869888663E1	7.122286676E0
1.136000000E1	1.870007050E1	7.154722415E0
1.140000000E1	1.863600140E1	7.193329240E0
1.144000000E1	1.861097615E1	7.217416891E0
1.148000000E1	1.879036642E1	7.357010822E0
1.152000000E1	1.933301998E1	7.586099255E0
1.156000000E1	2.052337607E1	7.996591269E0
1.160000000E1	2.232994882E1	8.767335542E0
1.164000000E1	2.465021352E1	9.833678870E0
1.168000000E1	2.727686299E1	1.117775542E1
1.172000000E1	3.011246334E1	1.272395228E1
1.176000000E1	3.293990773E1	1.436905839E1
1.180000000E1	3.550029773E1	1.586872499E1
1.184000000E1	3.761026640E1	1.698814138E1
1.188000000E1	3.934227336E1	1.769281299E1
1.192000000E1	4.100310243E1	1.818161659E1
1.196000000E1	4.310628263E1	1.879905061E1
1.200000000E1	4.566055143E1	1.966803867E1
1.204000000E1	4.818455379E1	2.066313765E1
1.208000000E1	5.026075543E1	2.155377722E1
1.212000000E1	5.163295581E1	2.195478128E1
1.216000000E1	5.246414331E1	2.226906772E1
1.220000000E1	5.300793889E1	2.284897080E1
1.224000000E1	5.308776153E1	2.320231983E1
1.228000000E1	5.272804330E1	2.326952573E1
1.232000000E1	5.204567006E1	2.317024534E1
1.236000000E1	5.100834576E1	2.273268599E1
1.240000000E1	4.957924945E1	2.206733127E1
1.244000000E1	4.769194062E1	2.107281412E1
1.248000000E1	4.531554734E1	1.976084650E1
1.252000000E1	4.262177124E1	1.836850701E1
1.256000000E1	3.957799396E1	1.689265587E1
1.260000000E1	3.630987259E1	1.537158345E1
1.264000000E1	3.283476969E1	1.384256063E1
1.268000000E1	2.940563655E1	1.240994447E1
1.272000000E1	2.619751043E1	1.101312870E1
1.276000000E1	2.339489767E1	9.786432922E0
1.280000000E1	2.126226530E1	8.750917488E0
1.284000000E1	1.971871144E1	7.977677364E0
1.288000000E1	1.871955978E1	7.376444432E0
1.292000000E1	1.808392101E1	7.040348314E0
1.296000000E1	1.785081320E1	6.839392604E0
1.300000000E1	1.795609117E1	6.832772816E0
1.304000000E1	1.822658741E1	6.880651843E0
1.308000000E1	1.844197222E1	7.009907218E0
1.312000000E1	1.855541476E1	7.066383965E0
1.316000000E1	1.856490578E1	7.140640176E0
1.320000000E1	1.870682475E1	7.233722480E0
1.324000000E1	1.907883073E1	7.457902975E0
1.328000000E1	1.994354801E1	7.775968708E0
1.332000000E1	2.133020556E1	8.367395977E0
1.336000000E1	2.320118746E1	9.212373762E0
1.340000000E1	2.548068135E1	1.030095495E1
1.344000000E1	2.799588259E1	1.153917489E1
1.348000000E1	3.058584455E1	1.287464553E1
1.352000000E1	3.309878264E1	1.422865608E1
1.356000000E1	3.540355477E1	1.544216410E1
1.360000000E1	3.736154560E1	1.642726119E1
1.364000000E1	3.896842580E1	1.712107848E1
1.368000000E1	4.027857711E1	1.762043365E1
1.372000000E1	4.146703037E1	1.799321858E1
1.376000000E1	4.283643023E1	1.841703256E1
1.380000000E1	4.478310896E1	1.902820907E1
1.384000000E1	4.739504123E1	2.026197022E1
1.388000000E1	4.973910020E1	2.162119503E1
1.392000000E1	5.117939741E1	2.219632975E1
1.396000000E1	5.191827728E1	2.245171805E1
1.400000000E1	5.248393305E1	2.314523930E1
1.404000000E1	5.261965135E1	2.364649468E1
1.408000000E1	5.225120216E1	2.365731806E1
1.412000000E1	5.150355210E1	2.341415810E1
1.416000000E1	5.045476431E1	2.287118186E1
1.420000000E1	4.904740315E1	2.205117592E1
1.424000000E1	4.718721369E1	2.091839741E1
1.428000000E1	4.495909311E1	1.959326014E1
1.432000000E1	4.229976783E1	1.797657578E1
1.436000000E1	3.931327532E1	1.629092297E1
1.440000000E1	3.594294547E1	1.456679136E1
1.444000000E1	3.251278324E1	1.300132152E1
1.448000000E1	2.898988455E1	1.155712217E1
1.452000000E1	2.561222035E1	1.032456344E1
1.456000000E1	2.260780748E1	9.309456167E0
1.460000000E1	2.014106298E1	8.525391303E0
1.464000000E1	1.837416877E1	7.942785137E0
1.468000000E1	1.737465415E1	7.413819902E0
1.472000000E1	1.695203477E1	7.125100854E0
1.476000000E1	1.690751725E1	6.786062194E0
1.480000000E1	1.698332048E1	6.608301555E0
1.484000000E1	1.704201489E1	6.602806298E0
1.488000000E1	1.707086659E1	6.595532844E0
1.492000000E1	1.710002509E1	6.710191530E0
1.496000000E1	1.722275208E1	6.837283099E0
1.500000000E1	1.753741283E1	6.998841773E0
1.504000000E1	1.829422059E1	7.242498058E0
1.508000000E1	1.964151695E1	7.627077376E0
1.512000000E1	2.155403998E1	8.305185398E0
1.516000000E1	2.398726722E1	9.327685288E0
1.520000000E1	2.677792938E1	1.059154262E1
1.524000000E1	2.969478235E1	1.207068150E1
1.528000000E1	3.259777858E1	1.362549578E1
1.532000000E1	3.531644936E1	1.510353289E1
1.536000000E1	3.763803738E1	1.630888815E1
1.540000000E1	3.953561992E1	1.713082491E1
1.544000000E1	4.109720424E1	1.754808770E1
1.548000000E1	4.280366648E1	1.790170765E1
1.552000000E1	4.526148320E1	1.871375175E1
1.556000000E1	4.814983624E1	1.991988942E1
1.560000000E1	5.069351917E1	2.125002920E1
1.564000000E1	5.243935212E1	2.205234124E1
1.568000000E1	5.329785209E1	2.211336826E1
1.572000000E1	5.379205387E1	2.247878387E1
1.576000000E1	5.384002552E1	2.283837820E1
1.580000000E1	5.341247606E1	2.291917207E1
1.584000000E1	5.260952720E1	2.267890586E1
1.588000000E1	5.153256713E1	2.214121821E1
1.592000000E1	5.017151829E1	2.148032779E1
1.596000000E1	4.843924171E1	2.049970715E1
1.600000000E1	4.644155884E1	1.938660547E1
1.604000000E1	4.421049061E1	1.819620702E1
1.608000000E1	4.163352818E1	1.685054355E1
1.612000000E1	3.882611426E1	1.551668013E1
1.616000000E1	3.575692716E1	1.409101667E1
1.620000000E1	3.261538036E1	1.270531072E1
1.624000000E1	2.949948983E1	1.146028508E1
1.628000000E1	2.660104317E1	1.045257019E1
1.632000000E1	2.400587033E1	9.517750871E0
1.636000000E1	2.176203795E1	8.763414958E0
1.640000000E1	1.995258594E1	8.124891613E0
1.644000000E1	1.857964560E1	7.551821609E0
1.648000000E1	1.767901252E1	7.176302865E0
1.652000000E1	1.722985830E1	6.896176765E0
1.656000000E1	1.715426882E1	6.841287362E0
1.660000000E1	1.727946868E1	6.816467283E0
1.664000000E1	1.748299079E1	6.818592868E0
1.668000000E1	1.765851636E1	6.846203972E0
1.672000000E1	1.773847546E1	6.858022980E0
1.676000000E1	1.774931035E1	6.857639219E0
1.680000000E1	1.769305985E1	6.867566636E0
1.684000000E1	1.768830694E1	6.884707798E0
1.688000000E1	1.779732208E1	6.988618146E0
1.692000000E1	1.828141711E1	7.188994537E0
1.696000000E1	1.924167697E1	7.514598000E0
1.700000000E1	2.078417391E1	8.078702376E0
1.704000000E1	2.287881018E1	8.915894177E0
1.708000000E1	2.532159908E1	1.000492526E1
1.712000000E1	2.800109845E1	1.132479319E1
1.716000000E1	3.071040010E1	1.275145826E1
1.720000000E1	3.332355662E1	1.419980435E1
1.724000000E1	3.563760315E1	1.541107596E1
1.728000000E1	3.760770749E1	1.631199056E1
1.732000000E1	3.935222004E1	1.688324321E1
1.736000000E1	4.130826648E1	1.729453914E1
1.740000000E1	4.398934761E1	1.803254408E1
1.744000000E1	4.725645698E1	1.922442848E1
1.748000000E1	5.009636402E1	2.055596054E1
1.752000000E1	5.225204615E1	2.172405983E1
1.756000000E1	5.350939234E1	2.212719695E1
1.760000000E1	5.418785768E1	2.257090833E1
1.764000000E1	5.448368431E1	2.302771691E1
1.768000000E1	5.421049300E1	2.304247103E1
1.772000000E1	5.356089150E1	2.273344813E1
1.776000000E1	5.271528531E1	2.229700959E1
1.780000000E1	5.156767058E1	2.168441951E1
1.784000000E1	5.011966569E1	2.095442819E1
1.788000000E1	4.837024445E1	2.001341936E1
1.792000000E1	4.632520193E1	1.890810818E1
1.796000000E1	4.400405146E1	1.776141900E1
1.800000000E1	4.135325173E1	1.645701590E1
1.804000000E1	3.848374605E1	1.513336305E1
1.808000000E1	3.543826929E1	1.372675352E1
1.812000000E1	3.235555860E1	1.252006060E1
1.816000000E1	2.950074326E1	1.142488034E1
1.820000000E1	2.697538565E1	1.042728983E1
1.824000000E1	2.479542158E1	9.509073325E0
1.828000000E1	2.293709526E1	8.703759659E0
1.832000000E1	2.145091412E1	8.038181867E0
1.836000000E1	2.026644929E1	7.513193678E0
1.840000000E1	1.948082388E1	7.131245693E0
1.844000000E1	1.908468718E1	6.893050344E0
1.848000000E1	1.900981567E1	6.854788699E0
1.852000000E1	1.917290454E1	6.873739750E0
1.856000000E1	1.935951110E1	6.943589292E0
1.860000000E1	1.948065885E1	6.994547988E0
1.864000000E1	1.952769071E1	7.036871180E0
1.868000000E1	1.962558908E1	7.104351904E0
1.872000000E1	1.990355493E1	7.203632291E0
1.876000000E1	2.043238239E1	7.455464376E0
1.880000000E1	2.141279899E1	7.771238748E0
1.884000000E1	2.279461671E1	8.319318399E0
1.888000000E1	2.458837790E1	9.093339445E0
1.892000000E1	2.673083165E1	1.013177889E1
1.896000000E1	2.904398876E1	1.134785674E1
1.900000000E1	3.151210276E1	1.268328377E1
1.904000000E1	3.395852715E1	1.405161758E1
1.908000000E1	3.627752726E1	1.529697621E1
1.912000000E1	3.848993765E1	1.632573830E1
1.916000000E1	4.079188381E1	1.715529439E1
1.920000000E1	4.345276289E1	1.811010626E1
1.924000000E1	4.646688870E1	1.940996115E1
1.928000000E1	4.921873795E1	2.063122035E1
1.932000000E1	5.125585476E1	2.150363565E1
1.936000000E1	5.253039820E1	2.188722387E1
1.940000000E1	5.325329891E1	2.213778636E1
1.944000000E1	5.359977751E1	2.244638494E1
1.948000000E1	5.353932192E1	2.264786395E1
1.952000000E1	5.307279857E1	2.259435385E1
1.956000000E1	5.226038798E1	2.237380783E1
1.960000000E1	5.110453870E1	2.190431334E1
1.964000000E1	4.950742589E1	2.114952803E1
1.968000000E1	4.738444958E1	2.008860058E1
1.972000000E1	4.487831948E1	1.880034105E1
1.976000000E1	4.202815192E1	1.741939320E1
1.980000000E1	3.886552709E1	1.591915061E1
1.984000000E1	3.537758929E1	1.430163547E1
1.988000000E1	3.191856336E1	1.280780274E1
1.992000000E1	2.862479163E1	1.143693739E1
1.996000000E1	2.579384770E1	1.032183623E1
2.000000000E1	2.350379839E1	9.410538786E0
2.004000000E1	2.174950215E1	8.668272155E0
2.008000000E1	2.042508657E1	8.103025162E0
2.012000000E1	1.951705045E1	7.684419437E0
2.016000000E1	1.891773822E1	7.366795143E0
2.020000000E1	1.867047636E1	7.156417034E0
2.024000000E1	1.871981001E1	7.102402499E0
2.028000000E1	1.889275359E1	7.150441502E0
2.032000000E1	1.906454832E1	7.191242110E0
2.036000000E1	1.918485474E1	7.260669493E0
2.040000000E1	1.919544212E1	7.329177493E0
2.044000000E1	1.921112481E1	7.429353710E0
2.048000000E1	1.946627731E1	7.574846808E0
2.052000000E1	2.011668733E1	7.871697260E0
2.056000000E1	2.137212458E1	8.337980326E0
2.060000000E1	2.324177788E1	9.102135457E0
2.064000000E1	2.564142339E1	1.016171897E1
2.068000000E1	2.841554475E1	1.147240656E1
2.072000000E1	3.133042049E1	1.292959313E1
2.076000000E1	3.419441246E1	1.441006090E1
2.080000000E1	3.684018939E1	1.571300692E1
2.084000000E1	3.901451091E1	1.675484274E1
2.088000000E1	4.073338501E1	1.746232369E1
2.092000000E1	4.232111601E1	1.798816618E1
2.096000000E1	4.422623723E1	1.859489551E1
2.100000000E1	4.660999699E1	1.947294775E1
2.104000000E1	4.928061929E1	2.073609526E1
2.108000000E1	5.146602123E1	2.194122340E1
2.112000000E1	5.293958158E1	2.266333352E1
2.116000000E1	5.381768536E1	2.327254380E1
2.120000000E1	5.425640191E1	2.389205940E1
2.124000000E1	5.412677615E1	2.403914641E1
2.128000000E1	5.360437450E1	2.387977160E1
2.132000000E1	5.286025891E1	2.355806693E1
2.136000000E1	5.185132914E1	2.307618951E1
2.140000000E1	5.054334656E1	2.246506018E1
2.144000000E1	4.890720616E1	2.164700311E1
2.148000000E1	4.691179463E1	2.062109898E1
2.152000000E1	4.457960560E1	1.936679225E1
2.156000000E1	4.194504838E1	1.803763787E1
2.160000000E1	3.897610928E1	1.648292603E1
2.164000000E1	3.576411030E1	1.477482859E1
2.168000000E1	3.249236687E1	1.303005605E1
2.172000000E1	2.933919984E1	1.139135342E1
2.176000000E1	2.650928260E1	9.976055662E0
2.180000000E1	2.395538508E1	8.825389965E0
2.184000000E1	2.188254141E1	8.010628609E0
2.188000000E1	2.023975030E1	7.514225011E0
2.192000000E1	1.911894767E1	7.158433458E0
2.196000000E1	1.845590944E1	6.883715345E0
2.200000000E1	1.817696616E1	6.798958538E0
2.204000000E1	1.824428577E1	6.823243910E0
2.208000000E1	1.853193770E1	6.890586543E0
2.212000000E1	1.878878162E1	6.998682822E0
2.216000000E1	1.896273106E1	7.025912048E0
2.220000000E1	1.917565530E1	7.053339686E0
2.224000000E1	1.959438100E1	7.157680624E0
2.228000000E1	2.038132346E1	7.375030742E0
2.232000000E1	2.162388413E1	7.771200255E0
2.236000000E1	2.341676655E1	8.436637036E0
2.240000000E1	2.569437663E1	9.388325384E0
2.244000000E1	2.822099320E1	1.065940217E1
2.248000000E1	3.095316060E1	1.213665722E1
2.252000000E1	3.375690469E1	1.373448688E1
2.256000000E1	3.634400474E1	1.526371770E1
2.260000000E1	3.867340423E1	1.660053209E1
2.264000000E1	4.087246731E1	1.760935972E1
2.268000000E1	4.323667941E1	1.838345102E1
2.272000000E1	4.603820112E1	1.929647636E1
2.276000000E1	4.909267407E1	2.062289571E1
2.280000000E1	5.163219883E1	2.193378807E1
2.284000000E1	5.314883316E1	2.245723221E1
2.288000000E1	5.400444096E1	2.269736702E1
2.292000000E1	5.441500190E1	2.316904634E1
2.296000000E1	5.426817586E1	2.330576118E1
2.300000000E1	5.367961799E1	2.317918743E1
2.304000000E1	5.275450942E1	2.284216293E1
2.308000000E1	5.146808170E1	2.225831347E1
2.312000000E1	4.971021472E1	2.143787501E1
2.316000000E1	4.763372304E1	2.043456167E1
2.320000000E1	4.523016625E1	1.928019853E1
2.324000000E1	4.248745762E1	1.788119160E1
2.328000000E1	3.939808328E1	1.641929609E1
2.332000000E1	3.611132230E1	1.485918823E1
2.336000000E1	3.280989909E1	1.327949154E1
2.340000000E1	2.961928165E1	1.182537741E1
2.344000000E1	2.679157845E1	1.049505296E1
2.348000000E1	2.455101703E1	9.362526340E0
2.352000000E1	2.275444853E1	8.476917144E0
2.356000000E1	2.148721737E1	7.757344373E0
2.360000000E1	2.061539528E1	7.265637195E0
2.364000000E1	2.012532242E1	6.929911054E0
2.368000000E1	1.984165254E1	6.721191369E0
2.372000000E1	1.981614904E1	6.704502175E0
2.376000000E1	1.996664712E1	6.739902399E0
2.380000000E1	2.008407712E1	6.846363518E0
2.384000000E1	2.011870474E1	6.990588983E0
2.388000000E1	2.020091384E1	7.112224509E0
2.392000000E1	2.038537893E1	7.313990044E0
2.396000000E1	2.082646960E1	7.596120304E0
2.400000000E1	2.168857229E1	7.983932652E0
2.404000000E1	2.297682424E1	8.597721288E0
2.408000000E1	2.476353029E1	9.528760849E0
2.412000000E1	2.697450639E1	1.068762325E1
2.416000000E1	2.934377681E1	1.203378354E1
2.420000000E1	3.185824339E1	1.356871145E1
2.424000000E1	3.433619309E1	1.508102535E1
2.428000000E1	3.666315877E1	1.649938571E1
2.432000000E1	3.869764794E1	1.765089204E1
2.436000000E1	4.029151055E1	1.847302247E1
2.440000000E1	4.158078583E1	1.898186578E1
2.444000000E1	4.301015000E1	1.945121667E1
2.448000000E1	4.510748755E1	2.018669699E1
2.452000000E1	4.791205004E1	2.136068574E1
2.456000000E1	5.050701014E1	2.253451171E1
2.460000000E1	5.235395849E1	2.325299338E1
2.464000000E1	5.352419640E1	2.355476691E1
2.468000000E1	5.435728688E1	2.414231168E1
2.472000000E1	5.468588935E1	2.459784557E1
2.476000000E1	5.442050759E1	2.467216533E1
2.480000000E1	5.369481544E1	2.443368566E1
2.484000000E1	5.263036415E1	2.395567831E1
2.488000000E1	5.114898254E1	2.316469647E1
2.492000000E1	4.921018157E1	2.204102326E1
2.496000000E1	4.688311614E1	2.072940039E1
2.500000000E1	4.412268758E1	1.922082260E1
2.504000000E1	4.102025751E1	1.762271678E1
2.508000000E1	3.771791499E1	1.590779582E1
2.512000000E1	3.426492557E1	1.422078042E1
2.516000000E1	3.087381416E1	1.267313920E1
2.520000000E1	2.756263892E1	1.125697204E1
2.524000000E1	2.488413939E1	1.018095462E1
2.528000000E1	2.272876902E1	9.277284939E0
2.532000000E1	2.121891701E1	8.560758342E0
2.536000000E1	2.025160384E1	7.914573681E0
2.540000000E1	1.968924558E1	7.451330943E0
2.544000000E1	1.948292070E1	7.072546854E0
2.548000000E1	1.952140152E1	6.886641483E0
2.552000000E1	1.965901268E1	6.884844643E0
2.556000000E1	1.980681842E1	6.930275804E0
2.560000000E1	1.988350856E1	7.012462117E0
2.564000000E1	1.990510388E1	7.041183679E0
2.568000000E1	1.993032269E1	7.130038499E0
2.572000000E1	2.010383191E1	7.258712172E0
2.576000000E1	2.067948189E1	7.463077996E0
2.580000000E1	2.171796764E1	7.872152043E0
2.584000000E1	2.326527475E1	8.522628889E0
2.588000000E1	2.523103946E1	9.437639478E0
2.592000000E1	2.748065987E1	1.062038392E1
2.596000000E1	2.994693860E1	1.203326207E1
2.600000000E1	3.248534030E1	1.355171365E1
2.604000000E1	3.494354021E1	1.507904194E1
2.608000000E1	3.727080954E1	1.641868351E1
2.612000000E1	3.946388555E1	1.747367256E1
2.616000000E1	4.164905061E1	1.822886826E1
2.620000000E1	4.405171565E1	1.889374333E1
2.624000000E1	4.678114121E1	1.971462699E1
2.628000000E1	4.953313565E1	2.092359808E1
2.632000000E1	5.173498435E1	2.201840637E1
2.636000000E1	5.313606717E1	2.252509574E1
2.640000000E1	5.384346296E1	2.275480878E1
2.644000000E1	5.423374502E1	2.320618164E1
2.648000000E1	5.422688777E1	2.357836630E1
2.652000000E1	5.376930369E1	2.367923435E1
2.656000000E1	5.290657265E1	2.349779006E1
2.660000000E1	5.172754451E1	2.312783397E1
2.664000000E1	5.012351726E1	2.238109078E1
2.668000000E1	4.807171396E1	2.129077178E1
2.672000000E1	4.564922215E1	1.993938537E1
2.676000000E1	4.290305314E1	1.838655263E1
2.680000000E1	3.976228103E1	1.671277507E1
2.684000000E1	3.637007679E1	1.510514494E1
2.688000000E1	3.288509268E1	1.347974204E1
2.692000000E1	2.941691761E1	1.197534752E1
2.696000000E1	2.629586379E1	1.073003479E1
2.700000000E1	2.354759963E1	9.654450378E0
2.704000000E1	2.131153580E1	8.840209527E0
2.708000000E1	1.968237915E1	8.259275179E0
2.712000000E1	1.860621223E1	7.870629008E0
2.716000000E1	1.798141058E1	7.609824488E0
2.720000000E1	1.775155478E1	7.461222869E0
2.724000000E1	1.780107611E1	7.407183629E0
2.728000000E1	1.817148330E1	7.517041058E0
2.732000000E1	1.885028584E1	7.720463412E0
2.736000000E1	1.988162520E1	8.069041136E0
2.740000000E1	2.127756845E1	8.590814124E0
2.744000000E1	2.304034623E1	9.269631245E0
2.748000000E1	2.515224737E1	1.021809003E1
2.752000000E1	2.753886998E1	1.140314480E1
2.756000000E1	3.012871443E1	1.282276147E1
2.760000000E1	3.271795141E1	1.436791708E1
2.764000000E1	3.523059212E1	1.584638002E1
2.768000000E1	3.749002278E1	1.709640124E1
2.772000000E1	3.940279923E1	1.801784326E1
2.776000000E1	4.110887275E1	1.860600469E1
2.780000000E1	4.305150997E1	1.903806582E1
2.784000000E1	4.571292361E1	1.978954153E1
2.788000000E1	4.871045201E1	2.088883745E1
2.792000000E1	5.122078180E1	2.197066237E1
2.796000000E1	5.292229379E1	2.264542655E1
2.800000000E1	5.391964576E1	2.302059599E1
2.804000000E1	5.451940879E1	2.361624717E1
2.808000000E1	5.457999122E1	2.400904219E1
2.812000000E1	5.412598602E1	2.409028823E1
2.816000000E1	5.325368335E1	2.388539456E1
2.820000000E1	5.208745565E1	2.343045112E1
2.824000000E1	5.054374483E1	2.271450280E1
2.828000000E1	4.867263498E1	2.180857675E1
2.832000000E1	4.646363106E1	2.070669646E1
2.836000000E1	4.396576034E1	1.947222618E1
2.840000000E1	4.126928601E1	1.812458164E1
2.844000000E1	3.834983554E1	1.660525628E1
2.848000000E1	3.546735574E1	1.509176897E1
2.852000000E1	3.260646153E1	1.361018326E1
2.856000000E1	3.000594219E1	1.223316877E1
2.860000000E1	2.769714103E1	1.102339101E1
2.864000000E1	2.578078152E1	1.005569755E1
2.868000000E1	2.416201971E1	9.214782571E0
2.872000000E1	2.287726192E1	8.551017145E0
2.876000000E1	2.190130158E1	7.948169463E0
2.880000000E1	2.111852170E1	7.473524617E0
2.884000000E1	2.053352988E1	7.169722531E0
2.888000000E1	2.010950508E1	7.035756616E0
2.892000000E1	1.987422534E1	7.032473885E0
2.896000000E1	1.982346429E1	7.112250620E0
2.900000000E1	1.993450430E1	7.268435573E0
2.904000000E1	2.018554442E1	7.405757961E0
2.908000000E1	2.060341835E1	7.630500411E0
2.912000000E1	2.125135111E1	7.914865189E0
2.916000000E1	2.224414710E1	8.378756926E0
2.920000000E1	2.363521320E1	9.092325131E0
2.924000000E1	2.535775697E1	1.004266551E1
2.928000000E1	2.726996433E1	1.120504904E1
2.932000000E1	2.927305661E1	1.247016686E1
2.936000000E1	3.134795582E1	1.381745699E1
2.940000000E1	3.337029891E1	1.511449542E1
2.944000000E1	3.533692761E1	1.626518979E1
2.948000000E1	3.725701394E1	1.716482908E1
2.952000000E1	3.927953484E1	1.786371623E1
2.956000000E1	4.157759681E1	1.852476350E1
2.960000000E1	4.435709873E1	1.926869379E1
2.964000000E1	4.751305118E1	2.031286993E1
2.968000000E1	5.056843200E1	2.158114925E1
2.972000000E1	5.291982066E1	2.252103330E1
2.976000000E1	5.436916556E1	2.302718252E1
2.980000000E1	5.531146243E1	2.371753484E1
2.984000000E1	5.576508353E1	2.455213941E1
2.988000000E1	5.560037908E1	2.493503639E1
2.992000000E1	5.490715582E1	2.483585467E1
2.996000000E1	5.384097122E1	2.438734865E1
3.000000000E1	5.245257033E1	2.370841116E1
3.004000000E1	5.059487119E1	2.272519297E1
3.008000000E1	4.830850389E1	2.154574722E1
3.012000000E1	4.566712970E1	2.019092389E1
3.016000000E1	4.275548097E1	1.872471275E1
3.020000000E1	3.962686367E1	1.716805750E1
3.024000000E1	3.638506439E1	1.562770585E1
3.028000000E1	3.307070912E1	1.409643069E1
3.032000000E1	2.994708271E1	1.268691351E1
3.036000000E1	2.700084618E1	1.144279645E1
3.040000000E1	2.429811456E1	1.036885935E1
3.044000000E1	2.189962662E1	9.497125989E0
3.048000000E1	1.979043247E1	8.861902926E0
3.052000000E1	1.793935304E1	8.314216891E0
3.056000000E1	1.643690625E1	7.880044956E0
3.060000000E1	1.527287537E1	7.518510157E0
3.064000000E1	1.448789693E1	7.198422479E0
3.068000000E1	1.408990907E1	6.972419925E0
3.072000000E1	1.406771635E1	6.866813980E0
3.076000000E1	1.424592175E1	6.846185995E0
3.080000000E1	1.454952218E1	6.891960864E0
3.084000000E1	1.484326961E1	6.995475355E0
3.088000000E1	1.516257815E1	7.162450460E0
3.092000000E1	1.560905846E1	7.311902235E0
3.096000000E1	1.635955429E1	7.478055819E0
3.100000000E1	1.755001075E1	7.766841157E0
3.104000000E1	1.927944696E1	8.212566836E0
3.108000000E1	2.156376231E1	8.950258628E0
3.112000000E1	2.420631787E1	9.973462211E0
3.116000000E1	2.705808284E1	1.123439950E1
3.120000000E1	3.002249177E1	1.260540402E1
3.124000000E1	3.284938204E1	1.396650274E1
3.128000000E1	3.537131249E1	1.512516725E1
3.132000000E1	3.761222313E1	1.603882294E1
3.136000000E1	3.973812457E1	1.673325033E1
3.140000000E1	4.200304502E1	1.737924531E1
3.144000000E1	4.488084317E1	1.836946085E1
3.148000000E1	4.815592785E1	1.958152462E1
3.152000000E1	5.115581227E1	2.089955074E1
3.156000000E1	5.337557836E1	2.211397619E1
3.160000000E1	5.485342027E1	2.290988627E1
3.164000000E1	5.580577253E1	2.359621912E1
3.168000000E1	5.619702758E1	2.417003499E1
3.172000000E1	5.603370479E1	2.423333358E1
3.176000000E1	5.531424747E1	2.393314820E1
3.180000000E1	5.415875060E1	2.338407339E1
3.184000000E1	5.259930752E1	2.260189198E1
3.188000000E1	5.054034790E1	2.157319248E1
3.192000000E1	4.807201762E1	2.038409570E1
3.196000000E1	4.520156047E1	1.903404441E1
3.200000000E1	4.198325007E1	1.753293529E1
3.204000000E1	3.854626190E1	1.599170844E1
3.208000000E1	3.500299490E1	1.450129265E1
3.212000000E1	3.146342860E1	1.302363447E1
3.216000000E1	2.806824322E1	1.173130823E1
3.220000000E1	2.500196037E1	1.054825829E1
3.224000000E1	2.215762407E1	9.532758765E0
3.228000000E1	1.967852096E1	8.662714041E0
3.232000000E1	1.754063260E1	7.934023654E0
3.236000000E1	1.581150774E1	7.372063013E0
3.240000000E1	1.450443881E1	6.887898810E0
3.244000000E1	1.364848217E1	6.467029653E0
3.248000000E1	1.311022531E1	6.155158856E0
3.252000000E1	1.287474640E1	5.866559224E0
3.256000000E1	1.290169538E1	5.672194997E0
3.260000000E1	1.317262298E1	5.547552381E0
3.264000000E1	1.347705951E1	5.532588878E0
3.268000000E1	1.374314864E1	5.544059418E0
3.272000000E1	1.393214921E1	5.565481222E0
3.276000000E1	1.404971358E1	5.547627859E0
3.280000000E1	1.407351675E1	5.539551033E0
3.284000000E1	1.403539966E1	5.515593645E0
3.288000000E1	1.395750213E1	5.520546089E0
3.292000000E1	1.390525124E1	5.498164318E0
3.296000000E1	1.385007951E1	5.512566182E0
3.300000000E1	1.381676626E1	5.510699628E0
3.304000000E1	1.383240783E1	5.520667086E0
3.308000000E1	1.384354589E1	5.527534665E0
3.312000000E1	1.388211419E1	5.501757717E0
3.316000000E1	1.390928046E1	5.511416396E0
3.320000000E1	1.391143978E1	5.505541373E0
3.324000000E1	1.391126995E1	5.507550752E0
3.328000000E1	1.391442256E1	5.500004199E0
3.332000000E1	1.391764771E1	5.497804681E0
3.336000000E1	1.392592984E1	5.507756319E0
3.340000000E1	1.393074028E1	5.513771559E0
3.344000000E1	1.393413113E1	5.519211283E0
