axel
t	x	y
0.000000000E0	1.367260936E1	3.624393934E1
4.000000000E-2	1.367822251E1	3.624834707E1
8.000000000E-2	1.367362841E1	3.624665778E1
1.200000000E-1	1.367849944E1	3.622064973E1
1.600000000E-1	1.367626385E1	3.624822304E1
2.000000000E-1	1.367555329E1	3.624687688E1
2.400000000E-1	1.367775415E1	3.622531528E1
2.800000000E-1	1.367664966E1	3.624807900E1
3.200000000E-1	1.367631978E1	3.622796807E1
3.600000000E-1	1.367506830E1	3.623328971E1
4.000000000E-1	1.367288669E1	3.623948636E1
4.400000000E-1	1.367354159E1	3.624028076E1
4.800000000E-1	1.367435285E1	3.625249701E1
5.200000000E-1	1.367343507E1	3.623951195E1
5.600000000E-1	1.367349456E1	3.623801931E1
6.000000000E-1	1.367068691E1	3.626267376E1
6.400000000E-1	1.367146270E1	3.625694365E1
6.800000000E-1	1.367224147E1	3.625286896E1
7.200000000E-1	1.366999855E1	3.622792750E1
7.600000000E-1	1.367125229E1	3.623395724E1
8.000000000E-1	1.367352832E1	3.625862126E1
8.400000000E-1	1.367359574E1	3.625439169E1
8.800000000E-1	1.367360484E1	3.625180636E1
9.200000000E-1	1.367390940E1	3.623188387E1
9.600000000E-1	1.367404144E1	3.623540773E1
1.000000000E0	1.367425273E1	3.623418809E1
1.040000000E0	1.367380142E1	3.623749068E1
1.080000000E0	1.367365487E1	3.623971527E1
1.120000000E0	1.367374669E1	3.624977265E1
1.160000000E0	1.367382190E1	3.624072619E1
1.200000000E0	1.367389889E1	3.624194855E1
1.240000000E0	1.367391587E1	3.624276373E1
1.280000000E0	1.367387062E1	3.624333172E1
1.320000000E0	1.367383225E1	3.624372398E1
1.360000000E0	1.367384016E1	3.624399452E1
1.400000000E0	1.367383212E1	3.624418263E1
1.440000000E0	1.367378343E1	3.624431096E1
1.480000000E0	1.367377046E1	3.624437106E1
1.520000000E0	1.367361866E1	3.624452311E1
1.560000000E0	1.367352895E1	3.624464617E1
1.600000000E0	1.367351213E1	3.624461746E1
1.640000000E0	1.367351141E1	3.624459298E1
1.680000000E0	1.367591902E1	3.625424922E1
1.720000000E0	1.367545902E1	3.624312655E1
1.760000000E0	1.367453781E1	3.624370031E1
1.800000000E0	1.367401301E1	3.624405832E1
1.840000000E0	1.367018434E1	3.624504577E1
1.880000000E0	1.366409797E1	3.624627565E1
1.920000000E0	1.366227949E1	3.624554907E1
1.960000000E0	1.366045934E1	3.624489692E1
2.000000000E0	1.366434937E1	3.624366756E1
2.040000000E0	1.366726390E1	3.624509637E1
2.080000000E0	1.366902173E1	3.625455074E1
2.120000000E0	1.367331785E1	3.624181055E1
2.160000000E0	1.367353745E1	3.624237334E1
2.200000000E0	1.367359744E1	3.624382798E1
2.240000000E0	1.367650906E1	3.626085208E1
2.280000000E0	1.367745657E1	3.623942679E1
2.320000000E0	1.367625477E1	3.624097688E1
2.360000000E0	1.367540052E1	3.624201794E1
2.400000000E0	1.367479559E1	3.624271225E1
2.440000000E0	1.367273826E1	3.624332830E1
2.480000000E0	1.367096492E1	3.624373517E1
2.520000000E0	1.367223014E1	3.624307145E1
2.560000000E0	1.367337662E1	3.624456861E1
2.600000000E0	1.373020263E1	3.627604037E1
2.640000000E0	1.397559942E1	3.651123233E1
2.680000000E0	1.414308263E1	3.664528508E1
2.720000000E0	1.428092589E1	3.686524414E1
2.760000000E0	1.440949896E1	3.717808981E1
2.800000000E0	1.453926726E1	3.745322722E1
2.840000000E0	1.485089088E1	3.770385241E1
2.880000000E0	1.533041531E1	3.789847634E1
2.920000000E0	1.611709795E1	3.813969321E1
2.960000000E0	1.718706676E1	3.838072863E1
3.000000000E0	1.847232825E1	3.854519305E1
3.040000000E0	1.997342187E1	3.862070942E1
3.080000000E0	2.161548760E1	3.855103966E1
3.120000000E0	2.327492890E1	3.837285324E1
3.160000000E0	2.491861826E1	3.812573515E1
3.200000000E0	2.664038331E1	3.806992863E1
3.240000000E0	2.812887044E1	3.815101766E1
3.280000000E0	2.924187836E1	3.821674156E1
3.320000000E0	2.991596086E1	3.831406729E1
3.360000000E0	3.014825952E1	3.845510879E1
3.400000000E0	3.000844878E1	3.860629081E1
3.440000000E0	2.959676154E1	3.869913208E1
3.480000000E0	2.892915615E1	3.877431671E1
3.520000000E0	2.807880055E1	3.888232232E1
3.560000000E0	2.716133667E1	3.896691921E1
3.600000000E0	2.608753225E1	3.907521588E1
3.640000000E0	2.500203416E1	3.917775040E1
3.680000000E0	2.398821814E1	3.926259691E1
3.720000000E0	2.296591427E1	3.937446008E1
3.760000000E0	2.203976296E1	3.936752376E1
3.800000000E0	2.114434175E1	3.930335093E1
3.840000000E0	2.036307745E1	3.909645594E1
3.880000000E0	1.966318934E1	3.891385254E1
3.920000000E0	1.898946943E1	3.852625338E1
3.960000000E0	1.829038278E1	3.807176372E1
4.000000000E0	1.768203205E1	3.758852527E1
4.040000000E0	1.702095177E1	3.702245558E1
4.080000000E0	1.644051139E1	3.653828814E1
4.120000000E0	1.596287898E1	3.620301782E1
4.160000000E0	1.563434342E1	3.608454237E1
4.200000000E0	1.542148205E1	3.610248200E1
4.240000000E0	1.521813710E1	3.614270580E1
4.280000000E0	1.514395551E1	3.627220489E1
4.320000000E0	1.512248564E1	3.636766097E1
4.360000000E0	1.505195724E1	3.636720358E1
4.400000000E0	1.499251320E1	3.635491169E1
4.440000000E0	1.488424225E1	3.623688005E1
4.480000000E0	1.488742482E1	3.623441958E1
4.520000000E0	1.503546203E1	3.638037569E1
4.560000000E0	1.529365647E1	3.652748780E1
4.600000000E0	1.536947025E1	3.674087529E1
4.640000000E0	1.543264711E1	3.704193710E1
4.680000000E0	1.560122641E1	3.729795483E1
4.720000000E0	1.605394771E1	3.753852187E1
4.760000000E0	1.678259864E1	3.776509663E1
4.800000000E0	1.772347578E1	3.794786185E1
4.840000000E0	1.880921409E1	3.809194456E1
4.880000000E0	2.001729138E1	3.819191478E1
4.920000000E0	2.121775070E1	3.826273914E1
4.960000000E0	2.239672245E1	3.828027712E1
5.000000000E0	2.358039074E1	3.822161284E1
5.040000000E0	2.473293430E1	3.804327292E1
5.080000000E0	2.606762431E1	3.800399809E1
5.120000000E0	2.760422699E1	3.813134790E1
5.160000000E0	2.852983108E1	3.831830820E1
5.200000000E0	2.885339253E1	3.862374002E1
5.240000000E0	2.879213852E1	3.907885009E1
5.280000000E0	2.838727998E1	3.926812822E1
5.320000000E0	2.778866440E1	3.919753523E1
5.360000000E0	2.719284522E1	3.908175267E1
5.400000000E0	2.655394033E1	3.909475723E1
5.440000000E0	2.581750917E1	3.920010243E1
5.480000000E0	2.507761838E1	3.927452193E1
5.520000000E0	2.431433908E1	3.932622851E1
5.560000000E0	2.356275917E1	3.937572272E1
5.600000000E0	2.281927360E1	3.937650350E1
5.640000000E0	2.213478905E1	3.940144603E1
5.680000000E0	2.149714022E1	3.939907079E1
5.720000000E0	2.091418397E1	3.937203442E1
5.760000000E0	2.033207508E1	3.921135616E1
5.800000000E0	1.975042313E1	3.908267576E1
5.840000000E0	1.923890186E1	3.886684439E1
5.880000000E0	1.872327650E1	3.860524965E1
5.920000000E0	1.828669255E1	3.829697268E1
5.960000000E0	1.783064844E1	3.797686911E1
6.000000000E0	1.743371043E1	3.760249722E1
6.040000000E0	1.704873360E1	3.730711863E1
6.080000000E0	1.666350564E1	3.699427303E1
6.120000000E0	1.629636554E1	3.685300979E1
6.160000000E0	1.603055860E1	3.681065057E1
6.200000000E0	1.590168024E1	3.682969937E1
6.240000000E0	1.588691272E1	3.686296240E1
6.280000000E0	1.590483849E1	3.698511844E1
6.320000000E0	1.591057698E1	3.711340038E1
6.360000000E0	1.593504167E1	3.727985627E1
6.400000000E0	1.607947525E1	3.740928383E1
6.440000000E0	1.640221729E1	3.755520072E1
6.480000000E0	1.696915125E1	3.777315901E1
6.520000000E0	1.769899734E1	3.800159214E1
6.560000000E0	1.860106202E1	3.821138585E1
6.600000000E0	1.954898993E1	3.834063186E1
6.640000000E0	2.048949092E1	3.848540841E1
6.680000000E0	2.137835071E1	3.853776555E1
6.720000000E0	2.228869802E1	3.847082278E1
6.760000000E0	2.338377507E1	3.822960134E1
6.800000000E0	2.466675121E1	3.828479574E1
6.840000000E0	2.618402565E1	3.855467666E1
6.880000000E0	2.717378631E1	3.863789153E1
6.920000000E0	2.764543875E1	3.885070416E1
6.960000000E0	2.774345797E1	3.919551319E1
7.000000000E0	2.746420346E1	3.933465847E1
7.040000000E0	2.697794625E1	3.936579575E1
7.080000000E0	2.641548609E1	3.938071543E1
7.120000000E0	2.579090520E1	3.944715544E1
7.160000000E0	2.503108716E1	3.953814435E1
7.200000000E0	2.427329366E1	3.958892180E1
7.240000000E0	2.348619176E1	3.966167509E1
7.280000000E0	2.271863254E1	3.969513961E1
7.320000000E0	2.197800897E1	3.969569961E1
7.360000000E0	2.124912480E1	3.955292949E1
7.400000000E0	2.052574338E1	3.939546609E1
7.440000000E0	1.979375264E1	3.916851814E1
7.480000000E0	1.907185622E1	3.893189870E1
7.520000000E0	1.835963704E1	3.855827380E1
7.560000000E0	1.757218264E1	3.796173848E1
7.600000000E0	1.686571020E1	3.733582976E1
7.640000000E0	1.632173726E1	3.682190463E1
7.680000000E0	1.602942639E1	3.651214271E1
7.720000000E0	1.577140951E1	3.629845917E1
7.760000000E0	1.561255941E1	3.639322095E1
7.800000000E0	1.557897913E1	3.652160879E1
7.840000000E0	1.561557564E1	3.652873557E1
7.880000000E0	1.563103635E1	3.653189983E1
7.920000000E0	1.562531322E1	3.653218867E1
7.960000000E0	1.562226797E1	3.653173553E1
8.000000000E0	1.563255061E1	3.654078648E1
8.040000000E0	1.577228210E1	3.658151511E1
8.080000000E0	1.591192527E1	3.678390476E1
8.120000000E0	1.604222118E1	3.696765889E1
8.160000000E0	1.621009548E1	3.727126887E1
8.200000000E0	1.651571433E1	3.753196812E1
8.240000000E0	1.697956266E1	3.776875007E1
8.280000000E0	1.762004446E1	3.799409853E1
8.320000000E0	1.847939695E1	3.822144225E1
8.360000000E0	1.955624374E1	3.846527004E1
8.400000000E0	2.079353093E1	3.867465144E1
8.440000000E0	2.208481205E1	3.873104664E1
8.480000000E0	2.341174413E1	3.871764827E1
8.520000000E0	2.479626673E1	3.853729610E1
8.560000000E0	2.620600318E1	3.841015656E1
8.600000000E0	2.770535040E1	3.859382917E1
8.640000000E0	2.864028469E1	3.882240873E1
8.680000000E0	2.897330263E1	3.909688853E1
8.720000000E0	2.891259963E1	3.953547555E1
8.760000000E0	2.853263329E1	3.975924230E1
8.800000000E0	2.797812777E1	3.970586295E1
8.840000000E0	2.728477896E1	3.963127520E1
8.880000000E0	2.655162595E1	3.966483860E1
8.920000000E0	2.577812715E1	3.975150057E1
8.960000000E0	2.497424832E1	3.979221939E1
9.000000000E0	2.418551284E1	3.980459688E1
9.040000000E0	2.353440951E1	3.973269292E1
9.080000000E0	2.284021688E1	3.965758981E1
9.120000000E0	2.218826248E1	3.951301786E1
9.160000000E0	2.152783909E1	3.937605029E1
9.200000000E0	2.086946176E1	3.925447010E1
9.240000000E0	2.018342322E1	3.907876909E1
9.280000000E0	1.947012015E1	3.878151469E1
9.320000000E0	1.890462845E1	3.835753921E1
9.360000000E0	1.843738901E1	3.801807050E1
9.400000000E0	1.811193090E1	3.768894893E1
9.440000000E0	1.786990615E1	3.746843730E1
9.480000000E0	1.759381406E1	3.740132849E1
9.520000000E0	1.739180902E1	3.728563050E1
9.560000000E0	1.724904587E1	3.723209686E1
9.600000000E0	1.711438684E1	3.725416439E1
9.640000000E0	1.699175906E1	3.728336061E1
9.680000000E0	1.697517349E1	3.734629068E1
9.720000000E0	1.698468810E1	3.743450581E1
9.760000000E0	1.709583365E1	3.748414941E1
9.800000000E0	1.718593199E1	3.759060928E1
9.840000000E0	1.726291979E1	3.774432522E1
9.880000000E0	1.734896102E1	3.796906030E1
9.920000000E0	1.756779523E1	3.815396540E1
9.960000000E0	1.789282246E1	3.834093222E1
1.000000000E1	1.844233021E1	3.852146472E1
1.004000000E1	1.919269710E1	3.867735438E1
1.008000000E1	2.007637028E1	3.877856553E1
1.012000000E1	2.106556931E1	3.885594401E1
1.016000000E1	2.208618162E1	3.882740454E1
1.020000000E1	2.316317600E1	3.870183474E1
1.024000000E1	2.432094352E1	3.849473049E1
1.028000000E1	2.564307330E1	3.847700556E1
1.032000000E1	2.704097208E1	3.859207209E1
1.036000000E1	2.802297197E1	3.866370221E1
1.040000000E1	2.850575798E1	3.889113186E1
1.044000000E1	2.854452914E1	3.924949005E1
1.048000000E1	2.825534131E1	3.948642134E1
1.052000000E1	2.774418888E1	3.952174568E1
1.056000000E1	2.708025523E1	3.952087224E1
1.060000000E1	2.631108955E1	3.953044374E1
1.064000000E1	2.549015398E1	3.954233120E1
1.068000000E1	2.465568029E1	3.954918508E1
1.072000000E1	2.383798956E1	3.954230957E1
1.076000000E1	2.311698691E1	3.953331954E1
1.080000000E1	2.240939672E1	3.950118371E1
1.084000000E1	2.167132644E1	3.937861221E1
1.088000000E1	2.087217319E1	3.919330855E1
1.092000000E1	2.013313518E1	3.894370494E1
1.096000000E1	1.938465850E1	3.861111369E1
1.100000000E1	1.876051857E1	3.818036161E1
1.104000000E1	1.818838742E1	3.772476399E1
1.108000000E1	1.770078488E1	3.742877657E1
1.112000000E1	1.727668826E1	3.712577582E1
1.116000000E1	1.696482669E1	3.690626914E1
1.120000000E1	1.671526604E1	3.684695337E1
1.124000000E1	1.650945781E1	3.685854261E1
1.128000000E1	1.637861251E1	3.689436526E1
1.132000000E1	1.636977329E1	3.693297205E1
1.136000000E1	1.637246347E1	3.696393673E1
1.140000000E1	1.637320550E1	3.697826305E1
1.144000000E1	1.637118785E1	3.698236772E1
1.148000000E1	1.647175878E1	3.699692981E1
1.152000000E1	1.662234997E1	3.707745608E1
1.156000000E1	1.668429951E1	3.717017449E1
1.160000000E1	1.681281108E1	3.742562156E1
1.164000000E1	1.697295994E1	3.767042898E1
1.168000000E1	1.728294257E1	3.792399304E1
1.172000000E1	1.775073107E1	3.810086514E1
1.176000000E1	1.836687990E1	3.830052008E1
1.180000000E1	1.919068170E1	3.849799019E1
1.184000000E1	2.016164612E1	3.866477068E1
1.188000000E1	2.113880302E1	3.877011367E1
1.192000000E1	2.211988015E1	3.879541546E1
1.196000000E1	2.300365075E1	3.875061249E1
1.200000000E1	2.398224215E1	3.863446389E1
1.204000000E1	2.513332748E1	3.858337916E1
1.208000000E1	2.634874422E1	3.856648168E1
1.212000000E1	2.737841669E1	3.859659044E1
1.216000000E1	2.803390198E1	3.865001364E1
1.220000000E1	2.832987553E1	3.889137840E1
1.224000000E1	2.830397452E1	3.907010281E1
1.228000000E1	2.795470438E1	3.917432143E1
1.232000000E1	2.744957632E1	3.922581781E1
1.236000000E1	2.681976462E1	3.923598465E1
1.240000000E1	2.601757558E1	3.926396951E1
1.244000000E1	2.510214547E1	3.932168918E1
1.248000000E1	2.426679340E1	3.935728275E1
1.252000000E1	2.344090978E1	3.935348626E1
1.256000000E1	2.260629087E1	3.924415915E1
1.260000000E1	2.176300941E1	3.917305428E1
1.264000000E1	2.089408547E1	3.905767531E1
1.268000000E1	2.007869724E1	3.889542701E1
1.272000000E1	1.933273137E1	3.875138037E1
1.276000000E1	1.860004440E1	3.847100367E1
1.280000000E1	1.789744348E1	3.813936775E1
1.284000000E1	1.728154689E1	3.770738513E1
1.288000000E1	1.685617809E1	3.736430586E1
1.292000000E1	1.666385449E1	3.712744520E1
1.296000000E1	1.655332262E1	3.700736675E1
1.300000000E1	1.637836241E1	3.699052585E1
1.304000000E1	1.625450333E1	3.703133153E1
1.308000000E1	1.626819669E1	3.707669401E1
1.312000000E1	1.633645285E1	3.713468423E1
1.316000000E1	1.637815808E1	3.714105295E1
1.320000000E1	1.641188707E1	3.714429607E1
1.324000000E1	1.644514069E1	3.716585886E1
1.328000000E1	1.648773456E1	3.729804765E1
1.332000000E1	1.651358381E1	3.743961635E1
1.336000000E1	1.653623147E1	3.761434784E1
1.340000000E1	1.670297409E1	3.780382780E1
1.344000000E1	1.701342044E1	3.792580325E1
1.348000000E1	1.749306528E1	3.811761686E1
1.352000000E1	1.801724148E1	3.827179884E1
1.356000000E1	1.862963748E1	3.843791913E1
1.360000000E1	1.927446998E1	3.853875868E1
1.364000000E1	1.993424642E1	3.860980754E1
1.368000000E1	2.064322004E1	3.865952301E1
1.372000000E1	2.136036416E1	3.866798843E1
1.376000000E1	2.203477808E1	3.863099031E1
1.380000000E1	2.287812841E1	3.846959584E1
1.384000000E1	2.395273583E1	3.835637402E1
1.388000000E1	2.522809895E1	3.839516548E1
1.392000000E1	2.628694812E1	3.850244530E1
1.396000000E1	2.689596005E1	3.865212939E1
1.400000000E1	2.718891783E1	3.887307587E1
1.404000000E1	2.718524630E1	3.907523054E1
1.408000000E1	2.686616990E1	3.911403552E1
1.412000000E1	2.633651073E1	3.910245265E1
1.416000000E1	2.573592319E1	3.911028984E1
1.420000000E1	2.499915613E1	3.912255056E1
1.424000000E1	2.425073276E1	3.910618559E1
1.428000000E1	2.354073379E1	3.909497638E1
1.432000000E1	2.283304923E1	3.907705172E1
1.436000000E1	2.215157985E1	3.901574989E1
1.440000000E1	2.152318444E1	3.894544078E1
1.444000000E1	2.080721346E1	3.878254034E1
1.448000000E1	2.014076135E1	3.875020063E1
1.452000000E1	1.965266243E1	3.859715501E1
1.456000000E1	1.925293234E1	3.830311710E1
1.460000000E1	1.895127184E1	3.798932373E1
1.464000000E1	1.858644978E1	3.761070819E1
1.468000000E1	1.808271603E1	3.720629085E1
1.472000000E1	1.740880913E1	3.691148982E1
1.476000000E1	1.670830999E1	3.666924350E1
1.480000000E1	1.624085187E1	3.653235384E1
1.484000000E1	1.607371140E1	3.652046667E1
1.488000000E1	1.594188121E1	3.653912640E1
1.492000000E1	1.589458991E1	3.656748540E1
1.496000000E1	1.590161890E1	3.665442895E1
1.500000000E1	1.593701992E1	3.675888045E1
1.504000000E1	1.605522460E1	3.683161409E1
1.508000000E1	1.615410445E1	3.696972374E1
1.512000000E1	1.623466797E1	3.712321197E1
1.516000000E1	1.642003932E1	3.737390187E1
1.520000000E1	1.678591617E1	3.759951227E1
1.524000000E1	1.730708552E1	3.780474381E1
1.528000000E1	1.800040646E1	3.802822473E1
1.532000000E1	1.880653504E1	3.820321271E1
1.536000000E1	1.967787546E1	3.840483256E1
1.540000000E1	2.069404115E1	3.850422075E1
1.544000000E1	2.174663475E1	3.855004556E1
1.548000000E1	2.279606665E1	3.848391243E1
1.552000000E1	2.385463321E1	3.833850071E1
1.556000000E1	2.502481450E1	3.825438067E1
1.560000000E1	2.632957237E1	3.830697360E1
1.564000000E1	2.754708813E1	3.839332376E1
1.568000000E1	2.829595967E1	3.841574850E1
1.572000000E1	2.863611393E1	3.858077244E1
1.576000000E1	2.858467565E1	3.877253138E1
1.580000000E1	2.823090095E1	3.882251905E1
1.584000000E1	2.763386898E1	3.879241055E1
1.588000000E1	2.699531583E1	3.878032325E1
1.592000000E1	2.623198454E1	3.877771918E1
1.596000000E1	2.543711186E1	3.877274299E1
1.600000000E1	2.465424838E1	3.876010219E1
1.604000000E1	2.390545119E1	3.866240615E1
1.608000000E1	2.318591985E1	3.859523493E1
1.612000000E1	2.252157352E1	3.851641294E1
1.616000000E1	2.186552935E1	3.843241821E1
1.620000000E1	2.127950712E1	3.835525588E1
1.624000000E1	2.069332447E1	3.819520849E1
1.628000000E1	2.004619375E1	3.798917462E1
1.632000000E1	1.936278934E1	3.763628130E1
1.636000000E1	1.876790232E1	3.728391062E1
1.640000000E1	1.818045898E1	3.692861583E1
1.644000000E1	1.763461584E1	3.657482213E1
1.648000000E1	1.722573002E1	3.626908106E1
1.652000000E1	1.688041576E1	3.606063546E1
1.656000000E1	1.659928600E1	3.605305959E1
1.660000000E1	1.645195199E1	3.609030569E1
1.664000000E1	1.639664044E1	3.609808190E1
1.668000000E1	1.644610964E1	3.610696017E1
1.672000000E1	1.649114005E1	3.610331496E1
1.676000000E1	1.647242495E1	3.610215098E1
1.680000000E1	1.645941523E1	3.609419203E1
1.684000000E1	1.648076772E1	3.609529122E1
1.688000000E1	1.648982874E1	3.611392473E1
1.692000000E1	1.654494052E1	3.624089167E1
1.696000000E1	1.666912433E1	3.636046422E1
1.700000000E1	1.680364464E1	3.662896106E1
1.704000000E1	1.696614107E1	3.685092071E1
1.708000000E1	1.724670210E1	3.704866309E1
1.712000000E1	1.762573219E1	3.727537899E1
1.716000000E1	1.812292174E1	3.748231919E1
1.720000000E1	1.874349728E1	3.768349324E1
1.724000000E1	1.949625635E1	3.785720830E1
1.728000000E1	2.043061061E1	3.802644586E1
1.732000000E1	2.146207490E1	3.813494407E1
1.736000000E1	2.260770213E1	3.815160922E1
1.740000000E1	2.378218154E1	3.803362169E1
1.744000000E1	2.506190865E1	3.793880255E1
1.748000000E1	2.649067181E1	3.800707372E1
1.752000000E1	2.785927882E1	3.819659683E1
1.756000000E1	2.887320197E1	3.835357917E1
1.760000000E1	2.934471835E1	3.856601885E1
1.764000000E1	2.949619625E1	3.876233471E1
1.768000000E1	2.928734724E1	3.884030820E1
1.772000000E1	2.880091453E1	3.876941855E1
1.776000000E1	2.820789697E1	3.873834389E1
1.780000000E1	2.751551997E1	3.875321574E1
1.784000000E1	2.674914355E1	3.877225540E1
1.788000000E1	2.601809205E1	3.881345929E1
1.792000000E1	2.525788730E1	3.878688860E1
1.796000000E1	2.451473906E1	3.876617063E1
1.800000000E1	2.383997382E1	3.871414917E1
1.804000000E1	2.324338006E1	3.866598455E1
1.808000000E1	2.258195055E1	3.854313252E1
1.812000000E1	2.186721818E1	3.841077228E1
1.816000000E1	2.106885315E1	3.822505756E1
1.820000000E1	2.024336120E1	3.795350127E1
1.824000000E1	1.960124344E1	3.758790434E1
1.828000000E1	1.903252829E1	3.726923813E1
1.832000000E1	1.858925094E1	3.692312338E1
1.836000000E1	1.830709395E1	3.665726766E1
1.840000000E1	1.811110042E1	3.637594974E1
1.844000000E1	1.788220078E1	3.615573235E1
1.848000000E1	1.767248377E1	3.611210071E1
1.852000000E1	1.748007752E1	3.613458210E1
1.856000000E1	1.742349757E1	3.618288100E1
1.860000000E1	1.745990299E1	3.624832781E1
1.864000000E1	1.752068073E1	3.626797970E1
1.868000000E1	1.757681890E1	3.626842211E1
1.872000000E1	1.761506067E1	3.628807818E1
1.876000000E1	1.766256377E1	3.636252480E1
1.880000000E1	1.771018914E1	3.653707612E1
1.884000000E1	1.771791286E1	3.669060111E1
1.888000000E1	1.774722883E1	3.690791493E1
1.892000000E1	1.792802765E1	3.710870380E1
1.896000000E1	1.818765008E1	3.728453754E1
1.900000000E1	1.863401553E1	3.750124846E1
1.904000000E1	1.925048970E1	3.773122697E1
1.908000000E1	2.001768526E1	3.793751474E1
1.912000000E1	2.092018150E1	3.806635800E1
1.916000000E1	2.198014292E1	3.813905875E1
1.920000000E1	2.308186265E1	3.817143672E1
1.924000000E1	2.430039419E1	3.818389335E1
1.928000000E1	2.567911183E1	3.822665766E1
1.932000000E1	2.702387929E1	3.831024541E1
1.936000000E1	2.806472374E1	3.837737577E1
1.940000000E1	2.868198748E1	3.844892058E1
1.944000000E1	2.894913755E1	3.859146426E1
1.948000000E1	2.888898351E1	3.871613501E1
1.952000000E1	2.861608455E1	3.878783699E1
1.956000000E1	2.805210095E1	3.885527835E1
1.960000000E1	2.740723461E1	3.892308916E1
1.964000000E1	2.659919317E1	3.894585772E1
1.968000000E1	2.572755302E1	3.895707627E1
1.972000000E1	2.479187388E1	3.894550632E1
1.976000000E1	2.388576519E1	3.887744659E1
1.980000000E1	2.305973508E1	3.877764125E1
1.984000000E1	2.227953049E1	3.864720965E1
1.988000000E1	2.136395593E1	3.850461093E1
1.992000000E1	2.045886646E1	3.821724105E1
1.996000000E1	1.948036493E1	3.787011617E1
2.000000000E1	1.870181904E1	3.747276604E1
2.004000000E1	1.805501153E1	3.713445182E1
2.008000000E1	1.757600237E1	3.681960556E1
2.012000000E1	1.722561273E1	3.655796834E1
2.016000000E1	1.704428762E1	3.636453554E1
2.020000000E1	1.697255193E1	3.622581876E1
2.024000000E1	1.686197906E1	3.620940862E1
2.028000000E1	1.681152098E1	3.623512778E1
2.032000000E1	1.677872069E1	3.625227027E1
2.036000000E1	1.680397394E1	3.626721897E1
2.040000000E1	1.683049635E1	3.629886454E1
2.044000000E1	1.688915825E1	3.633200392E1
2.048000000E1	1.695725969E1	3.640004664E1
2.052000000E1	1.699138780E1	3.651843907E1
2.056000000E1	1.707637795E1	3.665856732E1
2.060000000E1	1.712437742E1	3.684982830E1
2.064000000E1	1.727183686E1	3.713089515E1
2.068000000E1	1.762870914E1	3.730732484E1
2.072000000E1	1.816307672E1	3.756326013E1
2.076000000E1	1.883415246E1	3.776264206E1
2.080000000E1	1.963643098E1	3.793843796E1
2.084000000E1	2.048807429E1	3.808798549E1
2.088000000E1	2.131817762E1	3.820033643E1
2.092000000E1	2.214759778E1	3.822195406E1
2.096000000E1	2.306978585E1	3.820065369E1
2.100000000E1	2.405492291E1	3.814138234E1
2.104000000E1	2.531423138E1	3.803420286E1
2.108000000E1	2.672375483E1	3.814654850E1
2.112000000E1	2.790127008E1	3.839926088E1
2.116000000E1	2.860786779E1	3.865236045E1
2.120000000E1	2.890174974E1	3.892910298E1
2.124000000E1	2.876000674E1	3.903532558E1
2.128000000E1	2.838621287E1	3.897436591E1
2.132000000E1	2.779417755E1	3.890020160E1
2.136000000E1	2.717416629E1	3.880545346E1
2.140000000E1	2.642741193E1	3.878802204E1
2.144000000E1	2.563013843E1	3.880373173E1
2.148000000E1	2.483319129E1	3.880015440E1
2.152000000E1	2.405279497E1	3.878235719E1
2.156000000E1	2.329024550E1	3.873398516E1
2.160000000E1	2.250604650E1	3.871052870E1
2.164000000E1	2.168148978E1	3.858796457E1
2.168000000E1	2.079007680E1	3.839943236E1
2.172000000E1	1.999814309E1	3.799972468E1
2.176000000E1	1.935137284E1	3.752985842E1
2.180000000E1	1.885069242E1	3.708159129E1
2.184000000E1	1.846925396E1	3.667405539E1
2.188000000E1	1.816129513E1	3.633847141E1
2.192000000E1	1.784744625E1	3.609467455E1
2.196000000E1	1.757023371E1	3.592050531E1
2.200000000E1	1.739754741E1	3.584553993E1
2.204000000E1	1.722802224E1	3.584068079E1
2.208000000E1	1.711208528E1	3.590149403E1
2.212000000E1	1.713000184E1	3.596383410E1
2.216000000E1	1.724166844E1	3.596471018E1
2.220000000E1	1.728168254E1	3.596500991E1
2.224000000E1	1.738090949E1	3.598997259E1
2.228000000E1	1.742370979E1	3.609485694E1
2.232000000E1	1.745629366E1	3.620784453E1
2.236000000E1	1.747560023E1	3.647263613E1
2.240000000E1	1.758679249E1	3.668420631E1
2.244000000E1	1.779204643E1	3.690629101E1
2.248000000E1	1.815809707E1	3.716760992E1
2.252000000E1	1.867899139E1	3.743328874E1
2.256000000E1	1.933928934E1	3.770178648E1
2.260000000E1	2.018974053E1	3.792268822E1
2.264000000E1	2.117371793E1	3.807410842E1
2.268000000E1	2.236087627E1	3.809171949E1
2.272000000E1	2.373840065E1	3.795534743E1
2.276000000E1	2.531995482E1	3.789933330E1
2.280000000E1	2.696979534E1	3.812123322E1
2.284000000E1	2.838586830E1	3.839444565E1
2.288000000E1	2.919043834E1	3.850815892E1
2.292000000E1	2.952365706E1	3.869113215E1
2.296000000E1	2.937262249E1	3.878587469E1
2.300000000E1	2.891983069E1	3.877296901E1
2.304000000E1	2.830395674E1	3.875707077E1
2.308000000E1	2.757727747E1	3.876769387E1
2.312000000E1	2.667514432E1	3.878631215E1
2.316000000E1	2.573171076E1	3.879606240E1
2.320000000E1	2.479192802E1	3.876769860E1
2.324000000E1	2.390224774E1	3.869172364E1
2.328000000E1	2.297557719E1	3.849543964E1
2.332000000E1	2.203982080E1	3.833590597E1
2.336000000E1	2.113181853E1	3.809550556E1
2.340000000E1	2.024023904E1	3.773883435E1
2.344000000E1	1.928231925E1	3.734965251E1
2.348000000E1	1.835833996E1	3.686945104E1
2.352000000E1	1.765037579E1	3.646441651E1
2.356000000E1	1.721816816E1	3.610459375E1
2.360000000E1	1.701941791E1	3.578789572E1
2.364000000E1	1.697324690E1	3.554271889E1
2.368000000E1	1.696021491E1	3.543602455E1
2.372000000E1	1.688906334E1	3.546098964E1
2.376000000E1	1.678669282E1	3.549688870E1
2.380000000E1	1.667970410E1	3.551240486E1
2.384000000E1	1.664761271E1	3.556987422E1
2.388000000E1	1.664306423E1	3.566736562E1
2.392000000E1	1.667742579E1	3.574880930E1
2.396000000E1	1.672433165E1	3.583761110E1
2.400000000E1	1.679692700E1	3.599854927E1
2.404000000E1	1.681971594E1	3.622749529E1
2.408000000E1	1.686479370E1	3.646596103E1
2.412000000E1	1.707081004E1	3.669803458E1
2.416000000E1	1.740625555E1	3.695040764E1
2.420000000E1	1.786174585E1	3.725724440E1
2.424000000E1	1.844201336E1	3.754221340E1
2.428000000E1	1.909960552E1	3.782042219E1
2.432000000E1	1.985667290E1	3.806555430E1
2.436000000E1	2.064916749E1	3.827669141E1
2.440000000E1	2.152712359E1	3.837658932E1
2.444000000E1	2.241321966E1	3.844395427E1
2.448000000E1	2.343786343E1	3.850562293E1
2.452000000E1	2.461967207E1	3.850684238E1
2.456000000E1	2.605951448E1	3.852526421E1
2.460000000E1	2.741480390E1	3.857638175E1
2.464000000E1	2.851173971E1	3.869173060E1
2.468000000E1	2.915723275E1	3.883582793E1
2.472000000E1	2.929804317E1	3.902359604E1
2.476000000E1	2.908963403E1	3.912508419E1
2.480000000E1	2.861550455E1	3.912090741E1
2.484000000E1	2.796695884E1	3.910278015E1
2.488000000E1	2.714652343E1	3.907060194E1
2.492000000E1	2.624442426E1	3.904524865E1
2.496000000E1	2.533375960E1	3.898526561E1
2.500000000E1	2.438823011E1	3.889525697E1
2.504000000E1	2.354592026E1	3.878917132E1
2.508000000E1	2.270310830E1	3.861551591E1
2.512000000E1	2.193752236E1	3.836876153E1
2.516000000E1	2.110189279E1	3.807118864E1
2.520000000E1	2.039217388E1	3.768746431E1
2.524000000E1	1.958230882E1	3.728715913E1
2.528000000E1	1.875467880E1	3.680620194E1
2.532000000E1	1.798067430E1	3.643564511E1
2.536000000E1	1.725749934E1	3.607707944E1
2.540000000E1	1.682843163E1	3.573060377E1
2.544000000E1	1.661503219E1	3.549250910E1
2.548000000E1	1.650538667E1	3.536609061E1
2.552000000E1	1.648960422E1	3.536176641E1
2.556000000E1	1.647120865E1	3.543845038E1
2.560000000E1	1.648981774E1	3.548730379E1
2.564000000E1	1.650020291E1	3.550225252E1
2.568000000E1	1.647321589E1	3.552599380E1
2.572000000E1	1.645763724E1	3.559129578E1
2.576000000E1	1.647965653E1	3.568194128E1
2.580000000E1	1.651387374E1	3.580057040E1
2.584000000E1	1.656811334E1	3.601897671E1
2.588000000E1	1.676400377E1	3.623964590E1
2.592000000E1	1.712373313E1	3.649388729E1
2.596000000E1	1.760520962E1	3.683417713E1
2.600000000E1	1.833373931E1	3.710901141E1
2.604000000E1	1.921140447E1	3.741395133E1
2.608000000E1	2.025182959E1	3.770103232E1
2.612000000E1	2.142667147E1	3.796187665E1
2.616000000E1	2.270302096E1	3.807099321E1
2.620000000E1	2.392786828E1	3.808229095E1
2.624000000E1	2.507548832E1	3.803284672E1
2.628000000E1	2.636289009E1	3.806891151E1
2.632000000E1	2.773759041E1	3.824204648E1
2.636000000E1	2.880161737E1	3.831206558E1
2.640000000E1	2.945809293E1	3.835088960E1
2.644000000E1	2.969163381E1	3.849347816E1
2.648000000E1	2.955668236E1	3.871432685E1
2.652000000E1	2.912909506E1	3.886113064E1
2.656000000E1	2.851322146E1	3.893347781E1
2.660000000E1	2.775629937E1	3.895399415E1
2.664000000E1	2.686785128E1	3.895780815E1
2.668000000E1	2.593540846E1	3.894130193E1
2.672000000E1	2.496025145E1	3.891016418E1
2.676000000E1	2.406748785E1	3.878639851E1
2.680000000E1	2.319397991E1	3.860639527E1
2.684000000E1	2.238701198E1	3.835162103E1
2.688000000E1	2.150342156E1	3.803484304E1
2.692000000E1	2.054682942E1	3.758598586E1
2.696000000E1	1.961714856E1	3.713212299E1
2.700000000E1	1.872021545E1	3.673809388E1
2.704000000E1	1.802383435E1	3.633806277E1
2.708000000E1	1.742949332E1	3.608524296E1
2.712000000E1	1.699337700E1	3.582158817E1
2.716000000E1	1.674609334E1	3.567912604E1
2.720000000E1	1.666137129E1	3.554305158E1
2.724000000E1	1.663727340E1	3.550653668E1
2.728000000E1	1.665436767E1	3.551296450E1
2.732000000E1	1.668593016E1	3.562808259E1
2.736000000E1	1.675488233E1	3.578774170E1
2.740000000E1	1.682857919E1	3.605395418E1
2.744000000E1	1.695817297E1	3.625374351E1
2.748000000E1	1.712948806E1	3.641765028E1
2.752000000E1	1.740044602E1	3.668363710E1
2.756000000E1	1.776849442E1	3.692482192E1
2.760000000E1	1.828885938E1	3.724917437E1
2.764000000E1	1.896517022E1	3.754848733E1
2.768000000E1	1.973688832E1	3.781818819E1
2.772000000E1	2.061929148E1	3.802923065E1
2.776000000E1	2.162651504E1	3.816541582E1
2.780000000E1	2.276583471E1	3.815844805E1
2.784000000E1	2.402215310E1	3.804333358E1
2.788000000E1	2.547141903E1	3.800369404E1
2.792000000E1	2.700492939E1	3.806476550E1
2.796000000E1	2.824970360E1	3.814517967E1
2.800000000E1	2.906652575E1	3.827739336E1
2.804000000E1	2.949231033E1	3.850770372E1
2.808000000E1	2.942375674E1	3.873569866E1
2.812000000E1	2.906284418E1	3.879157811E1
2.816000000E1	2.847354721E1	3.880902138E1
2.820000000E1	2.773519496E1	3.878718899E1
2.824000000E1	2.687581134E1	3.878035118E1
2.828000000E1	2.592651503E1	3.877061812E1
2.832000000E1	2.498652832E1	3.877380769E1
2.836000000E1	2.403554219E1	3.873032535E1
2.840000000E1	2.318799428E1	3.865910128E1
2.844000000E1	2.240592364E1	3.848136553E1
2.848000000E1	2.156497797E1	3.830839339E1
2.852000000E1	2.083654974E1	3.800126865E1
2.856000000E1	2.020271852E1	3.766450847E1
2.860000000E1	1.958609523E1	3.736920293E1
2.864000000E1	1.898882876E1	3.704497621E1
2.868000000E1	1.852284269E1	3.677754356E1
2.872000000E1	1.820556622E1	3.652384989E1
2.876000000E1	1.799093337E1	3.625812405E1
2.880000000E1	1.785555805E1	3.599320663E1
2.884000000E1	1.764964468E1	3.585595138E1
2.888000000E1	1.743022102E1	3.576532799E1
2.892000000E1	1.724133932E1	3.579098229E1
2.896000000E1	1.702856037E1	3.581870043E1
2.900000000E1	1.687852785E1	3.586391529E1
2.904000000E1	1.682842214E1	3.593617370E1
2.908000000E1	1.691826518E1	3.605842523E1
2.912000000E1	1.707707637E1	3.613163503E1
2.916000000E1	1.723686831E1	3.628957663E1
2.920000000E1	1.733497245E1	3.651633417E1
2.924000000E1	1.750606492E1	3.681937878E1
2.928000000E1	1.775078727E1	3.707481643E1
2.932000000E1	1.809057987E1	3.739230328E1
2.936000000E1	1.852234531E1	3.768287456E1
2.940000000E1	1.910527903E1	3.790651268E1
2.944000000E1	1.982754265E1	3.812882661E1
2.948000000E1	2.069287396E1	3.827737018E1
2.952000000E1	2.169362638E1	3.834918564E1
2.956000000E1	2.278766151E1	3.834303522E1
2.960000000E1	2.394931183E1	3.829199909E1
2.964000000E1	2.537729036E1	3.821835963E1
2.968000000E1	2.699353394E1	3.825064815E1
2.972000000E1	2.861640630E1	3.826477505E1
2.976000000E1	2.986886085E1	3.845175142E1
2.980000000E1	3.060675703E1	3.868835757E1
2.984000000E1	3.079716218E1	3.905915012E1
2.988000000E1	3.058875599E1	3.928910545E1
2.992000000E1	3.000940703E1	3.933316840E1
2.996000000E1	2.933627635E1	3.927216145E1
3.000000000E1	2.851075822E1	3.922057166E1
3.004000000E1	2.753482781E1	3.920140648E1
3.008000000E1	2.645166662E1	3.919259472E1
3.012000000E1	2.535975531E1	3.917426074E1
3.016000000E1	2.437676291E1	3.908703949E1
3.020000000E1	2.340334370E1	3.892298635E1
3.024000000E1	2.254388711E1	3.872052370E1
3.028000000E1	2.173978902E1	3.849903416E1
3.032000000E1	2.093434667E1	3.821365790E1
3.036000000E1	2.021030983E1	3.785399324E1
3.040000000E1	1.953417317E1	3.751362449E1
3.044000000E1	1.888361415E1	3.714175245E1
3.048000000E1	1.833662309E1	3.683437179E1
3.052000000E1	1.777161477E1	3.652453623E1
3.056000000E1	1.721208307E1	3.624143288E1
3.060000000E1	1.667642252E1	3.596416734E1
3.064000000E1	1.619913861E1	3.574256348E1
3.068000000E1	1.578421707E1	3.561709935E1
3.072000000E1	1.549281267E1	3.553689133E1
3.076000000E1	1.533015712E1	3.552477521E1
3.080000000E1	1.535684319E1	3.555697921E1
3.084000000E1	1.551468045E1	3.562925709E1
3.088000000E1	1.573303553E1	3.571614368E1
3.092000000E1	1.589643801E1	3.579494125E1
3.096000000E1	1.602664724E1	3.591839403E1
3.100000000E1	1.615306803E1	3.609748277E1
3.104000000E1	1.628218682E1	3.628994581E1
3.108000000E1	1.646135178E1	3.651550064E1
3.112000000E1	1.680533730E1	3.676737563E1
3.116000000E1	1.727844031E1	3.704888840E1
3.120000000E1	1.791328341E1	3.726582166E1
3.124000000E1	1.874192480E1	3.754211158E1
3.128000000E1	1.970244099E1	3.773400362E1
3.132000000E1	2.076680699E1	3.788381720E1
3.136000000E1	2.195162394E1	3.799258259E1
3.140000000E1	2.317793693E1	3.804582048E1
3.144000000E1	2.447126257E1	3.801146660E1
3.148000000E1	2.597354391E1	3.793571112E1
3.152000000E1	2.754401290E1	3.799432548E1
3.156000000E1	2.898536882E1	3.814756994E1
3.160000000E1	3.008059893E1	3.834802164E1
3.164000000E1	3.074388512E1	3.858342855E1
3.168000000E1	3.104120017E1	3.881252535E1
3.172000000E1	3.088721673E1	3.889873740E1
3.176000000E1	3.038883994E1	3.891579850E1
3.180000000E1	2.966137637E1	3.891440031E1
3.184000000E1	2.874120002E1	3.891303433E1
3.188000000E1	2.765818746E1	3.889923166E1
3.192000000E1	2.647330652E1	3.890076606E1
3.196000000E1	2.532300952E1	3.879582243E1
3.200000000E1	2.424074748E1	3.868911060E1
3.204000000E1	2.316511846E1	3.855187511E1
3.208000000E1	2.209570397E1	3.830812579E1
3.212000000E1	2.119284734E1	3.808849008E1
3.216000000E1	2.028194871E1	3.774447513E1
3.220000000E1	1.942443966E1	3.736644896E1
3.224000000E1	1.867615437E1	3.702155308E1
3.228000000E1	1.798550899E1	3.664551206E1
3.232000000E1	1.737839417E1	3.625527701E1
3.236000000E1	1.679388777E1	3.587429451E1
3.240000000E1	1.626098501E1	3.552200921E1
3.244000000E1	1.579073840E1	3.521778952E1
3.248000000E1	1.535954839E1	3.500370967E1
3.252000000E1	1.502859170E1	3.486441027E1
3.256000000E1	1.485735717E1	3.474227257E1
3.260000000E1	1.479281706E1	3.469821728E1
3.264000000E1	1.478347783E1	3.472673777E1
3.268000000E1	1.485788797E1	3.476728100E1
3.272000000E1	1.488540697E1	3.486435379E1
3.276000000E1	1.488919254E1	3.491442450E1
3.280000000E1	1.487522554E1	3.491068044E1
3.284000000E1	1.474866428E1	3.489932611E1
3.288000000E1	1.458871444E1	3.489299245E1
3.292000000E1	1.447830961E1	3.488680287E1
3.296000000E1	1.439134589E1	3.488667188E1
3.300000000E1	1.431156442E1	3.488153244E1
3.304000000E1	1.427859437E1	3.489415061E1
3.308000000E1	1.426940135E1	3.489823942E1
3.312000000E1	1.425999018E1	3.490241448E1
3.316000000E1	1.424155652E1	3.490514606E1
3.320000000E1	1.418652350E1	3.489966819E1
3.324000000E1	1.412877728E1	3.489887681E1
3.328000000E1	1.412167556E1	3.489715499E1
3.332000000E1	1.411704903E1	3.489655678E1
3.336000000E1	1.411847963E1	3.489611043E1
3.340000000E1	1.411942109E1	3.489579121E1
3.344000000E1	1.412012176E1	3.489579660E1
