armbåge
t	x	y
0.000000000E0	1.214238046E1	5.980300980E0
4.000000000E-2	1.214112878E1	5.981474860E0
8.000000000E-2	1.214139949E1	5.982484836E0
1.200000000E-1	1.214123218E1	5.982724857E0
1.600000000E-1	1.214153027E1	5.982124445E0
2.000000000E-1	1.214181041E1	5.981937610E0
2.400000000E-1	1.214201266E1	5.981948556E0
2.800000000E-1	1.214145350E1	5.981581426E0
3.200000000E-1	1.214083007E1	5.980648928E0
3.600000000E-1	1.214304150E1	5.982484914E0
4.000000000E-1	1.214427970E1	5.982490267E0
4.400000000E-1	1.214341499E1	5.980387102E0
4.800000000E-1	1.214296315E1	5.978689760E0
5.200000000E-1	1.214345318E1	5.979985490E0
5.600000000E-1	1.214517227E1	5.982847165E0
6.000000000E-1	1.214008876E1	5.973131850E0
6.400000000E-1	1.214114706E1	5.976184972E0
6.800000000E-1	1.214210605E1	5.976120124E0
7.200000000E-1	1.214237651E1	5.974551921E0
7.600000000E-1	1.214378528E1	5.974902492E0
8.000000000E-1	1.214273943E1	5.978386583E0
8.400000000E-1	1.214259280E1	5.978677408E0
8.800000000E-1	1.214249316E1	5.979641554E0
9.200000000E-1	1.214212708E1	5.979924985E0
9.600000000E-1	1.214221111E1	5.980420404E0
1.000000000E0	1.214446425E1	5.979976039E0
1.040000000E0	1.214327508E1	5.980551399E0
1.080000000E0	1.214287161E1	5.980463421E0
1.120000000E0	1.214295034E1	5.980763685E0
1.160000000E0	1.214252810E1	5.980509003E0
1.200000000E0	1.214220001E1	5.980747807E0
1.240000000E0	1.214223471E1	5.981236024E0
1.280000000E0	1.214217724E1	5.981271934E0
1.320000000E0	1.214214873E1	5.981623889E0
1.360000000E0	1.214169568E1	5.980796986E0
1.400000000E0	1.214137816E1	5.980351072E0
1.440000000E0	1.214182397E1	5.980447452E0
1.480000000E0	1.214416588E1	5.989182902E0
1.520000000E0	1.214322677E1	5.983185773E0
1.560000000E0	1.214284186E1	5.982045352E0
1.600000000E0	1.214136182E1	5.980746379E0
1.640000000E0	1.214160079E1	5.980300645E0
1.680000000E0	1.214190976E1	5.980735784E0
1.720000000E0	1.214245912E1	5.980003886E0
1.760000000E0	1.214234260E1	5.980420087E0
1.800000000E0	1.214239567E1	5.980073364E0
1.840000000E0	1.213910870E1	5.979582035E0
1.880000000E0	1.213696832E1	5.978737865E0
1.920000000E0	1.214232142E1	5.980513426E0
1.960000000E0	1.214471260E1	5.981180684E0
2.000000000E0	1.214449123E1	5.982237579E0
2.040000000E0	1.214335339E1	5.981722422E0
2.080000000E0	1.214281847E1	5.981523956E0
2.120000000E0	1.214260094E1	5.981189588E0
2.160000000E0	1.214250876E1	5.981060959E0
2.200000000E0	1.214236192E1	5.981182005E0
2.240000000E0	1.214209802E1	5.981504909E0
2.280000000E0	1.214221912E1	5.981967075E0
2.320000000E0	1.214187244E1	5.981636908E0
2.360000000E0	1.214234030E1	5.980917137E0
2.400000000E0	1.214263122E1	5.980576883E0
2.440000000E0	1.214314613E1	5.981341104E0
2.480000000E0	1.214180013E1	5.981242180E0
2.520000000E0	1.214195220E1	5.981542329E0
2.560000000E0	1.214213775E1	5.980853401E0
2.600000000E0	1.214183733E1	5.982025609E0
2.640000000E0	1.214261533E1	5.981246754E0
2.680000000E0	1.214215322E1	5.981477031E0
2.720000000E0	1.214235229E1	5.980734228E0
2.760000000E0	1.214368447E1	5.981719686E0
2.800000000E0	1.214466106E1	5.982550202E0
2.840000000E0	1.214287074E1	5.980551066E0
2.880000000E0	1.214199515E1	5.979031567E0
2.920000000E0	1.214115473E1	5.979578215E0
2.960000000E0	1.214144765E1	5.980015026E0
3.000000000E0	1.213846411E1	5.981244707E0
3.040000000E0	1.214143411E1	5.982572275E0
3.080000000E0	1.214282296E1	5.983328977E0
3.120000000E0	1.214287015E1	5.982337218E0
3.160000000E0	1.214243433E1	5.982046706E0
3.200000000E0	1.214235079E1	5.981703319E0
3.240000000E0	1.214182032E1	5.983124542E0
3.280000000E0	1.214167096E1	5.982401342E0
3.320000000E0	1.214192562E1	5.982390721E0
3.360000000E0	1.214090826E1	5.982034893E0
3.400000000E0	1.214122312E1	5.981617997E0
3.440000000E0	1.213808940E1	5.983502205E0
3.480000000E0	1.213465520E1	5.985467358E0
3.520000000E0	1.213826442E1	5.983759542E0
3.560000000E0	1.213864529E1	5.985101632E0
3.600000000E0	1.214347786E1	5.989631269E0
3.640000000E0	1.214239460E1	5.985955926E0
3.680000000E0	1.214248952E1	5.982832151E0
3.720000000E0	1.214247231E1	5.981411346E0
3.760000000E0	1.214273049E1	5.980159360E0
3.800000000E0	1.214238758E1	5.978420110E0
3.840000000E0	1.214096224E1	5.976455390E0
3.880000000E0	1.213963077E1	5.974508268E0
3.920000000E0	1.214011868E1	5.977067154E0
3.960000000E0	1.214081315E1	5.978605677E0
4.000000000E0	1.213311291E1	5.976371376E0
4.040000000E0	1.213224620E1	5.978441667E0
4.080000000E0	1.212288252E1	5.977358767E0
4.120000000E0	1.209055274E1	5.973809538E0
4.160000000E0	1.205036126E1	6.001111120E0
4.200000000E0	1.200626340E1	5.994763462E0
4.240000000E0	1.199543571E1	5.994333753E0
4.280000000E0	1.198942269E1	5.990969495E0
4.320000000E0	1.198729844E1	6.089746796E0
4.360000000E0	1.216009458E1	6.177496555E0
4.400000000E0	1.246427679E1	6.348375717E0
4.440000000E0	1.292165805E1	6.560383299E0
4.480000000E0	1.362243122E1	6.842084090E0
4.520000000E0	1.455107890E1	7.201459367E0
4.560000000E0	1.565136235E1	7.637553559E0
4.600000000E0	1.684353862E1	8.099466560E0
4.640000000E0	1.800605083E1	8.572618501E0
4.680000000E0	1.896237159E1	8.957354994E0
4.720000000E0	1.962496425E1	9.259075073E0
4.760000000E0	2.037609068E1	9.560938536E0
4.800000000E0	2.142136559E1	1.000101521E1
4.840000000E0	2.278407529E1	1.067316389E1
4.880000000E0	2.456909627E1	1.167082354E1
4.920000000E0	2.658385857E1	1.288754270E1
4.960000000E0	2.868862467E1	1.429720584E1
5.000000000E0	3.073263719E1	1.579421323E1
5.040000000E0	3.266288163E1	1.732327611E1
5.080000000E0	3.586773210E1	1.989567472E1
5.120000000E0	3.584544860E1	1.989128274E1
5.160000000E0	3.694420140E1	2.076317431E1
5.200000000E0	3.762942125E1	2.123419249E1
5.240000000E0	3.805759277E1	2.139849999E1
5.280000000E0	3.831518059E1	2.152090946E1
5.320000000E0	3.845509606E1	2.168560855E1
5.360000000E0	3.850589860E1	2.174923813E1
5.400000000E0	3.849268293E1	2.175293967E1
5.440000000E0	3.843223017E1	2.171694870E1
5.480000000E0	3.830590418E1	2.167739412E1
5.520000000E0	3.834866245E1	2.167987206E1
5.560000000E0	3.835257877E1	2.167462168E1
5.600000000E0	3.828774315E1	2.167384875E1
5.640000000E0	3.822766768E1	2.167068050E1
5.680000000E0	3.819757945E1	2.165455704E1
5.720000000E0	3.812103093E1	2.162899975E1
5.760000000E0	3.806517153E1	2.160397455E1
5.800000000E0	3.796872017E1	2.154556935E1
5.840000000E0	3.781825667E1	2.150766545E1
5.880000000E0	3.761934024E1	2.140058081E1
5.920000000E0	3.729446038E1	2.123772095E1
5.960000000E0	3.687550618E1	2.103027074E1
6.000000000E0	3.636905927E1	2.067800548E1
6.040000000E0	3.568294005E1	2.013259290E1
6.080000000E0	3.473324736E1	1.929276061E1
6.120000000E0	3.346318301E1	1.808357768E1
6.160000000E0	3.177933392E1	1.654129629E1
6.200000000E0	2.967980458E1	1.478653392E1
6.240000000E0	2.716004495E1	1.283296920E1
6.280000000E0	2.416269196E1	1.089558203E1
6.320000000E0	2.078518216E1	9.144474265E0
6.360000000E0	1.722942020E1	7.778705073E0
6.400000000E0	1.390892373E1	7.018732712E0
6.440000000E0	1.130480356E1	6.723801274E0
6.480000000E0	9.591138549E0	6.659169086E0
6.520000000E0	8.715672325E0	6.747397434E0
6.560000000E0	8.435787459E0	6.850884471E0
6.600000000E0	8.546226426E0	6.889198070E0
6.640000000E0	8.863527664E0	6.885634403E0
6.680000000E0	9.270763287E0	6.866154074E0
6.720000000E0	9.285515344E0	6.875443246E0
6.760000000E0	9.314497049E0	6.749823838E0
6.800000000E0	9.282194118E0	6.593024601E0
6.840000000E0	9.180198514E0	6.482966093E0
6.880000000E0	9.130543311E0	6.395942771E0
6.920000000E0	9.146433034E0	6.415625143E0
6.960000000E0	9.303103770E0	6.441990803E0
7.000000000E0	9.699881582E0	6.484617465E0
7.040000000E0	1.032453871E1	6.586150977E0
7.080000000E0	1.124640841E1	6.770977557E0
7.120000000E0	1.258638759E1	7.037585972E0
7.160000000E0	1.437835170E1	7.439269085E0
7.200000000E0	1.656112940E1	8.040039975E0
7.240000000E0	1.907740719E1	8.937470043E0
7.280000000E0	2.178293330E1	1.007353978E1
7.320000000E0	2.455865212E1	1.144911950E1
7.360000000E0	2.731953531E1	1.309564045E1
7.400000000E0	2.989986297E1	1.484034692E1
7.440000000E0	3.226569767E1	1.662912052E1
7.480000000E0	3.437122863E1	1.839782628E1
7.520000000E0	3.609253315E1	2.009057737E1
7.560000000E0	3.739585584E1	2.138502372E1
7.600000000E0	3.814254729E1	2.202259431E1
7.640000000E0	3.843981640E1	2.198298087E1
7.680000000E0	3.847202514E1	2.169293260E1
7.720000000E0	3.838822610E1	2.154395582E1
7.760000000E0	3.825721954E1	2.153992346E1
7.800000000E0	3.821675952E1	2.154281641E1
7.840000000E0	3.817329742E1	2.154225617E1
7.880000000E0	3.815896970E1	2.152486429E1
7.920000000E0	3.816014131E1	2.147116035E1
7.960000000E0	3.821203256E1	2.142055715E1
8.000000000E0	3.819430064E1	2.138462074E1
8.040000000E0	3.812004661E1	2.138157654E1
8.080000000E0	3.806743402E1	2.137470764E1
8.120000000E0	3.802829812E1	2.137004932E1
8.160000000E0	3.795793025E1	2.137470308E1
8.200000000E0	3.792904149E1	2.138274531E1
8.240000000E0	3.791647840E1	2.138765244E1
8.280000000E0	3.780944029E1	2.138593223E1
8.320000000E0	3.761592453E1	2.125613077E1
8.360000000E0	3.719249048E1	2.093507534E1
8.400000000E0	3.642115719E1	2.028801324E1
8.440000000E0	3.356475992E1	1.777631779E1
8.480000000E0	3.357168592E1	1.778459168E1
8.520000000E0	3.148444468E1	1.607399482E1
8.560000000E0	2.895220912E1	1.419926886E1
8.600000000E0	2.615274172E1	1.235037684E1
8.640000000E0	2.295108388E1	1.057501691E1
8.680000000E0	1.960275953E1	9.047078946E0
8.720000000E0	1.615332408E1	7.899729412E0
8.760000000E0	1.291628538E1	7.098374371E0
8.800000000E0	1.014473844E1	6.617340475E0
8.840000000E0	8.076625559E0	6.428372619E0
8.880000000E0	6.150058434E0	6.735766958E0
8.920000000E0	6.148821236E0	6.740849644E0
8.960000000E0	6.181992722E0	6.836206773E0
9.000000000E0	6.649593511E0	6.884213365E0
9.040000000E0	7.225042578E0	6.883056976E0
9.080000000E0	7.775697098E0	6.878609611E0
9.120000000E0	8.270528576E0	6.855263884E0
9.160000000E0	8.825577273E0	6.749313971E0
9.200000000E0	9.576363062E0	6.730981802E0
9.240000000E0	1.063874263E1	6.761077781E0
9.280000000E0	1.215082673E1	6.939319818E0
9.320000000E0	1.410152724E1	7.273798502E0
9.360000000E0	1.638407958E1	7.885023026E0
9.400000000E0	1.881591270E1	8.693287819E0
9.440000000E0	2.137886611E1	9.663321129E0
9.480000000E0	2.393308045E1	1.086178976E1
9.520000000E0	2.646805459E1	1.223029049E1
9.560000000E0	2.892959837E1	1.372300916E1
9.600000000E0	3.124299177E1	1.536223277E1
9.640000000E0	3.335265432E1	1.706155847E1
9.680000000E0	3.525726296E1	1.874394195E1
9.720000000E0	3.690373925E1	2.031838960E1
9.760000000E0	3.809577236E1	2.154548004E1
9.800000000E0	3.882113401E1	2.215202525E1
9.840000000E0	3.907759806E1	2.206479724E1
9.880000000E0	3.910550309E1	2.179801063E1
9.920000000E0	3.897887842E1	2.154247986E1
9.960000000E0	3.880395328E1	2.148260899E1
1.000000000E1	3.866116728E1	2.141844751E1
1.004000000E1	3.853553793E1	2.139880051E1
1.008000000E1	3.847159174E1	2.137725657E1
1.012000000E1	3.848446716E1	2.136587114E1
1.016000000E1	3.849801065E1	2.135878106E1
1.020000000E1	3.845834834E1	2.132160654E1
1.024000000E1	3.848579705E1	2.129164958E1
1.028000000E1	3.840378736E1	2.124186990E1
1.032000000E1	3.835257296E1	2.121887026E1
1.036000000E1	3.825114872E1	2.122877194E1
1.040000000E1	3.809276600E1	2.123156384E1
1.044000000E1	3.787696022E1	2.109581845E1
1.048000000E1	3.747662942E1	2.082655818E1
1.052000000E1	3.689349406E1	2.040450993E1
1.056000000E1	3.599061860E1	1.963905522E1
1.060000000E1	3.483924443E1	1.862790332E1
1.064000000E1	3.333964641E1	1.736234496E1
1.068000000E1	3.160752213E1	1.586011283E1
1.072000000E1	2.958731345E1	1.416757566E1
1.076000000E1	2.719728449E1	1.243226511E1
1.080000000E1	2.458629154E1	1.077461876E1
1.084000000E1	2.174601619E1	9.294831744E0
1.088000000E1	1.871309363E1	8.088515055E0
1.092000000E1	1.570239248E1	7.161026552E0
1.096000000E1	1.294726039E1	6.499359768E0
1.100000000E1	1.051537855E1	6.163036823E0
1.104000000E1	8.792741648E0	6.171427655E0
1.108000000E1	7.776295670E0	6.291932392E0
1.112000000E1	7.338159219E0	6.395590704E0
1.116000000E1	7.351605580E0	6.444280002E0
1.120000000E1	7.641409263E0	6.432785049E0
1.124000000E1	7.956310123E0	6.432511393E0
1.128000000E1	8.361484393E0	6.417912204E0
1.132000000E1	8.846063675E0	6.436889284E0
1.136000000E1	9.617353306E0	6.510865775E0
1.140000000E1	1.073766245E1	6.679333386E0
1.144000000E1	1.229068342E1	6.941649905E0
1.148000000E1	1.423454570E1	7.302475063E0
1.152000000E1	1.642930296E1	7.871021917E0
1.156000000E1	1.891398975E1	8.680995058E0
1.160000000E1	2.149198985E1	9.685483850E0
1.164000000E1	2.410761763E1	1.092021902E1
1.168000000E1	2.679753839E1	1.244721517E1
1.172000000E1	2.934719552E1	1.409928127E1
1.176000000E1	3.175804948E1	1.590376786E1
1.180000000E1	3.391202189E1	1.770140303E1
1.184000000E1	3.580776320E1	1.948203045E1
1.188000000E1	3.735689693E1	2.108405816E1
1.192000000E1	3.843347437E1	2.226051053E1
1.196000000E1	3.893907634E1	2.263892356E1
1.200000000E1	3.895833469E1	2.198238467E1
1.204000000E1	3.896904228E1	2.198454989E1
1.208000000E1	3.883711898E1	2.185040732E1
1.212000000E1	3.868090494E1	2.175523490E1
1.216000000E1	3.853413410E1	2.168164007E1
1.220000000E1	3.842346347E1	2.166337355E1
1.224000000E1	3.837377747E1	2.167286819E1
1.228000000E1	3.837783493E1	2.167034446E1
1.232000000E1	3.837921013E1	2.166553295E1
1.236000000E1	3.838293504E1	2.156998336E1
1.240000000E1	3.831565184E1	2.150478992E1
1.244000000E1	3.825241511E1	2.149285430E1
1.248000000E1	3.813072012E1	2.144995610E1
1.252000000E1	3.786228635E1	2.137133863E1
1.256000000E1	3.745622916E1	2.115714816E1
1.260000000E1	3.672825671E1	2.067642297E1
1.264000000E1	3.569693275E1	1.992828428E1
1.268000000E1	3.432363503E1	1.881847916E1
1.272000000E1	3.256528643E1	1.737434736E1
1.276000000E1	3.054406910E1	1.571653846E1
1.280000000E1	2.822755905E1	1.390498372E1
1.284000000E1	2.563468474E1	1.211832301E1
1.288000000E1	2.292273822E1	1.044871786E1
1.292000000E1	2.001899391E1	8.939812341E0
1.296000000E1	1.716926925E1	7.763959238E0
1.300000000E1	1.444804815E1	6.924145001E0
1.304000000E1	1.194918023E1	6.318327966E0
1.308000000E1	9.895525849E0	6.079289319E0
1.312000000E1	8.492341162E0	6.065623450E0
1.316000000E1	7.732491905E0	6.190786048E0
1.320000000E1	7.547524712E0	6.293697055E0
1.324000000E1	7.676203028E0	6.329782057E0
1.328000000E1	7.961530411E0	6.320098627E0
1.332000000E1	8.283354473E0	6.314711724E0
1.336000000E1	8.617290469E0	6.286219469E0
1.340000000E1	8.964038760E0	6.191944170E0
1.344000000E1	9.440470963E0	6.140954935E0
1.348000000E1	1.010420955E1	6.148269050E0
1.352000000E1	1.107858059E1	6.190672634E0
1.356000000E1	1.228856336E1	6.368538234E0
1.360000000E1	1.384465688E1	6.674482515E0
1.364000000E1	1.569533770E1	7.119188661E0
1.368000000E1	1.781265248E1	7.738166354E0
1.372000000E1	2.012127846E1	8.551071215E0
1.376000000E1	2.252584323E1	9.519556794E0
1.380000000E1	2.491798055E1	1.064958582E1
1.384000000E1	2.726912698E1	1.196393559E1
1.388000000E1	2.952976572E1	1.335426031E1
1.392000000E1	3.163943281E1	1.479848275E1
1.396000000E1	3.358137035E1	1.630776624E1
1.400000000E1	3.535014744E1	1.780026243E1
1.404000000E1	3.687530104E1	1.928312910E1
1.408000000E1	3.801889643E1	2.052904156E1
1.412000000E1	3.879167126E1	2.127644925E1
1.416000000E1	3.908881602E1	2.136012325E1
1.420000000E1	3.913511142E1	2.119755781E1
1.424000000E1	3.907621642E1	2.107412961E1
1.428000000E1	3.896843360E1	2.102844119E1
1.432000000E1	3.886686659E1	2.098448789E1
1.436000000E1	3.878497244E1	2.092638609E1
1.440000000E1	3.873242150E1	2.091810873E1
1.444000000E1	3.867442469E1	2.090639737E1
1.448000000E1	3.856143409E1	2.081429563E1
1.452000000E1	3.823878275E1	2.062537802E1
1.456000000E1	3.767640661E1	2.017090557E1
1.460000000E1	3.682515037E1	1.942608497E1
1.464000000E1	3.565155724E1	1.841451599E1
1.468000000E1	3.417270074E1	1.718005239E1
1.472000000E1	3.242801256E1	1.581768459E1
1.476000000E1	3.044098687E1	1.435398025E1
1.480000000E1	2.830457464E1	1.287424620E1
1.484000000E1	2.597577046E1	1.134266473E1
1.488000000E1	2.344969429E1	9.887367194E0
1.492000000E1	2.081917334E1	8.649699138E0
1.496000000E1	1.798639675E1	7.570578608E0
1.500000000E1	1.507116679E1	6.820144557E0
1.504000000E1	1.230478638E1	6.388318372E0
1.508000000E1	9.922035338E0	6.224144868E0
1.512000000E1	8.100349075E0	6.335895800E0
1.516000000E1	6.875661877E0	6.451194993E0
1.520000000E1	6.216405161E0	6.585194713E0
1.524000000E1	5.993484364E0	6.722508698E0
1.528000000E1	6.133246256E0	6.755529630E0
1.532000000E1	6.443951689E0	6.732870064E0
1.536000000E1	6.763951011E0	6.689475993E0
1.540000000E1	7.062795666E0	6.590475572E0
1.544000000E1	7.336187087E0	6.469732558E0
1.548000000E1	7.546384546E0	6.411931511E0
1.552000000E1	7.802781733E0	6.384889655E0
1.556000000E1	8.178923717E0	6.396467190E0
1.560000000E1	8.750334175E0	6.432413955E0
1.564000000E1	9.561110009E0	6.555687003E0
1.568000000E1	1.064847764E1	6.748011192E0
1.572000000E1	1.207250275E1	7.026863261E0
1.576000000E1	1.394506849E1	7.424706205E0
1.580000000E1	1.619643360E1	8.027206872E0
1.584000000E1	1.869052823E1	8.831107264E0
1.588000000E1	2.141732744E1	9.859567443E0
1.592000000E1	2.417671822E1	1.108263491E1
1.596000000E1	2.683185625E1	1.243519260E1
1.600000000E1	2.934610646E1	1.393374512E1
1.604000000E1	3.171163482E1	1.552343911E1
1.608000000E1	3.377502903E1	1.701188150E1
1.612000000E1	3.546142833E1	1.835571615E1
1.616000000E1	3.682354459E1	1.940400315E1
1.620000000E1	3.780911351E1	2.031476347E1
1.624000000E1	3.839459257E1	2.093170154E1
1.628000000E1	3.868222373E1	2.109629993E1
1.632000000E1	3.867879112E1	2.089803855E1
1.636000000E1	3.855090846E1	2.074532156E1
1.640000000E1	3.837947208E1	2.064603262E1
1.644000000E1	3.821950653E1	2.061755191E1
1.648000000E1	3.807541347E1	2.061361149E1
1.652000000E1	3.795235036E1	2.060602905E1
1.656000000E1	3.792522317E1	2.051816219E1
1.660000000E1	3.791901867E1	2.047070852E1
1.664000000E1	3.791296216E1	2.042475255E1
1.668000000E1	3.792990498E1	2.040378135E1
1.672000000E1	3.790529668E1	2.035438893E1
1.676000000E1	3.778027843E1	2.034584860E1
1.680000000E1	3.749288731E1	2.021619374E1
1.684000000E1	3.699091255E1	1.989215971E1
1.688000000E1	3.614127792E1	1.928664007E1
1.692000000E1	3.494050789E1	1.836614508E1
1.696000000E1	3.328911246E1	1.710868614E1
1.700000000E1	3.138230597E1	1.565027640E1
1.704000000E1	2.908010818E1	1.407695260E1
1.708000000E1	2.663104117E1	1.257100821E1
1.712000000E1	2.399003174E1	1.114623104E1
1.716000000E1	2.120283017E1	9.871501854E0
1.720000000E1	1.837978526E1	8.860216122E0
1.724000000E1	1.569837392E1	8.079121152E0
1.728000000E1	1.313724362E1	7.512811965E0
1.732000000E1	1.091608117E1	7.150738713E0
1.736000000E1	9.173109583E0	6.947116126E0
1.740000000E1	7.883072002E0	6.790321604E0
1.744000000E1	7.170473999E0	6.788684194E0
1.748000000E1	6.981455335E0	6.737732016E0
1.752000000E1	7.499395382E0	6.735206958E0
1.756000000E1	7.498746734E0	6.733257978E0
1.760000000E1	7.930191450E0	6.698982729E0
1.764000000E1	8.263721374E0	6.667485784E0
1.768000000E1	8.565135911E0	6.610645426E0
1.772000000E1	8.805119350E0	6.445971783E0
1.776000000E1	8.972916120E0	6.402367811E0
1.780000000E1	9.129801530E0	6.361009924E0
1.784000000E1	9.418140419E0	6.393813185E0
1.788000000E1	9.915498600E0	6.469028482E0
1.792000000E1	1.078609622E1	6.595876455E0
1.796000000E1	1.214520101E1	6.828194644E0
1.800000000E1	1.400574016E1	7.169880985E0
1.804000000E1	1.623558362E1	7.710525545E0
1.808000000E1	1.873551736E1	8.504201264E0
1.812000000E1	2.128647170E1	9.440391157E0
1.816000000E1	2.385060922E1	1.055309087E1
1.820000000E1	2.637567028E1	1.189735371E1
1.824000000E1	2.874972107E1	1.330347289E1
1.828000000E1	3.087957959E1	1.472360625E1
1.832000000E1	3.285675213E1	1.615432909E1
1.836000000E1	3.459812587E1	1.750734214E1
1.840000000E1	3.609402302E1	1.877825172E1
1.844000000E1	3.731003740E1	1.996493939E1
1.848000000E1	3.817886685E1	2.090960290E1
1.852000000E1	3.869742882E1	2.144110695E1
1.856000000E1	3.888365263E1	2.166019406E1
1.860000000E1	3.882562273E1	2.165480275E1
1.864000000E1	3.869007120E1	2.153698009E1
1.868000000E1	3.839389771E1	2.139336443E1
1.872000000E1	3.838468974E1	2.138852966E1
1.876000000E1	3.828044860E1	2.137418418E1
1.880000000E1	3.823285778E1	2.136462357E1
1.884000000E1	3.823343996E1	2.137329184E1
1.888000000E1	3.823111133E1	2.137834190E1
1.892000000E1	3.822112914E1	2.135048463E1
1.896000000E1	3.823142001E1	2.130316881E1
1.900000000E1	3.809188322E1	2.122322148E1
1.904000000E1	3.791440443E1	2.106755821E1
1.908000000E1	3.749402691E1	2.067302046E1
1.912000000E1	3.672781898E1	1.998829870E1
1.916000000E1	3.556755356E1	1.890835292E1
1.920000000E1	3.401125585E1	1.748752325E1
1.924000000E1	3.207912457E1	1.585423038E1
1.928000000E1	2.714350999E1	1.224617073E1
1.932000000E1	2.713775795E1	1.225118257E1
1.936000000E1	2.429315964E1	1.059942021E1
1.940000000E1	2.138548569E1	9.246941124E0
1.944000000E1	1.844625730E1	8.152814682E0
1.948000000E1	1.557596359E1	7.343182082E0
1.952000000E1	1.294462575E1	6.749964266E0
1.956000000E1	1.066272497E1	6.475969012E0
1.960000000E1	9.034363071E0	6.492208394E0
1.964000000E1	7.998199153E0	6.700912056E0
1.968000000E1	7.571182209E0	6.890502481E0
1.972000000E1	7.654347733E0	6.934798961E0
1.976000000E1	8.072077258E0	6.887837178E0
1.980000000E1	8.525563948E0	6.861116741E0
1.984000000E1	8.975069104E0	6.804443464E0
1.988000000E1	9.267759083E0	6.705285180E0
1.992000000E1	9.432139324E0	6.604231798E0
1.996000000E1	9.442953890E0	6.572333457E0
2.000000000E1	9.447902152E0	6.585106398E0
2.004000000E1	9.591102954E0	6.715236585E0
2.008000000E1	1.098150215E1	7.175489163E0
2.012000000E1	1.096358590E1	7.175537055E0
2.016000000E1	1.240960445E1	7.504469752E0
2.020000000E1	1.431343670E1	8.049619025E0
2.024000000E1	1.659743100E1	8.762621733E0
2.028000000E1	1.915397468E1	9.669316169E0
2.032000000E1	2.190687645E1	1.079049545E1
2.036000000E1	2.463691008E1	1.202995983E1
2.040000000E1	2.729438168E1	1.341782285E1
2.044000000E1	2.981459937E1	1.495647402E1
2.048000000E1	3.215493685E1	1.653935179E1
2.052000000E1	3.597397097E1	1.979861195E1
2.056000000E1	3.597742752E1	1.976583397E1
2.060000000E1	3.747953121E1	2.134033730E1
2.064000000E1	3.852051485E1	2.261086986E1
2.068000000E1	3.909596229E1	2.319577723E1
2.072000000E1	3.926180283E1	2.317054373E1
2.076000000E1	3.919959115E1	2.291719261E1
2.080000000E1	3.899877111E1	2.284532832E1
2.084000000E1	3.883436943E1	2.284190896E1
2.088000000E1	3.868105445E1	2.284784203E1
2.092000000E1	3.856565047E1	2.277597762E1
2.096000000E1	3.852402625E1	2.272042375E1
2.100000000E1	3.851368094E1	2.266649772E1
2.104000000E1	3.852612218E1	2.258931837E1
2.108000000E1	3.852984883E1	2.248313177E1
2.112000000E1	3.840402930E1	2.241384741E1
2.116000000E1	3.824216412E1	2.227736909E1
2.120000000E1	3.792662123E1	2.198452865E1
2.124000000E1	3.731171519E1	2.137864134E1
2.128000000E1	3.631744709E1	2.048853094E1
2.132000000E1	3.495074037E1	1.928052293E1
2.136000000E1	3.311869870E1	1.765286750E1
2.140000000E1	3.100057157E1	1.597044481E1
2.144000000E1	2.845892922E1	1.406723249E1
2.148000000E1	2.556551431E1	1.225230381E1
2.152000000E1	1.918355558E1	9.183979960E0
2.156000000E1	1.904414533E1	9.128186588E0
2.160000000E1	1.594338240E1	8.117457346E0
2.164000000E1	1.305235125E1	7.423184993E0
2.168000000E1	1.065052233E1	6.970872458E0
2.172000000E1	8.839151673E0	6.930745702E0
2.176000000E1	7.768349649E0	7.005164606E0
2.180000000E1	7.338454111E0	7.138939446E0
2.184000000E1	7.399794602E0	7.301849620E0
2.188000000E1	7.810876254E0	7.356974423E0
2.192000000E1	8.359971105E0	7.339101678E0
2.196000000E1	8.822513289E0	7.315099165E0
2.200000000E1	9.131755246E0	7.290195979E0
2.204000000E1	9.294664388E0	7.190110398E0
2.208000000E1	9.280879226E0	6.985559663E0
2.212000000E1	9.288292502E0	7.015429175E0
2.216000000E1	9.287077930E0	6.922286549E0
2.220000000E1	9.316410316E0	6.927753203E0
2.224000000E1	9.591172735E0	6.911332141E0
2.228000000E1	1.012963521E1	6.983663939E0
2.232000000E1	1.108123328E1	7.191391938E0
2.236000000E1	1.246715687E1	7.474899237E0
2.240000000E1	1.432604518E1	7.860448308E0
2.244000000E1	1.662544933E1	8.496151749E0
2.248000000E1	1.920028519E1	9.361675462E0
2.252000000E1	2.195346222E1	1.049778087E1
2.256000000E1	2.474107350E1	1.182972708E1
2.260000000E1	2.748328024E1	1.338173274E1
2.264000000E1	3.007827573E1	1.507953947E1
2.268000000E1	3.242220512E1	1.675160850E1
2.272000000E1	3.445704958E1	1.837525017E1
2.276000000E1	3.605298680E1	1.972571361E1
2.280000000E1	3.721215838E1	2.092914494E1
2.284000000E1	3.859911676E1	2.265925890E1
2.288000000E1	3.855633001E1	2.270372772E1
2.292000000E1	3.867789203E1	2.284507930E1
2.296000000E1	3.858345540E1	2.275521111E1
2.300000000E1	3.842239923E1	2.272065769E1
2.304000000E1	3.826971429E1	2.275279903E1
2.308000000E1	3.820908916E1	2.285336154E1
2.312000000E1	3.821956022E1	2.288030861E1
2.316000000E1	3.822769599E1	2.287317414E1
2.320000000E1	3.827058851E1	2.278797872E1
2.324000000E1	3.824843278E1	2.271884416E1
2.328000000E1	3.822835970E1	2.259527172E1
2.332000000E1	3.804458160E1	2.241624468E1
2.336000000E1	3.763298560E1	2.201831312E1
2.340000000E1	3.688670639E1	2.127249416E1
2.344000000E1	3.577166848E1	2.020944420E1
2.348000000E1	3.428830555E1	1.880626236E1
2.352000000E1	3.238355730E1	1.717501764E1
2.356000000E1	3.009356230E1	1.539443260E1
2.360000000E1	2.755400141E1	1.366464736E1
2.364000000E1	2.489593541E1	1.203631841E1
2.368000000E1	2.207149057E1	1.054488941E1
2.372000000E1	1.907697833E1	9.259827238E0
2.376000000E1	1.609479596E1	8.259620595E0
2.380000000E1	1.329594963E1	7.556699549E0
2.384000000E1	1.095669591E1	7.079573088E0
2.388000000E1	9.004428710E0	6.913644913E0
2.392000000E1	7.665790889E0	7.049953676E0
2.396000000E1	6.924848565E0	7.207769504E0
2.400000000E1	6.715322365E0	7.350842256E0
2.404000000E1	6.905048518E0	7.489393682E0
2.408000000E1	7.222329640E0	7.505320357E0
2.412000000E1	7.628481388E0	7.445066751E0
2.416000000E1	8.009829372E0	7.347427535E0
2.420000000E1	8.274481159E0	7.201487637E0
2.424000000E1	8.530256314E0	7.058221284E0
2.428000000E1	8.697855365E0	7.030613586E0
2.432000000E1	9.008442344E0	7.033000186E0
2.436000000E1	9.593329698E0	7.150103059E0
2.440000000E1	1.058774169E1	7.314183556E0
2.444000000E1	1.200749723E1	7.600043312E0
2.448000000E1	1.394668719E1	8.078149896E0
2.452000000E1	1.629945649E1	8.714499660E0
2.456000000E1	1.897169985E1	9.590724364E0
2.460000000E1	2.186099840E1	1.076622462E1
2.464000000E1	2.464311999E1	1.210551547E1
2.468000000E1	2.728493990E1	1.357687679E1
2.472000000E1	2.969937760E1	1.509720722E1
2.476000000E1	3.190150119E1	1.661701284E1
2.480000000E1	3.377086478E1	1.797735658E1
2.484000000E1	3.533199650E1	1.919973219E1
2.488000000E1	3.663209588E1	2.021985522E1
2.492000000E1	3.763684215E1	2.123031244E1
2.496000000E1	3.835678880E1	2.202272005E1
2.500000000E1	3.880570851E1	2.241281202E1
2.504000000E1	3.896890225E1	2.242580468E1
2.508000000E1	3.895363643E1	2.229838393E1
2.512000000E1	3.885375153E1	2.225498861E1
2.516000000E1	3.871655550E1	2.227632676E1
2.520000000E1	3.862598995E1	2.227293312E1
2.524000000E1	3.853559372E1	2.228239459E1
2.528000000E1	3.842640431E1	2.219477799E1
2.532000000E1	3.820640807E1	2.197289943E1
2.536000000E1	3.780405308E1	2.167647384E1
2.540000000E1	3.719542810E1	2.112324249E1
2.544000000E1	3.625852893E1	2.026168731E1
2.548000000E1	3.502228755E1	1.909686068E1
2.552000000E1	3.337566862E1	1.764197941E1
2.556000000E1	3.138048127E1	1.596288596E1
2.560000000E1	2.900444385E1	1.415928079E1
2.564000000E1	2.624768536E1	1.230408640E1
2.568000000E1	2.340877004E1	1.059384658E1
2.572000000E1	2.042305422E1	9.153208063E0
2.576000000E1	1.747148539E1	8.073485673E0
2.580000000E1	1.458097485E1	7.270935918E0
2.584000000E1	1.201619109E1	6.800521380E0
2.588000000E1	9.883281603E0	6.690955991E0
2.592000000E1	8.379660569E0	6.875913985E0
2.596000000E1	7.392753275E0	7.149390925E0
2.600000000E1	6.896349107E0	7.305105690E0
2.604000000E1	6.897061789E0	7.365696710E0
2.608000000E1	7.502917795E0	7.345336239E0
2.612000000E1	7.500827789E0	7.333425584E0
2.616000000E1	7.850251074E0	7.326034923E0
2.620000000E1	8.129115368E0	7.300652054E0
2.624000000E1	8.367515184E0	7.260780266E0
2.628000000E1	8.524375188E0	7.266728792E0
2.632000000E1	8.657629569E0	7.298117515E0
2.636000000E1	8.852282959E0	7.342027977E0
2.640000000E1	9.172851921E0	7.486074786E0
2.644000000E1	9.728102284E0	7.634366441E0
2.648000000E1	1.190915963E1	8.274313465E0
2.652000000E1	1.187801273E1	8.245237174E0
2.656000000E1	1.363827347E1	8.770526572E0
2.660000000E1	1.582214070E1	9.444226536E0
2.664000000E1	1.838556809E1	1.037366878E1
2.668000000E1	2.111955115E1	1.151520075E1
2.672000000E1	2.394048119E1	1.286122604E1
2.676000000E1	2.671236583E1	1.433840782E1
2.680000000E1	2.934431250E1	1.595994461E1
2.684000000E1	3.179136244E1	1.762120387E1
2.688000000E1	3.389438811E1	1.904701707E1
2.692000000E1	3.567993318E1	2.031258931E1
2.696000000E1	3.710628814E1	2.152352108E1
2.700000000E1	3.821296727E1	2.253513922E1
2.704000000E1	3.886876592E1	2.307475222E1
2.708000000E1	3.908188988E1	2.293670187E1
2.712000000E1	3.907565033E1	2.260780480E1
2.716000000E1	3.896618038E1	2.251116264E1
2.720000000E1	3.882897311E1	2.256499434E1
2.724000000E1	3.869663290E1	2.261047341E1
2.728000000E1	3.855353215E1	2.271357324E1
2.732000000E1	3.851098730E1	2.273857948E1
2.736000000E1	3.838667382E1	2.268615111E1
2.740000000E1	3.824391608E1	2.249325855E1
2.744000000E1	3.792781309E1	2.214310801E1
2.748000000E1	3.733582258E1	2.156064389E1
2.752000000E1	3.645548979E1	2.076733539E1
2.756000000E1	3.525101233E1	1.974892736E1
2.760000000E1	3.376236452E1	1.851930928E1
2.764000000E1	3.202595031E1	1.717999580E1
2.768000000E1	3.010860019E1	1.586012082E1
2.772000000E1	2.793986087E1	1.437618709E1
2.776000000E1	2.564369815E1	1.296541363E1
2.780000000E1	2.320135605E1	1.162967618E1
2.784000000E1	2.054897465E1	1.032612428E1
2.788000000E1	1.772700499E1	9.174445126E0
2.792000000E1	1.491180082E1	8.282174631E0
2.796000000E1	1.222901532E1	7.691089869E0
2.800000000E1	9.991864327E0	7.470781950E0
2.804000000E1	8.292260168E0	7.488241306E0
2.808000000E1	7.074937020E0	7.599318994E0
2.812000000E1	6.499508545E0	7.813638131E0
2.816000000E1	6.451164019E0	7.832407430E0
2.820000000E1	6.733746641E0	7.792711285E0
2.824000000E1	7.179283730E0	7.762308730E0
2.828000000E1	7.646989176E0	7.710084878E0
2.832000000E1	8.107451464E0	7.619594587E0
2.836000000E1	8.465620109E0	7.536430837E0
2.840000000E1	8.686756977E0	7.397295455E0
2.844000000E1	8.812383261E0	7.333888451E0
2.848000000E1	8.857482898E0	7.342906276E0
2.852000000E1	8.981515564E0	7.336009903E0
2.856000000E1	9.157523745E0	7.430474434E0
2.860000000E1	9.600535950E0	7.512529294E0
2.864000000E1	1.022890962E1	7.698425795E0
2.868000000E1	1.122735292E1	7.917647593E0
2.872000000E1	1.266454340E1	8.262859366E0
2.876000000E1	1.451977543E1	8.775768989E0
2.880000000E1	1.675563711E1	9.518664719E0
2.884000000E1	2.189441622E1	1.167251449E1
2.888000000E1	2.189233634E1	1.166879483E1
2.892000000E1	2.457909911E1	1.308749472E1
2.896000000E1	2.720456014E1	1.466316205E1
2.900000000E1	2.967376914E1	1.634315673E1
2.904000000E1	3.192921499E1	1.797470725E1
2.908000000E1	3.388671860E1	1.950261018E1
2.912000000E1	3.557804262E1	2.087744927E1
2.916000000E1	3.686254445E1	2.212092333E1
2.920000000E1	3.778011775E1	2.296054617E1
2.924000000E1	3.833060862E1	2.345800471E1
2.928000000E1	3.856288364E1	2.348808937E1
2.932000000E1	3.856641393E1	2.333875383E1
2.936000000E1	3.849842269E1	2.327300468E1
2.940000000E1	3.844053989E1	2.331068077E1
2.944000000E1	3.841169957E1	2.334306271E1
2.948000000E1	3.841465110E1	2.336093628E1
2.952000000E1	3.839331860E1	2.333750991E1
2.956000000E1	3.835017575E1	2.319354414E1
2.960000000E1	3.811449088E1	2.298739409E1
2.964000000E1	3.770959987E1	2.258407120E1
2.968000000E1	3.699756438E1	2.191588453E1
2.972000000E1	3.588466343E1	2.091153103E1
2.976000000E1	3.440127615E1	1.970934294E1
2.980000000E1	3.262985789E1	1.838223864E1
2.984000000E1	3.057675997E1	1.677788937E1
2.988000000E1	2.825383237E1	1.509389675E1
2.992000000E1	2.297809068E1	1.181768838E1
2.996000000E1	2.295634099E1	1.181514603E1
3.000000000E1	2.011024866E1	1.036719508E1
3.004000000E1	1.725361195E1	9.229872236E0
3.008000000E1	1.450390202E1	8.394104599E0
3.012000000E1	1.203246857E1	7.825685909E0
3.016000000E1	1.013780106E1	7.449040260E0
3.020000000E1	8.820753721E0	7.391104285E0
3.024000000E1	8.076835668E0	7.460967158E0
3.028000000E1	7.918666336E0	7.610291293E0
3.032000000E1	8.146607659E0	7.775514380E0
3.036000000E1	8.561509324E0	7.819504794E0
3.040000000E1	9.012071305E0	7.788469148E0
3.044000000E1	9.740919068E0	7.661665001E0
3.048000000E1	9.743366311E0	7.641355090E0
3.052000000E1	9.875362532E0	7.582444857E0
3.056000000E1	1.001697696E1	7.481491735E0
3.060000000E1	1.016116683E1	7.465235857E0
3.064000000E1	1.046294322E1	7.480667603E0
3.068000000E1	1.094954996E1	7.613894604E0
3.072000000E1	1.181029063E1	7.774514756E0
3.076000000E1	1.303059640E1	8.065415485E0
3.080000000E1	1.470933945E1	8.481575690E0
3.084000000E1	1.680764484E1	9.116308362E0
3.088000000E1	1.922527474E1	9.997317808E0
3.092000000E1	2.194167707E1	1.120202315E1
3.096000000E1	2.476723583E1	1.267069328E1
3.100000000E1	2.755182021E1	1.432598926E1
3.104000000E1	3.016075573E1	1.612863394E1
3.108000000E1	3.255148616E1	1.795485263E1
3.112000000E1	3.466186549E1	1.976444132E1
3.116000000E1	3.641774831E1	2.141929601E1
3.120000000E1	3.769348341E1	2.274794369E1
3.124000000E1	3.844667624E1	2.344399298E1
3.128000000E1	3.864166175E1	2.319225835E1
3.132000000E1	3.866525984E1	2.318495296E1
3.136000000E1	3.853399451E1	2.302207215E1
3.140000000E1	3.839804531E1	2.302526356E1
3.144000000E1	3.832027622E1	2.302317595E1
3.148000000E1	3.824604778E1	2.302700033E1
3.152000000E1	3.823221879E1	2.301568844E1
3.156000000E1	3.823172593E1	2.302444813E1
3.160000000E1	3.819357865E1	2.301828277E1
3.164000000E1	3.803642014E1	2.293825269E1
3.168000000E1	3.768994183E1	2.271662679E1
3.172000000E1	3.715199686E1	2.228407649E1
3.176000000E1	3.636548562E1	2.155072990E1
3.180000000E1	3.538006918E1	2.063040353E1
3.184000000E1	3.404673124E1	1.942564471E1
3.188000000E1	3.236944738E1	1.795231124E1
3.192000000E1	3.039459138E1	1.635369727E1
3.196000000E1	2.814257074E1	1.464059063E1
3.200000000E1	2.566173594E1	1.295727810E1
3.204000000E1	2.291653153E1	1.136224981E1
3.208000000E1	1.994945822E1	9.985039398E0
3.212000000E1	1.695143122E1	8.923807709E0
3.216000000E1	1.405752270E1	8.135277341E0
3.220000000E1	1.166176368E1	7.699957203E0
3.224000000E1	9.869297399E0	7.477209797E0
3.228000000E1	8.769688946E0	7.593512158E0
3.232000000E1	8.323179116E0	7.765406124E0
3.236000000E1	8.374852778E0	7.860807402E0
3.240000000E1	8.828380641E0	7.940904881E0
3.244000000E1	9.323561501E0	7.954183186E0
3.248000000E1	9.754309234E0	7.927920522E0
3.252000000E1	1.006409264E1	7.888345706E0
3.256000000E1	1.024384772E1	7.803805876E0
3.260000000E1	1.029174994E1	7.637525366E0
3.264000000E1	1.021451188E1	7.610302333E0
3.268000000E1	1.017726361E1	7.567629405E0
3.272000000E1	1.019550937E1	7.623204480E0
3.276000000E1	1.035150031E1	7.646253576E0
3.280000000E1	1.065061389E1	7.782914809E0
3.284000000E1	1.120244135E1	7.913360438E0
3.288000000E1	1.198327122E1	8.167054104E0
3.292000000E1	1.305400430E1	8.414135267E0
3.296000000E1	1.436239187E1	8.719519018E0
3.300000000E1	1.595824662E1	9.172944320E0
3.304000000E1	1.781022862E1	9.742397484E0
3.308000000E1	1.998763177E1	1.056615990E1
3.312000000E1	2.229423594E1	1.160720800E1
3.316000000E1	2.471967847E1	1.282753601E1
3.320000000E1	2.715418801E1	1.420393883E1
3.324000000E1	2.954057724E1	1.571313657E1
3.328000000E1	3.181563295E1	1.720967454E1
3.332000000E1	3.388712888E1	1.869461359E1
3.336000000E1	3.568271999E1	2.002706381E1
3.340000000E1	3.710111822E1	2.120479589E1
3.344000000E1	3.811324992E1	2.220170579E1
3.348000000E1	3.925083274E1	2.328928280E1
3.352000000E1	3.926142647E1	2.331477412E1
3.356000000E1	3.939494431E1	2.332730796E1
3.360000000E1	3.938676642E1	2.324249486E1
3.364000000E1	3.929369014E1	2.317864520E1
3.368000000E1	3.923163184E1	2.316310713E1
3.372000000E1	3.924752767E1	2.318338881E1
3.376000000E1	3.925466887E1	2.319363215E1
3.380000000E1	3.918845660E1	2.320468406E1
3.384000000E1	3.895977311E1	2.313399065E1
3.388000000E1	3.856692416E1	2.285653561E1
3.392000000E1	3.791188559E1	2.227582362E1
3.396000000E1	3.690374234E1	2.140908638E1
3.400000000E1	3.553109113E1	2.020726490E1
3.404000000E1	3.378324271E1	1.866126714E1
3.408000000E1	3.162346687E1	1.690221545E1
3.412000000E1	2.911626892E1	1.497100699E1
3.416000000E1	2.626094956E1	1.301986435E1
3.420000000E1	2.323392459E1	1.120181428E1
3.424000000E1	2.008721016E1	9.687173920E0
3.428000000E1	1.696659254E1	8.545427450E0
3.432000000E1	1.406066755E1	7.728587460E0
3.436000000E1	1.164779502E1	7.382910194E0
3.440000000E1	9.894519626E0	7.337055204E0
3.444000000E1	8.879132208E0	7.382096414E0
3.448000000E1	8.406849808E0	7.518660847E0
3.452000000E1	8.469247620E0	7.651771320E0
3.456000000E1	8.816095922E0	7.631587200E0
3.460000000E1	9.282119200E0	7.616344128E0
3.464000000E1	9.707945951E0	7.579749673E0
3.468000000E1	1.003983957E1	7.481125712E0
3.472000000E1	1.020767269E1	7.355977886E0
3.476000000E1	1.021239086E1	7.308374173E0
3.480000000E1	1.024073131E1	7.255104291E0
3.484000000E1	1.029703676E1	7.171128059E0
3.488000000E1	1.048239709E1	7.303504049E0
3.492000000E1	1.167640621E1	7.651887067E0
3.496000000E1	1.168709264E1	7.638891636E0
3.500000000E1	1.281379210E1	7.953063712E0
3.504000000E1	1.436333274E1	8.368385672E0
3.508000000E1	1.626400367E1	8.935103927E0
3.512000000E1	1.841070852E1	9.648746574E0
3.516000000E1	2.077605103E1	1.057781459E1
3.520000000E1	2.314223574E1	1.156403191E1
3.524000000E1	2.548901742E1	1.268164570E1
3.528000000E1	2.777918420E1	1.393344789E1
3.532000000E1	3.004265989E1	1.528234225E1
3.536000000E1	3.210835123E1	1.669482185E1
3.540000000E1	3.402449403E1	1.813500109E1
3.544000000E1	3.578148980E1	1.959884378E1
3.548000000E1	3.727964484E1	2.109576071E1
3.552000000E1	3.909412648E1	2.300658536E1
3.556000000E1	3.911845666E1	2.302283110E1
3.560000000E1	3.935412049E1	2.313379864E1
3.564000000E1	3.930802270E1	2.303574802E1
3.568000000E1	3.923925290E1	2.293692786E1
3.572000000E1	3.913435482E1	2.289274516E1
3.576000000E1	3.902641017E1	2.287396140E1
3.580000000E1	3.898826645E1	2.288418147E1
3.584000000E1	3.898495764E1	2.288105225E1
3.588000000E1	3.899334637E1	2.288440149E1
3.592000000E1	3.881200837E1	2.274398636E1
3.596000000E1	3.882054824E1	2.273513911E1
3.600000000E1	3.850341922E1	2.251706904E1
3.604000000E1	3.795172555E1	2.209802260E1
3.608000000E1	3.715742254E1	2.136805584E1
3.612000000E1	3.601627776E1	2.033847875E1
3.616000000E1	3.448111931E1	1.898012905E1
3.620000000E1	3.268106990E1	1.742841691E1
3.624000000E1	3.042564293E1	1.561076709E1
3.628000000E1	2.796331259E1	1.379549312E1
3.632000000E1	2.524416253E1	1.192879516E1
3.636000000E1	2.209807743E1	1.017021513E1
3.640000000E1	1.880947816E1	8.820117946E0
3.644000000E1	1.564498955E1	7.933704462E0
3.648000000E1	1.293361075E1	7.374534561E0
3.652000000E1	1.078954841E1	7.335464282E0
3.656000000E1	9.361293377E0	7.446297522E0
3.660000000E1	8.463298819E0	7.623004442E0
3.664000000E1	8.123962769E0	7.789700081E0
3.668000000E1	8.245580497E0	7.807884143E0
3.672000000E1	8.551008048E0	7.790615465E0
3.676000000E1	8.874841239E0	7.798540672E0
3.680000000E1	9.177020568E0	7.791179811E0
3.684000000E1	9.472230446E0	7.789902828E0
3.688000000E1	9.789624036E0	7.815428984E0
3.692000000E1	1.019037904E1	7.869856500E0
3.696000000E1	1.078892635E1	8.026250221E0
3.700000000E1	1.167879177E1	8.210715451E0
3.704000000E1	1.289652883E1	8.506354939E0
3.708000000E1	1.455145866E1	8.882284507E0
3.712000000E1	1.640658986E1	9.399482743E0
3.716000000E1	1.857626911E1	1.009115606E1
3.720000000E1	2.098844315E1	1.098538585E1
3.724000000E1	2.343731946E1	1.201329498E1
3.728000000E1	2.583844084E1	1.317527110E1
3.732000000E1	2.817464790E1	1.447801999E1
3.736000000E1	3.028701907E1	1.576079839E1
3.740000000E1	3.222397823E1	1.693264838E1
3.744000000E1	3.397119614E1	1.813482777E1
3.748000000E1	3.671870024E1	2.023301868E1
3.752000000E1	3.672303677E1	2.020760460E1
3.756000000E1	3.766254639E1	2.109045506E1
3.760000000E1	3.836104075E1	2.185395277E1
3.764000000E1	3.875769815E1	2.224015643E1
3.768000000E1	3.889422650E1	2.216915240E1
3.772000000E1	3.879257270E1	2.192174066E1
3.776000000E1	3.866372568E1	2.181632714E1
3.780000000E1	3.852374860E1	2.182144079E1
3.784000000E1	3.840379330E1	2.184115287E1
3.788000000E1	3.837174705E1	2.184112805E1
3.792000000E1	3.836301672E1	2.183298742E1
3.796000000E1	3.837110476E1	2.183295590E1
3.800000000E1	3.837820280E1	2.182969456E1
3.804000000E1	3.837256225E1	2.182116764E1
3.808000000E1	3.834615629E1	2.181134551E1
3.812000000E1	3.821561113E1	2.179157093E1
3.816000000E1	3.793670164E1	2.166159346E1
3.820000000E1	3.746687247E1	2.132094703E1
3.824000000E1	3.668920638E1	2.075950539E1
3.828000000E1	3.553564820E1	1.986863708E1
3.832000000E1	3.400019783E1	1.867510171E1
3.836000000E1	3.211279583E1	1.722773522E1
3.840000000E1	2.991905751E1	1.567742905E1
3.844000000E1	2.737842685E1	1.405345777E1
3.848000000E1	2.463396599E1	1.250809295E1
3.852000000E1	2.165228887E1	1.107381369E1
3.856000000E1	1.856276639E1	9.850851779E0
3.860000000E1	1.556167141E1	8.918569034E0
3.864000000E1	1.273962738E1	8.219008247E0
3.868000000E1	1.019576596E1	7.709140353E0
3.872000000E1	8.156924761E0	7.638796921E0
3.876000000E1	6.757502559E0	7.765548547E0
3.880000000E1	6.003264615E0	8.013616927E0
3.884000000E1	5.817963510E0	8.200879225E0
3.888000000E1	6.012271137E0	8.252526790E0
3.892000000E1	6.892228574E0	8.100873493E0
3.896000000E1	6.897954728E0	8.086432135E0
3.900000000E1	7.350370076E0	7.962426726E0
3.904000000E1	7.797813876E0	7.844992061E0
3.908000000E1	8.212179290E0	7.745985417E0
3.912000000E1	8.663315618E0	7.755800391E0
3.916000000E1	9.292652873E0	7.801272637E0
3.920000000E1	1.003713126E1	8.012172664E0
3.924000000E1	1.108355718E1	8.330115702E0
3.928000000E1	1.250467678E1	8.702684530E0
3.932000000E1	1.424230342E1	9.191054530E0
3.936000000E1	1.621658699E1	9.807323435E0
3.940000000E1	1.849894036E1	1.061505076E1
3.944000000E1	2.091990767E1	1.157614211E1
3.948000000E1	2.347606873E1	1.270116726E1
3.952000000E1	2.601127546E1	1.403744010E1
3.956000000E1	2.842456819E1	1.546238189E1
3.960000000E1	3.069997765E1	1.688239221E1
3.964000000E1	3.271799332E1	1.825486238E1
3.968000000E1	3.458891493E1	1.955893632E1
3.972000000E1	3.617315687E1	2.074903741E1
3.976000000E1	3.745851185E1	2.185653897E1
3.980000000E1	3.847084005E1	2.284055783E1
3.984000000E1	3.914344224E1	2.347237539E1
3.988000000E1	3.945047436E1	2.358126588E1
3.992000000E1	3.953670360E1	2.345396329E1
3.996000000E1	3.952234737E1	2.325904029E1
4.000000000E1	3.954355227E1	2.319956208E1
4.004000000E1	3.955194886E1	2.319269327E1
4.008000000E1	3.955762784E1	2.327501385E1
4.012000000E1	3.961165342E1	2.337693329E1
4.016000000E1	3.962375105E1	2.339436140E1
4.020000000E1	3.957487519E1	2.333119816E1
4.024000000E1	3.944070286E1	2.331862318E1
4.028000000E1	3.922358788E1	2.318534157E1
4.032000000E1	3.883651599E1	2.289355418E1
4.036000000E1	3.821747212E1	2.243694012E1
4.040000000E1	3.732255356E1	2.170149106E1
4.044000000E1	3.613666836E1	2.077574743E1
4.048000000E1	3.465829911E1	1.959870189E1
4.052000000E1	3.291163262E1	1.837084198E1
4.056000000E1	3.087627825E1	1.703135839E1
4.060000000E1	2.858971035E1	1.570359952E1
4.064000000E1	2.608038592E1	1.433964943E1
4.068000000E1	2.339101725E1	1.302301347E1
4.072000000E1	2.069639945E1	1.189239539E1
4.076000000E1	1.789034826E1	1.086996993E1
4.080000000E1	1.509436039E1	9.975781579E0
4.084000000E1	1.265646064E1	9.387542535E0
4.088000000E1	1.060558287E1	8.867617397E0
4.092000000E1	9.274581239E0	8.555688167E0
4.096000000E1	8.518154406E0	8.411092904E0
4.100000000E1	8.264333038E0	8.225989502E0
4.104000000E1	8.417173512E0	8.005563247E0
4.108000000E1	8.932261928E0	7.753789611E0
4.112000000E1	1.035517566E1	7.497656379E0
4.116000000E1	1.035001716E1	7.484254882E0
4.120000000E1	1.083841236E1	7.497574200E0
4.124000000E1	1.124588892E1	7.466452420E0
4.128000000E1	1.165825257E1	7.332787336E0
4.132000000E1	1.198478727E1	7.290149417E0
4.136000000E1	1.238837286E1	7.173080285E0
4.140000000E1	1.275589219E1	7.175816377E0
4.144000000E1	1.301822151E1	7.118565207E0
4.148000000E1	1.303404523E1	7.170938289E0
4.152000000E1	1.285920330E1	7.170831180E0
4.156000000E1	1.270343279E1	7.173983845E0
4.160000000E1	1.256062947E1	7.257842469E0
4.164000000E1	1.247746894E1	7.386863450E0
4.168000000E1	1.244188483E1	7.361313184E0
4.172000000E1	1.244574308E1	7.461389692E0
4.176000000E1	1.258667902E1	7.479295934E0
4.180000000E1	1.272661145E1	7.479273715E0
4.184000000E1	1.289706271E1	7.519791029E0
4.188000000E1	1.289512370E1	7.489876047E0
4.192000000E1	1.289547740E1	7.483290688E0
4.196000000E1	1.288901258E1	7.473513505E0
4.200000000E1	1.282448232E1	7.436214269E0
4.204000000E1	1.274751930E1	7.469810997E0
4.208000000E1	1.270906149E1	7.406738771E0
4.212000000E1	1.274283683E1	7.393887529E0
4.216000000E1	1.272883657E1	7.329945394E0
4.220000000E1	1.273277947E1	7.321939250E0
4.224000000E1	1.273477116E1	7.319028121E0
4.228000000E1	1.273963950E1	7.322851035E0
4.232000000E1	1.273921794E1	7.322766353E0
4.236000000E1	1.274104936E1	7.324351336E0
4.240000000E1	1.274212956E1	7.322720004E0
4.244000000E1	1.273107502E1	7.310433207E0
4.248000000E1	1.271509939E1	7.276466938E0
4.252000000E1	1.271386965E1	7.274639829E0
4.256000000E1	1.271343531E1	7.283184650E0
4.260000000E1	1.271476434E1	7.294321751E0
4.264000000E1	1.271510173E1	7.299839135E0
4.268000000E1	1.272980546E1	7.314971181E0
4.272000000E1	1.273461513E1	7.319345505E0
4.276000000E1	1.273707894E1	7.322765376E0
4.280000000E1	1.274073439E1	7.326214298E0
4.284000000E1	1.274259401E1	7.328838539E0
4.288000000E1	1.274354233E1	7.330479369E0
4.292000000E1	1.274409108E1	7.330166109E0
4.296000000E1	1.274453715E1	7.330245377E0
4.300000000E1	1.274731000E1	7.333812788E0
4.304000000E1	1.274521484E1	7.330896539E0
4.308000000E1	1.274423056E1	7.329561405E0
4.312000000E1	1.274771290E1	7.333628659E0
4.316000000E1	1.275155941E1	7.338377275E0
4.320000000E1	1.274793821E1	7.334035401E0
4.324000000E1	1.274615035E1	7.331865706E0
4.328000000E1	1.274591273E1	7.332116330E0
4.332000000E1	1.274604087E1	7.332728169E0
4.336000000E1	1.274517125E1	7.330244136E0
4.340000000E1	1.274402058E1	7.330176499E0
4.344000000E1	1.274356760E1	7.329739498E0
4.348000000E1	1.274335728E1	7.329539098E0
4.352000000E1	1.274274737E1	7.328823250E0
4.356000000E1	1.274242333E1	7.328457651E0
4.360000000E1	1.274139734E1	7.326234395E0
4.364000000E1	1.273642005E1	7.314836673E0
4.368000000E1	1.273962592E1	7.324525514E0
4.372000000E1	1.274113404E1	7.326464501E0
