hand
t	x	y
0.000000000E0	4.406314065E1	1.298851805E1
4.000000000E-2	4.406157784E1	1.299231233E1
8.000000000E-2	4.406211642E1	1.299112093E1
1.200000000E-1	4.406223547E1	1.298993748E1
1.600000000E-1	4.406256963E1	1.299000689E1
2.000000000E-1	4.406253803E1	1.298967574E1
2.400000000E-1	4.406244267E1	1.298967522E1
2.800000000E-1	4.406233929E1	1.298931839E1
3.200000000E-1	4.406204065E1	1.298912083E1
3.600000000E-1	4.406304147E1	1.298952408E1
4.000000000E-1	4.406360444E1	1.298997296E1
4.400000000E-1	4.406330563E1	1.298955961E1
4.800000000E-1	4.406314964E1	1.298938370E1
5.200000000E-1	4.406310629E1	1.298945033E1
5.600000000E-1	4.406370713E1	1.299279374E1
6.000000000E-1	4.406339445E1	1.298947838E1
6.400000000E-1	4.406331114E1	1.298968345E1
6.800000000E-1	4.406355970E1	1.298814640E1
7.200000000E-1	4.406375675E1	1.298542799E1
7.600000000E-1	4.406408010E1	1.298829754E1
8.000000000E-1	4.406308974E1	1.298991467E1
8.400000000E-1	4.406308454E1	1.298960757E1
8.800000000E-1	4.406282076E1	1.298974073E1
9.200000000E-1	4.406274009E1	1.298933155E1
9.600000000E-1	4.406298360E1	1.298932237E1
1.000000000E0	4.406429553E1	1.298875558E1
1.040000000E0	4.406355428E1	1.298918199E1
1.080000000E0	4.406322159E1	1.298928808E1
1.120000000E0	4.406307945E1	1.298915589E1
1.160000000E0	4.406302110E1	1.298914191E1
1.200000000E0	4.406289522E1	1.298936650E1
1.240000000E0	4.406297271E1	1.298928493E1
1.280000000E0	4.406293818E1	1.298921423E1
1.320000000E0	4.406285171E1	1.298935254E1
1.360000000E0	4.406238869E1	1.298900792E1
1.400000000E0	4.406194368E1	1.298882110E1
1.440000000E0	4.406229069E1	1.299013501E1
1.480000000E0	4.406257593E1	1.299268039E1
1.520000000E0	4.406279992E1	1.299057836E1
1.560000000E0	4.406279438E1	1.298995503E1
1.600000000E0	4.406235321E1	1.298948039E1
1.640000000E0	4.406193712E1	1.298919973E1
1.680000000E0	4.406244451E1	1.298881588E1
1.720000000E0	4.406265217E1	1.298865760E1
1.760000000E0	4.406273696E1	1.298897638E1
1.800000000E0	4.406268543E1	1.298917969E1
1.840000000E0	4.406185344E1	1.298883831E1
1.880000000E0	4.406168346E1	1.298869500E1
1.920000000E0	4.406237699E1	1.298900417E1
1.960000000E0	4.406254409E1	1.298907687E1
2.000000000E0	4.406329585E1	1.299162158E1
2.040000000E0	4.406251053E1	1.299089814E1
2.080000000E0	4.406315339E1	1.298980755E1
2.120000000E0	4.406307083E1	1.298928568E1
2.160000000E0	4.406300232E1	1.298915669E1
2.200000000E0	4.406300967E1	1.298902686E1
2.240000000E0	4.406302442E1	1.298902380E1
2.280000000E0	4.406295452E1	1.298906660E1
2.320000000E0	4.406293240E1	1.298910788E1
2.360000000E0	4.406291060E1	1.298913602E1
2.400000000E0	4.406285582E1	1.298903812E1
2.440000000E0	4.406282815E1	1.298926827E1
2.480000000E0	4.406268473E1	1.298934546E1
2.520000000E0	4.406278033E1	1.298923468E1
2.560000000E0	4.406275777E1	1.298930279E1
2.600000000E0	4.406266254E1	1.298913092E1
2.640000000E0	4.406265412E1	1.298906124E1
2.680000000E0	4.406258450E1	1.298906885E1
2.720000000E0	4.406246773E1	1.298899738E1
2.760000000E0	4.406265291E1	1.298901106E1
2.800000000E0	4.406272624E1	1.298906283E1
2.840000000E0	4.406288044E1	1.298880818E1
2.880000000E0	4.406271965E1	1.298866893E1
2.920000000E0	4.406222156E1	1.298852714E1
2.960000000E0	4.406175006E1	1.298846558E1
3.000000000E0	4.405802283E1	1.298875317E1
3.040000000E0	4.406078108E1	1.298907674E1
3.080000000E0	4.406195521E1	1.298915169E1
3.120000000E0	4.406198161E1	1.298867846E1
3.160000000E0	4.406226221E1	1.298961366E1
3.200000000E0	4.406257834E1	1.298859244E1
3.240000000E0	4.406230399E1	1.298984215E1
3.280000000E0	4.406196909E1	1.298917218E1
3.320000000E0	4.406157306E1	1.298880694E1
3.360000000E0	4.406056444E1	1.298810591E1
3.400000000E0	4.405952519E1	1.298740189E1
3.440000000E0	4.405767131E1	1.298696948E1
3.480000000E0	4.405578578E1	1.298634794E1
3.520000000E0	4.405851509E1	1.298743617E1
3.560000000E0	4.405798534E1	1.298571654E1
3.600000000E0	4.406025004E1	1.298997702E1
3.640000000E0	4.406066082E1	1.298864972E1
3.680000000E0	4.406119814E1	1.298897302E1
3.720000000E0	4.406129142E1	1.298920263E1
3.760000000E0	4.406104344E1	1.298897233E1
3.800000000E0	4.406061096E1	1.298877269E1
3.840000000E0	4.406035266E1	1.298557734E1
3.880000000E0	4.405994346E1	1.298221888E1
3.920000000E0	4.405777410E1	1.298232006E1
3.960000000E0	4.405687022E1	1.298364705E1
4.000000000E0	4.403801108E1	1.297149847E1
4.040000000E0	4.404394462E1	1.296617919E1
4.080000000E0	4.404550628E1	1.295582282E1
4.120000000E0	4.403911556E1	1.295750979E1
4.160000000E0	4.403664545E1	1.296282578E1
4.200000000E0	4.402652975E1	1.297303610E1
4.240000000E0	4.401321700E1	1.297796698E1
4.280000000E0	4.393926787E1	1.305717074E1
4.320000000E0	4.388168072E1	1.338805708E1
4.360000000E0	4.390568698E1	1.404792577E1
4.400000000E0	4.401280150E1	1.490526705E1
4.440000000E0	4.429507056E1	1.582883051E1
4.480000000E0	4.479559627E1	1.683093683E1
4.520000000E0	4.547015680E1	1.783523924E1
4.560000000E0	4.635160012E1	1.882536827E1
4.600000000E0	4.736793858E1	1.990795155E1
4.640000000E0	4.841365747E1	2.091781609E1
4.680000000E0	4.930911418E1	2.167804828E1
4.720000000E0	5.004782766E1	2.216322714E1
4.760000000E0	5.087635849E1	2.249053193E1
4.800000000E0	5.212962507E1	2.272248045E1
4.840000000E0	5.396808118E1	2.273592364E1
4.880000000E0	5.641143304E1	2.250564985E1
4.920000000E0	5.919229004E1	2.190201082E1
4.960000000E0	6.206191022E1	2.082085817E1
5.000000000E0	6.470021759E1	1.952438693E1
5.040000000E0	6.704305628E1	1.796646354E1
5.080000000E0	7.003261612E1	1.514886671E1
5.120000000E0	7.003588246E1	1.484676622E1
5.160000000E0	7.077350109E1	1.434434026E1
5.200000000E0	7.129821368E1	1.420623104E1
5.240000000E0	7.166291430E1	1.452840272E1
5.280000000E0	7.190458465E1	1.483287752E1
5.320000000E0	7.194610463E1	1.498022904E1
5.360000000E0	7.190521720E1	1.502058634E1
5.400000000E0	7.180339776E1	1.507315242E1
5.440000000E0	7.177375217E1	1.517400514E1
5.480000000E0	7.170865244E1	1.521346151E1
5.520000000E0	7.165638970E1	1.521522166E1
5.560000000E0	7.164462412E1	1.522837346E1
5.600000000E0	7.163009605E1	1.523843853E1
5.640000000E0	7.162073058E1	1.522459562E1
5.680000000E0	7.160442457E1	1.521700774E1
5.720000000E0	7.158248761E1	1.521620582E1
5.760000000E0	7.154990418E1	1.523809541E1
5.800000000E0	7.148708520E1	1.531684911E1
5.840000000E0	7.144685921E1	1.541777501E1
5.880000000E0	7.133691937E1	1.562892573E1
5.920000000E0	7.117113013E1	1.595077149E1
5.960000000E0	7.089967258E1	1.629420277E1
6.000000000E0	7.056098946E1	1.680799226E1
6.040000000E0	6.999113156E1	1.737760294E1
6.080000000E0	6.911701343E1	1.800024398E1
6.120000000E0	6.776637185E1	1.884962932E1
6.160000000E0	6.579711611E1	1.955617761E1
6.200000000E0	6.313056545E1	2.009370129E1
6.240000000E0	5.984869631E1	2.039717372E1
6.280000000E0	5.598663122E1	2.035076709E1
6.320000000E0	5.176082666E1	1.987822747E1
6.360000000E0	4.753735578E1	1.909900411E1
6.400000000E0	4.393517075E1	1.811207126E1
6.440000000E0	4.146519846E1	1.716787335E1
6.480000000E0	4.004288789E1	1.658157674E1
6.520000000E0	3.924307401E1	1.632082592E1
6.560000000E0	3.902384868E1	1.629381153E1
6.600000000E0	3.909153653E1	1.629052110E1
6.640000000E0	3.938982164E1	1.629178081E1
6.680000000E0	3.973164814E1	1.632556729E1
6.720000000E0	3.972420763E1	1.630141014E1
6.760000000E0	3.973069987E1	1.618536984E1
6.800000000E0	3.969426702E1	1.600049261E1
6.840000000E0	3.957263376E1	1.583790233E1
6.880000000E0	3.953051285E1	1.570244829E1
6.920000000E0	3.956017842E1	1.568774925E1
6.960000000E0	3.971012908E1	1.577748798E1
7.000000000E0	4.002916800E1	1.610756570E1
7.040000000E0	4.057647523E1	1.662757664E1
7.080000000E0	4.138569596E1	1.733249556E1
7.120000000E0	4.265060688E1	1.822195147E1
7.160000000E0	4.437663264E1	1.915056436E1
7.200000000E0	4.663374337E1	2.002385200E1
7.240000000E0	4.938329315E1	2.067070889E1
7.280000000E0	5.246796350E1	2.111226888E1
7.320000000E0	5.582506532E1	2.127571091E1
7.360000000E0	5.927321858E1	2.105823064E1
7.400000000E0	6.250644080E1	2.058259069E1
7.440000000E0	6.552018928E1	1.974655329E1
7.480000000E0	6.796382256E1	1.867977139E1
7.520000000E0	6.968614620E1	1.755751314E1
7.560000000E0	7.080223691E1	1.637052214E1
7.600000000E0	7.129930141E1	1.554294307E1
7.640000000E0	7.153813353E1	1.538846428E1
7.680000000E0	7.164625170E1	1.567183450E1
7.720000000E0	7.162036805E1	1.595242389E1
7.760000000E0	7.148323964E1	1.594902138E1
7.800000000E0	7.134322158E1	1.565656847E1
7.840000000E0	7.123671372E1	1.535980859E1
7.880000000E0	7.119731385E1	1.511000486E1
7.920000000E0	7.118669017E1	1.491408028E1
7.960000000E0	7.118509489E1	1.475416667E1
8.000000000E0	7.118018922E1	1.472940923E1
8.040000000E0	7.117255109E1	1.472716272E1
8.080000000E0	7.116921050E1	1.474410603E1
8.120000000E0	7.116880981E1	1.476770093E1
8.160000000E0	7.116720774E1	1.478267037E1
8.200000000E0	7.117704974E1	1.486598680E1
8.240000000E0	7.118499918E1	1.501990831E1
8.280000000E0	7.118596574E1	1.517886223E1
8.320000000E0	7.112103896E1	1.552355020E1
8.360000000E0	7.093223514E1	1.615302358E1
8.400000000E0	7.035195787E1	1.705436300E1
8.440000000E0	6.740846365E1	1.972421296E1
8.480000000E0	6.738765136E1	1.973598925E1
8.520000000E0	6.476266712E1	2.109790173E1
8.560000000E0	6.146876261E1	2.215721081E1
8.600000000E0	5.758068661E1	2.275895193E1
8.640000000E0	5.346836053E1	2.277834374E1
8.680000000E0	4.937870446E1	2.222509054E1
8.720000000E0	4.565038826E1	2.117168257E1
8.760000000E0	4.253869192E1	1.961175997E1
8.800000000E0	4.011127610E1	1.781664064E1
8.840000000E0	3.841939218E1	1.623371300E1
8.880000000E0	3.709924327E1	1.452323277E1
8.920000000E0	3.709117951E1	1.453291872E1
8.960000000E0	3.719651344E1	1.450174464E1
9.000000000E0	3.761990135E1	1.473058846E1
9.040000000E0	3.813740339E1	1.510388558E1
9.080000000E0	3.858413403E1	1.544845815E1
9.120000000E0	3.895174366E1	1.571955891E1
9.160000000E0	3.935035297E1	1.601908823E1
9.200000000E0	3.993461933E1	1.650289791E1
9.240000000E0	4.083086846E1	1.722042071E1
9.280000000E0	4.222123430E1	1.808991641E1
9.320000000E0	4.408192778E1	1.892835714E1
9.360000000E0	4.638936886E1	1.963032920E1
9.400000000E0	4.897837256E1	2.027928288E1
9.440000000E0	5.172513172E1	2.096606833E1
9.480000000E0	5.473052222E1	2.137602968E1
9.520000000E0	5.783338877E1	2.143264733E1
9.560000000E0	6.089055946E1	2.128240701E1
9.600000000E0	6.389842802E1	2.080683885E1
9.640000000E0	6.663840252E1	2.006348865E1
9.680000000E0	6.893407706E1	1.901622589E1
9.720000000E0	7.063311571E1	1.777674383E1
9.760000000E0	7.167460222E1	1.660378021E1
9.800000000E0	7.214675385E1	1.574442268E1
9.840000000E0	7.227843685E1	1.540482887E1
9.880000000E0	7.231612456E1	1.545037742E1
9.920000000E0	7.218655460E1	1.547744601E1
9.960000000E0	7.197847900E1	1.528067657E1
1.000000000E1	7.178637898E1	1.499702676E1
1.004000000E1	7.168732404E1	1.479993645E1
1.008000000E1	7.164094484E1	1.465033009E1
1.012000000E1	7.167761228E1	1.453842464E1
1.016000000E1	7.170133845E1	1.441631655E1
1.020000000E1	7.168904386E1	1.435222699E1
1.024000000E1	7.167532469E1	1.431974769E1
1.028000000E1	7.167462152E1	1.432641915E1
1.032000000E1	7.167350890E1	1.436055824E1
1.036000000E1	7.165867159E1	1.449124133E1
1.040000000E1	7.163118520E1	1.468908013E1
1.044000000E1	7.154673122E1	1.510837328E1
1.048000000E1	7.129153816E1	1.568659522E1
1.052000000E1	7.087293812E1	1.648408021E1
1.056000000E1	7.008009406E1	1.745666227E1
1.060000000E1	6.897191704E1	1.841919279E1
1.064000000E1	6.731059188E1	1.948542387E1
1.068000000E1	6.512259455E1	2.050340323E1
1.072000000E1	6.228477581E1	2.134937055E1
1.076000000E1	5.891757063E1	2.210072806E1
1.080000000E1	5.525112581E1	2.255807872E1
1.084000000E1	5.147603578E1	2.256150117E1
1.088000000E1	4.781728621E1	2.204437495E1
1.092000000E1	4.455402929E1	2.098406815E1
1.096000000E1	4.198677560E1	1.960712995E1
1.100000000E1	4.010938565E1	1.812875551E1
1.104000000E1	3.876051067E1	1.684423045E1
1.108000000E1	3.799073894E1	1.590064617E1
1.112000000E1	3.770508387E1	1.540516821E1
1.116000000E1	3.772131965E1	1.523543150E1
1.120000000E1	3.799312236E1	1.526742105E1
1.124000000E1	3.832279810E1	1.535318786E1
1.128000000E1	3.864993806E1	1.549522285E1
1.132000000E1	3.905974834E1	1.575413734E1
1.136000000E1	3.972175423E1	1.633876799E1
1.140000000E1	4.069394364E1	1.723199931E1
1.144000000E1	4.214430713E1	1.813164364E1
1.148000000E1	4.399962655E1	1.903293180E1
1.152000000E1	4.626756628E1	1.982856854E1
1.156000000E1	4.892777880E1	2.044313503E1
1.160000000E1	5.175279525E1	2.110998829E1
1.164000000E1	5.486337133E1	2.169237136E1
1.168000000E1	5.819045575E1	2.189592517E1
1.172000000E1	6.151304551E1	2.174261493E1
1.176000000E1	6.462953668E1	2.121268840E1
1.180000000E1	6.747080826E1	2.035456642E1
1.184000000E1	6.978764046E1	1.915289115E1
1.188000000E1	7.135046611E1	1.774886190E1
1.192000000E1	7.218837924E1	1.641244672E1
1.196000000E1	7.208379049E1	1.565584075E1
1.200000000E1	7.214518672E1	1.550130073E1
1.204000000E1	7.210313826E1	1.550900563E1
1.208000000E1	7.203623569E1	1.545378106E1
1.212000000E1	7.179454882E1	1.515089155E1
1.216000000E1	7.163249127E1	1.492338231E1
1.220000000E1	7.154999086E1	1.489240936E1
1.224000000E1	7.150359071E1	1.490613140E1
1.228000000E1	7.150150967E1	1.488767273E1
1.232000000E1	7.148866985E1	1.481385289E1
1.236000000E1	7.147881368E1	1.463470753E1
1.240000000E1	7.146826812E1	1.460829788E1
1.244000000E1	7.147309860E1	1.475551375E1
1.248000000E1	7.143773452E1	1.505716785E1
1.252000000E1	7.135005375E1	1.553398971E1
1.256000000E1	7.117476092E1	1.639331117E1
1.260000000E1	7.071133732E1	1.757809425E1
1.264000000E1	6.984638564E1	1.903592953E1
1.268000000E1	6.838907922E1	2.071107088E1
1.272000000E1	6.622773311E1	2.237046789E1
1.276000000E1	6.342278516E1	2.370192026E1
1.280000000E1	6.011851660E1	2.466798552E1
1.284000000E1	5.646600639E1	2.498542871E1
1.288000000E1	5.277070045E1	2.478954299E1
1.292000000E1	4.915621281E1	2.409813128E1
1.296000000E1	4.587232104E1	2.290734141E1
1.300000000E1	4.305972968E1	2.141447971E1
1.304000000E1	4.085982638E1	1.978618711E1
1.308000000E1	3.931148323E1	1.811524836E1
1.312000000E1	3.832106442E1	1.689243492E1
1.316000000E1	3.790160574E1	1.609220230E1
1.320000000E1	3.784483414E1	1.568897353E1
1.324000000E1	3.803440980E1	1.552449479E1
1.328000000E1	3.836705996E1	1.557634245E1
1.332000000E1	3.868198034E1	1.577825878E1
1.336000000E1	3.896032697E1	1.586769722E1
1.340000000E1	3.927796624E1	1.596515347E1
1.344000000E1	3.965460520E1	1.620427870E1
1.348000000E1	4.018339199E1	1.661266531E1
1.352000000E1	4.094397307E1	1.729343047E1
1.356000000E1	4.201438497E1	1.805891295E1
1.360000000E1	4.349119435E1	1.881712528E1
1.364000000E1	4.525411257E1	1.959175721E1
1.368000000E1	4.740892542E1	2.028987406E1
1.372000000E1	4.996124720E1	2.080371039E1
1.376000000E1	5.272990911E1	2.116141473E1
1.380000000E1	5.567964739E1	2.137866086E1
1.384000000E1	5.863720559E1	2.122927128E1
1.388000000E1	6.153073100E1	2.077764693E1
1.392000000E1	6.431592939E1	2.011177753E1
1.396000000E1	6.677654865E1	1.913591120E1
1.400000000E1	6.881246752E1	1.805231411E1
1.404000000E1	7.030366877E1	1.680717714E1
1.408000000E1	7.128324261E1	1.575294604E1
1.412000000E1	7.208331597E1	1.520635728E1
1.416000000E1	7.223349943E1	1.500330076E1
1.420000000E1	7.233536507E1	1.516331921E1
1.424000000E1	7.233084447E1	1.521908302E1
1.428000000E1	7.222592619E1	1.507572792E1
1.432000000E1	7.207762785E1	1.487849891E1
1.436000000E1	7.198147121E1	1.474103777E1
1.440000000E1	7.193573111E1	1.464979216E1
1.444000000E1	7.193221360E1	1.462550137E1
1.448000000E1	7.189097156E1	1.471607592E1
1.452000000E1	7.175378066E1	1.495571281E1
1.456000000E1	7.136534584E1	1.537531403E1
1.460000000E1	7.070636569E1	1.613211851E1
1.464000000E1	6.964760480E1	1.713297143E1
1.468000000E1	6.815772369E1	1.825261464E1
1.472000000E1	6.610504900E1	1.942758873E1
1.476000000E1	6.365894635E1	2.043232799E1
1.480000000E1	6.083044124E1	2.120425255E1
1.484000000E1	5.768151370E1	2.170361869E1
1.488000000E1	5.439006721E1	2.187531975E1
1.492000000E1	5.095685169E1	2.171422580E1
1.496000000E1	4.758282864E1	2.112484966E1
1.500000000E1	4.445791078E1	2.014413574E1
1.504000000E1	4.184062383E1	1.885836798E1
1.508000000E1	3.988158532E1	1.751115666E1
1.512000000E1	3.847541420E1	1.630314355E1
1.516000000E1	3.759327626E1	1.530070840E1
1.520000000E1	3.718634071E1	1.456516077E1
1.524000000E1	3.705249426E1	1.408496700E1
1.528000000E1	3.717254253E1	1.379695576E1
1.532000000E1	3.746472068E1	1.375480408E1
1.536000000E1	3.774556888E1	1.387553703E1
1.540000000E1	3.797242494E1	1.402963445E1
1.544000000E1	3.814255268E1	1.416799573E1
1.548000000E1	3.825015898E1	1.435332924E1
1.552000000E1	3.842272024E1	1.465163317E1
1.556000000E1	3.867151200E1	1.505512067E1
1.560000000E1	3.912420793E1	1.557645590E1
1.564000000E1	3.981958608E1	1.625058656E1
1.568000000E1	4.076649283E1	1.705492102E1
1.572000000E1	4.215353515E1	1.793189727E1
1.576000000E1	4.403185105E1	1.872740746E1
1.580000000E1	4.640525917E1	1.939722182E1
1.584000000E1	4.922241995E1	1.990073006E1
1.588000000E1	5.234127085E1	2.020349649E1
1.592000000E1	5.555514377E1	2.034534110E1
1.596000000E1	5.882986272E1	2.030414036E1
1.600000000E1	6.202183178E1	1.999526562E1
1.604000000E1	6.498606844E1	1.928814200E1
1.608000000E1	6.749221591E1	1.824249378E1
1.612000000E1	6.935077487E1	1.705902762E1
1.616000000E1	7.067421594E1	1.598988586E1
1.620000000E1	7.156184642E1	1.491976979E1
1.624000000E1	7.197381332E1	1.393101401E1
1.628000000E1	7.206368516E1	1.322300812E1
1.632000000E1	7.209685442E1	1.323569192E1
1.636000000E1	7.210710667E1	1.347454447E1
1.640000000E1	7.206686044E1	1.372773141E1
1.644000000E1	7.193636836E1	1.388160326E1
1.648000000E1	7.180431169E1	1.386842020E1
1.652000000E1	7.174269014E1	1.370577127E1
1.656000000E1	7.166767287E1	1.351512382E1
1.660000000E1	7.163760666E1	1.339460499E1
1.664000000E1	7.163963507E1	1.330101466E1
1.668000000E1	7.163146814E1	1.328929205E1
1.672000000E1	7.162604329E1	1.340153304E1
1.676000000E1	7.158841132E1	1.367614920E1
1.680000000E1	7.144113004E1	1.410861689E1
1.684000000E1	7.105396405E1	1.478095014E1
1.688000000E1	7.032226432E1	1.566929117E1
1.692000000E1	6.912412054E1	1.680004013E1
1.696000000E1	6.738349803E1	1.803190216E1
1.700000000E1	6.504171484E1	1.920557437E1
1.704000000E1	6.216032783E1	2.019409303E1
1.708000000E1	5.883047345E1	2.101404425E1
1.712000000E1	5.539810424E1	2.157038851E1
1.716000000E1	5.189392004E1	2.181084722E1
1.720000000E1	4.849814759E1	2.165475048E1
1.724000000E1	4.546224501E1	2.122917998E1
1.728000000E1	4.275063501E1	2.046841990E1
1.732000000E1	4.064282880E1	1.944318967E1
1.736000000E1	3.912972432E1	1.832783988E1
1.740000000E1	3.806897041E1	1.735100867E1
1.744000000E1	3.750814096E1	1.657249858E1
1.748000000E1	3.734118947E1	1.604323720E1
1.752000000E1	3.781919216E1	1.566216659E1
1.756000000E1	3.778695708E1	1.568300284E1
1.760000000E1	3.811429534E1	1.567662396E1
1.764000000E1	3.838936541E1	1.569641967E1
1.768000000E1	3.864099994E1	1.575911475E1
1.772000000E1	3.879833248E1	1.580946494E1
1.776000000E1	3.889375859E1	1.589609404E1
1.780000000E1	3.897693569E1	1.597151576E1
1.784000000E1	3.922974980E1	1.611808081E1
1.788000000E1	3.971987389E1	1.642533616E1
1.792000000E1	4.060482366E1	1.686471271E1
1.796000000E1	4.200080087E1	1.743665658E1
1.800000000E1	4.381514789E1	1.813143277E1
1.804000000E1	4.609326650E1	1.894087012E1
1.808000000E1	4.872166012E1	1.959618088E1
1.812000000E1	5.153130128E1	2.017275467E1
1.816000000E1	5.455136868E1	2.055642128E1
1.820000000E1	5.760050663E1	2.069893539E1
1.824000000E1	6.062820926E1	2.046441332E1
1.828000000E1	6.351764780E1	1.992208542E1
1.832000000E1	6.606462543E1	1.904187919E1
1.836000000E1	6.821089707E1	1.805147086E1
1.840000000E1	6.985502939E1	1.703444649E1
1.844000000E1	7.100432604E1	1.623065470E1
1.848000000E1	7.174569745E1	1.554882031E1
1.852000000E1	7.211976121E1	1.503487819E1
1.856000000E1	7.222944543E1	1.481968623E1
1.860000000E1	7.220049091E1	1.476555142E1
1.864000000E1	7.209450274E1	1.485469115E1
1.868000000E1	7.191868875E1	1.489507031E1
1.872000000E1	7.192499986E1	1.489855754E1
1.876000000E1	7.184619017E1	1.479778837E1
1.880000000E1	7.178961410E1	1.474270278E1
1.884000000E1	7.178889256E1	1.461899148E1
1.888000000E1	7.178528808E1	1.449513045E1
1.892000000E1	7.178450900E1	1.442051361E1
1.896000000E1	7.178158546E1	1.444428567E1
1.900000000E1	7.175040879E1	1.458806950E1
1.904000000E1	7.164137766E1	1.491535517E1
1.908000000E1	7.135880052E1	1.551197105E1
1.912000000E1	7.073209111E1	1.638665676E1
1.916000000E1	6.960616771E1	1.751465247E1
1.920000000E1	6.777763276E1	1.877220073E1
1.924000000E1	6.533489229E1	2.001439076E1
1.928000000E1	5.874583700E1	2.170316695E1
1.932000000E1	5.874581177E1	2.168071686E1
1.936000000E1	5.503991176E1	2.191017463E1
1.940000000E1	5.140788413E1	2.167871402E1
1.944000000E1	4.795626979E1	2.095559877E1
1.948000000E1	4.489339492E1	1.981196846E1
1.952000000E1	4.226093754E1	1.852989200E1
1.956000000E1	4.026908023E1	1.725037151E1
1.960000000E1	3.897109543E1	1.615962062E1
1.964000000E1	3.818493783E1	1.547009131E1
1.968000000E1	3.790006313E1	1.521798815E1
1.972000000E1	3.799241847E1	1.519854473E1
1.976000000E1	3.825081854E1	1.525780226E1
1.980000000E1	3.863311500E1	1.542058780E1
1.984000000E1	3.896030656E1	1.554808739E1
1.988000000E1	3.914273980E1	1.560704359E1
1.992000000E1	3.925608444E1	1.555661383E1
1.996000000E1	3.926772335E1	1.556384373E1
2.000000000E1	3.926608050E1	1.567282880E1
2.004000000E1	3.941603881E1	1.599948231E1
2.008000000E1	4.073158121E1	1.764296255E1
2.012000000E1	4.074931296E1	1.764149595E1
2.016000000E1	4.214602401E1	1.866648989E1
2.020000000E1	4.405991078E1	1.961396976E1
2.024000000E1	4.644695269E1	2.048835671E1
2.028000000E1	4.930269364E1	2.125798170E1
2.032000000E1	5.244465813E1	2.170858335E1
2.036000000E1	5.563249522E1	2.198956274E1
2.040000000E1	5.891045891E1	2.208084098E1
2.044000000E1	6.216422898E1	2.192979023E1
2.048000000E1	6.518378952E1	2.142337682E1
2.052000000E1	7.002124266E1	1.942493739E1
2.056000000E1	7.000195589E1	1.941092996E1
2.060000000E1	7.154516512E1	1.814446580E1
2.064000000E1	7.239509615E1	1.695584106E1
2.068000000E1	7.267653651E1	1.618759436E1
2.072000000E1	7.274282620E1	1.599732834E1
2.076000000E1	7.271361082E1	1.611350591E1
2.080000000E1	7.264632112E1	1.622197569E1
2.084000000E1	7.251185927E1	1.614915511E1
2.088000000E1	7.237896304E1	1.595066128E1
2.092000000E1	7.226554514E1	1.573080299E1
2.096000000E1	7.222744527E1	1.550682448E1
2.100000000E1	7.222263638E1	1.523195482E1
2.104000000E1	7.220983261E1	1.496783002E1
2.108000000E1	7.221094123E1	1.487596583E1
2.112000000E1	7.219171593E1	1.489717408E1
2.116000000E1	7.210227550E1	1.509491670E1
2.120000000E1	7.193568191E1	1.558542319E1
2.124000000E1	7.149252023E1	1.643608851E1
2.128000000E1	7.066255377E1	1.739231860E1
2.132000000E1	6.926825493E1	1.866913952E1
2.136000000E1	6.713350231E1	2.004002947E1
2.140000000E1	6.432679038E1	2.117474697E1
2.144000000E1	6.087368899E1	2.213154261E1
2.148000000E1	5.696852525E1	2.272313035E1
2.152000000E1	4.899539055E1	2.243704989E1
2.156000000E1	4.900597266E1	2.242970758E1
2.160000000E1	4.537338497E1	2.173256223E1
2.164000000E1	4.233523874E1	2.076981947E1
2.168000000E1	3.992599299E1	1.959326426E1
2.172000000E1	3.837479173E1	1.849410856E1
2.176000000E1	3.749611622E1	1.765165409E1
2.180000000E1	3.717929025E1	1.708084253E1
2.184000000E1	3.730816296E1	1.676190484E1
2.188000000E1	3.772463178E1	1.670297543E1
2.192000000E1	3.821821852E1	1.673777142E1
2.196000000E1	3.858555423E1	1.675272466E1
2.200000000E1	3.881904208E1	1.675303611E1
2.204000000E1	3.895886827E1	1.673391283E1
2.208000000E1	3.891960483E1	1.656742939E1
2.212000000E1	3.895108155E1	1.658175042E1
2.216000000E1	3.892612668E1	1.655403411E1
2.220000000E1	3.897638320E1	1.658893004E1
2.224000000E1	3.923330498E1	1.676606526E1
2.228000000E1	3.972679569E1	1.712793273E1
2.232000000E1	4.060842302E1	1.777439034E1
2.236000000E1	4.196857401E1	1.854458692E1
2.240000000E1	4.379537339E1	1.941304581E1
2.244000000E1	4.613485350E1	2.030717394E1
2.248000000E1	4.899105529E1	2.101131701E1
2.252000000E1	5.219312622E1	2.143836552E1
2.256000000E1	5.566570795E1	2.158026491E1
2.260000000E1	5.919990941E1	2.135606467E1
2.264000000E1	6.264864599E1	2.076325439E1
2.268000000E1	6.577486688E1	1.980076132E1
2.272000000E1	6.832745390E1	1.868628684E1
2.276000000E1	7.017096658E1	1.751146847E1
2.280000000E1	7.137892619E1	1.639297092E1
2.284000000E1	7.244464325E1	1.471521056E1
2.288000000E1	7.239852585E1	1.474302768E1
2.292000000E1	7.248900094E1	1.450815955E1
2.296000000E1	7.254605518E1	1.476325926E1
2.300000000E1	7.258644305E1	1.510116193E1
2.304000000E1	7.252133066E1	1.520343714E1
2.308000000E1	7.243883711E1	1.506624456E1
2.312000000E1	7.237361980E1	1.485177795E1
2.316000000E1	7.237476462E1	1.468916537E1
2.320000000E1	7.237979597E1	1.460104794E1
2.324000000E1	7.238060696E1	1.446275647E1
2.328000000E1	7.236017231E1	1.444782356E1
2.332000000E1	7.223439312E1	1.461284069E1
2.336000000E1	7.195354106E1	1.504623305E1
2.340000000E1	7.140180240E1	1.581182421E1
2.344000000E1	7.028861862E1	1.695033168E1
2.348000000E1	6.863662516E1	1.834654133E1
2.352000000E1	6.631064194E1	1.976941555E1
2.356000000E1	6.334388338E1	2.089344563E1
2.360000000E1	6.002496984E1	2.166578884E1
2.364000000E1	5.652670332E1	2.193175090E1
2.368000000E1	5.294599434E1	2.172577298E1
2.372000000E1	4.941223194E1	2.104281008E1
2.376000000E1	4.602925363E1	1.994888193E1
2.380000000E1	4.315992591E1	1.867747891E1
2.384000000E1	4.086235498E1	1.746973764E1
2.388000000E1	3.921572911E1	1.654317661E1
2.392000000E1	3.804808814E1	1.590662664E1
2.396000000E1	3.745146988E1	1.556191508E1
2.400000000E1	3.732645720E1	1.544534241E1
2.404000000E1	3.749484852E1	1.538865675E1
2.408000000E1	3.778632427E1	1.537441601E1
2.412000000E1	3.810222828E1	1.533613865E1
2.416000000E1	3.838457408E1	1.536783756E1
2.420000000E1	3.857286427E1	1.539120778E1
2.424000000E1	3.869573228E1	1.540809927E1
2.428000000E1	3.881760561E1	1.550269290E1
2.432000000E1	3.908868147E1	1.579501090E1
2.436000000E1	3.958001701E1	1.636354879E1
2.440000000E1	4.046763969E1	1.716674090E1
2.444000000E1	4.182232471E1	1.810489043E1
2.448000000E1	4.376497280E1	1.902490011E1
2.452000000E1	4.618351543E1	1.989108130E1
2.456000000E1	4.915364138E1	2.060414829E1
2.460000000E1	5.244187417E1	2.106151190E1
2.464000000E1	5.567003503E1	2.141936932E1
2.468000000E1	5.892998938E1	2.156410065E1
2.472000000E1	6.207484551E1	2.131915001E1
2.476000000E1	6.494146634E1	2.072613615E1
2.480000000E1	6.738454546E1	1.981764324E1
2.484000000E1	6.937589393E1	1.867434805E1
2.488000000E1	7.083756534E1	1.748473322E1
2.492000000E1	7.182478194E1	1.626698492E1
2.496000000E1	7.230862834E1	1.507944424E1
2.500000000E1	7.251428497E1	1.434229298E1
2.504000000E1	7.259559222E1	1.414796503E1
2.508000000E1	7.263332316E1	1.436381144E1
2.512000000E1	7.267269125E1	1.462159904E1
2.516000000E1	7.264089765E1	1.474260237E1
2.520000000E1	7.254212794E1	1.475195529E1
2.524000000E1	7.248774273E1	1.477101823E1
2.528000000E1	7.241040753E1	1.478883388E1
2.532000000E1	7.227154290E1	1.493995568E1
2.536000000E1	7.203861576E1	1.523726744E1
2.540000000E1	7.160934360E1	1.580704965E1
2.544000000E1	7.076372239E1	1.669215205E1
2.548000000E1	6.945445930E1	1.789629018E1
2.552000000E1	6.750881672E1	1.928207786E1
2.556000000E1	6.486145536E1	2.047905379E1
2.560000000E1	6.156810504E1	2.143975432E1
2.564000000E1	5.788959118E1	2.204243716E1
2.568000000E1	5.408666500E1	2.215005398E1
2.572000000E1	5.035058372E1	2.175527992E1
2.576000000E1	4.680886572E1	2.098705102E1
2.580000000E1	4.369378432E1	1.997723069E1
2.584000000E1	4.112446473E1	1.885560683E1
2.588000000E1	3.935149914E1	1.785580036E1
2.592000000E1	3.821816766E1	1.704676737E1
2.596000000E1	3.753005666E1	1.654244337E1
2.600000000E1	3.715757035E1	1.629184934E1
2.604000000E1	3.715807255E1	1.626489018E1
2.608000000E1	3.770603720E1	1.643665034E1
2.612000000E1	3.775020378E1	1.644137068E1
2.616000000E1	3.803046298E1	1.659080774E1
2.620000000E1	3.824925030E1	1.671929657E1
2.624000000E1	3.840459256E1	1.677216778E1
2.628000000E1	3.852289377E1	1.675356705E1
2.632000000E1	3.863443081E1	1.678725197E1
2.636000000E1	3.877385609E1	1.697526790E1
2.640000000E1	3.908977055E1	1.735526942E1
2.644000000E1	3.957951698E1	1.792936199E1
2.648000000E1	4.178000065E1	1.930217558E1
2.652000000E1	4.179915680E1	1.929584098E1
2.656000000E1	4.368111470E1	2.002328917E1
2.660000000E1	4.601396417E1	2.069580820E1
2.664000000E1	4.883886986E1	2.126494059E1
2.668000000E1	5.202530835E1	2.170329870E1
2.672000000E1	5.539475654E1	2.191784099E1
2.676000000E1	5.891365819E1	2.181783188E1
2.680000000E1	6.234717342E1	2.132827539E1
2.684000000E1	6.547846321E1	2.039070167E1
2.688000000E1	6.807005164E1	1.927581531E1
2.692000000E1	7.005752161E1	1.807999472E1
2.696000000E1	7.144087931E1	1.683481784E1
2.700000000E1	7.227981855E1	1.552215193E1
2.704000000E1	7.253397276E1	1.431732586E1
2.708000000E1	7.256744080E1	1.384841854E1
2.712000000E1	7.266244833E1	1.412275318E1
2.716000000E1	7.272064544E1	1.462956245E1
2.720000000E1	7.268257971E1	1.494129688E1
2.724000000E1	7.257308026E1	1.511411997E1
2.728000000E1	7.247488702E1	1.510196951E1
2.732000000E1	7.240741569E1	1.503231578E1
2.736000000E1	7.236965431E1	1.491083009E1
2.740000000E1	7.223250396E1	1.489211441E1
2.744000000E1	7.203796105E1	1.501515698E1
2.748000000E1	7.162809044E1	1.536918977E1
2.752000000E1	7.087825271E1	1.600511374E1
2.756000000E1	6.972938280E1	1.697050829E1
2.760000000E1	6.810210671E1	1.818088069E1
2.764000000E1	6.599564177E1	1.943742496E1
2.768000000E1	6.341538563E1	2.061551320E1
2.772000000E1	6.049673725E1	2.170517238E1
2.776000000E1	5.728786905E1	2.255566136E1
2.780000000E1	5.379685703E1	2.313097577E1
2.784000000E1	5.017388640E1	2.334563396E1
2.788000000E1	4.664243917E1	2.304602471E1
2.792000000E1	4.341250630E1	2.226594231E1
2.796000000E1	4.088939602E1	2.106465933E1
2.800000000E1	3.902609266E1	1.970123787E1
2.804000000E1	3.763437284E1	1.842984051E1
2.808000000E1	3.684795336E1	1.732707626E1
2.812000000E1	3.655633886E1	1.643962335E1
2.816000000E1	3.658140125E1	1.581391197E1
2.820000000E1	3.684534794E1	1.552653272E1
2.824000000E1	3.719223851E1	1.553557198E1
2.828000000E1	3.759713507E1	1.570151259E1
2.832000000E1	3.793820507E1	1.588604246E1
2.836000000E1	3.821248611E1	1.602378704E1
2.840000000E1	3.838343723E1	1.608984910E1
2.844000000E1	3.852619571E1	1.612690088E1
2.848000000E1	3.863148354E1	1.614776533E1
2.852000000E1	3.878762523E1	1.626303714E1
2.856000000E1	3.905482784E1	1.647519360E1
2.860000000E1	3.946433360E1	1.679435726E1
2.864000000E1	4.015236240E1	1.732063932E1
2.868000000E1	4.121466832E1	1.791482623E1
2.872000000E1	4.264137513E1	1.856418771E1
2.876000000E1	4.454015372E1	1.943218325E1
2.880000000E1	4.693176636E1	2.028509649E1
2.884000000E1	5.272725555E1	2.155318418E1
2.888000000E1	5.274779565E1	2.153406944E1
2.892000000E1	5.602307678E1	2.194207145E1
2.896000000E1	5.941993650E1	2.207229618E1
2.900000000E1	6.265357043E1	2.183952210E1
2.904000000E1	6.564075862E1	2.113239058E1
2.908000000E1	6.814755050E1	2.017357583E1
2.912000000E1	7.010124478E1	1.895618791E1
2.916000000E1	7.144440855E1	1.748794941E1
2.920000000E1	7.213297829E1	1.628564780E1
2.924000000E1	7.237325081E1	1.532966904E1
2.928000000E1	7.242896182E1	1.477037881E1
2.932000000E1	7.245676187E1	1.477352307E1
2.936000000E1	7.248935739E1	1.509191760E1
2.940000000E1	7.252090754E1	1.535493994E1
2.944000000E1	7.253023480E1	1.545244553E1
2.948000000E1	7.252713967E1	1.549221082E1
2.952000000E1	7.252152805E1	1.548879086E1
2.956000000E1	7.250791252E1	1.548759295E1
2.960000000E1	7.237590484E1	1.567618819E1
2.964000000E1	7.212373065E1	1.613193016E1
2.968000000E1	7.157053884E1	1.687512859E1
2.972000000E1	7.057411172E1	1.800628880E1
2.976000000E1	6.905808763E1	1.936053961E1
2.980000000E1	6.696256865E1	2.072893926E1
2.984000000E1	6.428460414E1	2.194801761E1
2.988000000E1	6.115804827E1	2.285921373E1
2.992000000E1	5.408038123E1	2.351948696E1
2.996000000E1	5.409284652E1	2.348846818E1
3.000000000E1	5.045955878E1	2.322355219E1
3.004000000E1	4.701597268E1	2.249731338E1
3.008000000E1	4.398140961E1	2.139145060E1
3.012000000E1	4.149736621E1	2.002923136E1
3.016000000E1	3.972063076E1	1.869631138E1
3.020000000E1	3.863970517E1	1.776700956E1
3.024000000E1	3.806302518E1	1.721881430E1
3.028000000E1	3.797036327E1	1.692442558E1
3.032000000E1	3.822411936E1	1.684252148E1
3.036000000E1	3.864427682E1	1.688716040E1
3.040000000E1	3.907169886E1	1.690323897E1
3.044000000E1	3.971898831E1	1.690425540E1
3.048000000E1	3.972122078E1	1.689361905E1
3.052000000E1	3.985830117E1	1.688916088E1
3.056000000E1	3.997447365E1	1.686804491E1
3.060000000E1	4.014389103E1	1.688025484E1
3.064000000E1	4.038548794E1	1.704247005E1
3.068000000E1	4.086056395E1	1.735628650E1
3.072000000E1	4.168403762E1	1.789235103E1
3.076000000E1	4.287497258E1	1.856596533E1
3.080000000E1	4.458244746E1	1.931587302E1
3.084000000E1	4.671337995E1	2.016725043E1
3.088000000E1	4.944801615E1	2.100865817E1
3.092000000E1	5.261479728E1	2.167584465E1
3.096000000E1	5.606339827E1	2.211717345E1
3.100000000E1	5.964251973E1	2.220125280E1
3.104000000E1	6.316951287E1	2.197730284E1
3.108000000E1	6.638702398E1	2.135270788E1
3.112000000E1	6.918724649E1	2.013137554E1
3.116000000E1	7.120838435E1	1.864797804E1
3.120000000E1	7.235017729E1	1.709862275E1
3.124000000E1	7.283744866E1	1.594170904E1
3.128000000E1	7.291545646E1	1.555698513E1
3.132000000E1	7.295820142E1	1.551903402E1
3.136000000E1	7.286903420E1	1.559956696E1
3.140000000E1	7.269260243E1	1.548709561E1
3.144000000E1	7.253500302E1	1.520289744E1
3.148000000E1	7.242107703E1	1.493122617E1
3.152000000E1	7.240616495E1	1.488465872E1
3.156000000E1	7.242181391E1	1.491351511E1
3.160000000E1	7.240640996E1	1.504893219E1
3.164000000E1	7.236265431E1	1.532607329E1
3.168000000E1	7.220010734E1	1.581323528E1
3.172000000E1	7.184702670E1	1.665889113E1
3.176000000E1	7.119552577E1	1.782286441E1
3.180000000E1	7.013385223E1	1.928067555E1
3.184000000E1	6.844290284E1	2.100753087E1
3.188000000E1	6.611548596E1	2.268956508E1
3.192000000E1	6.317991985E1	2.407843490E1
3.196000000E1	5.978939071E1	2.507855753E1
3.200000000E1	5.614426063E1	2.555043792E1
3.204000000E1	5.236271160E1	2.546363648E1
3.208000000E1	4.871260939E1	2.473089941E1
3.212000000E1	4.544694857E1	2.347447233E1
3.216000000E1	4.271064220E1	2.193590520E1
3.220000000E1	4.060193835E1	2.019526179E1
3.224000000E1	3.922145638E1	1.872155357E1
3.228000000E1	3.850781846E1	1.766358166E1
3.232000000E1	3.826219500E1	1.706272625E1
3.236000000E1	3.837399466E1	1.685773697E1
3.240000000E1	3.870312386E1	1.689169654E1
3.244000000E1	3.913944686E1	1.698673091E1
3.248000000E1	3.952648022E1	1.706040633E1
3.252000000E1	3.983712689E1	1.704242448E1
3.256000000E1	3.999885550E1	1.701300935E1
3.260000000E1	4.000909694E1	1.693396809E1
3.264000000E1	4.000128055E1	1.687222548E1
3.268000000E1	3.999828414E1	1.681990712E1
3.272000000E1	4.002725275E1	1.686815160E1
3.276000000E1	4.017490352E1	1.691076592E1
3.280000000E1	4.049010328E1	1.718221053E1
3.284000000E1	4.105877037E1	1.750931631E1
3.288000000E1	4.186819723E1	1.798535611E1
3.292000000E1	4.291860309E1	1.851022812E1
3.296000000E1	4.430443386E1	1.910096927E1
3.300000000E1	4.603315931E1	1.967445863E1
3.304000000E1	4.813365215E1	2.026202498E1
3.308000000E1	5.061328439E1	2.064292895E1
3.312000000E1	5.340977475E1	2.089759635E1
3.316000000E1	5.636074907E1	2.103742959E1
3.320000000E1	5.953740677E1	2.092351687E1
3.324000000E1	6.268511419E1	2.038596636E1
3.328000000E1	6.559280361E1	1.964205533E1
3.332000000E1	6.819248818E1	1.869532946E1
3.336000000E1	7.024990233E1	1.771817179E1
3.340000000E1	7.172850408E1	1.682970385E1
3.344000000E1	7.272917127E1	1.595057600E1
3.348000000E1	7.342948272E1	1.476906293E1
3.352000000E1	7.343043696E1	1.476594942E1
3.356000000E1	7.342840263E1	1.459013040E1
3.360000000E1	7.340020227E1	1.464155669E1
3.364000000E1	7.332068662E1	1.471582419E1
3.368000000E1	7.327535975E1	1.479667841E1
3.372000000E1	7.327066400E1	1.489541573E1
3.376000000E1	7.327784338E1	1.504464342E1
3.380000000E1	7.326566302E1	1.523992293E1
3.384000000E1	7.316268319E1	1.550829325E1
3.388000000E1	7.296560624E1	1.595998359E1
3.392000000E1	7.244181528E1	1.666278321E1
3.396000000E1	7.150114978E1	1.758925542E1
3.400000000E1	7.010911015E1	1.872261374E1
3.404000000E1	6.800990694E1	2.006054447E1
3.408000000E1	6.523169714E1	2.127540832E1
3.412000000E1	6.183513730E1	2.210638249E1
3.416000000E1	5.808986394E1	2.247895004E1
3.420000000E1	5.420220587E1	2.229464016E1
3.424000000E1	5.037659864E1	2.162271517E1
3.428000000E1	4.681025295E1	2.058480117E1
3.432000000E1	4.374994231E1	1.928173145E1
3.436000000E1	4.149829356E1	1.789078399E1
3.440000000E1	3.995616718E1	1.675955863E1
3.444000000E1	3.910470483E1	1.606000431E1
3.448000000E1	3.873587577E1	1.572001644E1
3.452000000E1	3.869181587E1	1.564551119E1
3.456000000E1	3.897627641E1	1.569027104E1
3.460000000E1	3.937293616E1	1.577401551E1
3.464000000E1	3.973160473E1	1.589135069E1
3.468000000E1	3.999270434E1	1.590559337E1
3.472000000E1	4.015914072E1	1.586345011E1
3.476000000E1	4.017846723E1	1.584713379E1
3.480000000E1	4.017777105E1	1.583880320E1
3.484000000E1	4.028139801E1	1.586506530E1
3.488000000E1	4.047448675E1	1.611606841E1
3.492000000E1	4.162840490E1	1.722718148E1
3.496000000E1	4.164949098E1	1.720359710E1
3.500000000E1	4.280986132E1	1.797998764E1
3.504000000E1	4.446597764E1	1.868994648E1
3.508000000E1	4.646865190E1	1.934060632E1
3.512000000E1	4.889111597E1	1.987125503E1
3.516000000E1	5.157212540E1	2.015200802E1
3.520000000E1	5.433445961E1	2.032861211E1
3.524000000E1	5.727399765E1	2.039911490E1
3.528000000E1	6.028872129E1	2.018684846E1
3.532000000E1	6.314992638E1	1.973679864E1
3.536000000E1	6.584267315E1	1.897868057E1
3.540000000E1	6.823860479E1	1.799745380E1
3.544000000E1	7.019556006E1	1.706202453E1
3.548000000E1	7.167688552E1	1.615412996E1
3.552000000E1	7.208299963E1	1.490670164E1
3.556000000E1	7.208358240E1	1.490690748E1
3.560000000E1	7.224278538E1	1.487744265E1
3.564000000E1	7.233085104E1	1.500989921E1
3.568000000E1	7.233171126E1	1.519322355E1
3.572000000E1	7.222469694E1	1.509766837E1
3.576000000E1	7.212761838E1	1.491952333E1
3.580000000E1	7.208175942E1	1.475086277E1
3.584000000E1	7.208630199E1	1.470795721E1
3.588000000E1	7.210345235E1	1.473178262E1
3.592000000E1	7.197933541E1	1.497284737E1
3.596000000E1	7.195328233E1	1.493961786E1
3.600000000E1	7.178268572E1	1.528056850E1
3.604000000E1	7.143887191E1	1.592337971E1
3.608000000E1	7.082123136E1	1.689222629E1
3.612000000E1	6.970393903E1	1.814475437E1
3.616000000E1	6.795522291E1	1.942026204E1
3.620000000E1	6.553987718E1	2.063168138E1
3.624000000E1	6.254877335E1	2.154576522E1
3.628000000E1	5.910235590E1	2.204003327E1
3.632000000E1	5.532891412E1	2.211529840E1
3.636000000E1	5.139757118E1	2.154594302E1
3.640000000E1	4.764067643E1	2.049517269E1
3.644000000E1	4.433084635E1	1.903090574E1
3.648000000E1	4.182390548E1	1.745518315E1
3.652000000E1	3.999654728E1	1.616805031E1
3.656000000E1	3.871353336E1	1.526670583E1
3.660000000E1	3.795018917E1	1.472132068E1
3.664000000E1	3.767184175E1	1.447228580E1
3.668000000E1	3.769689340E1	1.436841940E1
3.672000000E1	3.791367282E1	1.438591759E1
3.676000000E1	3.822556603E1	1.453097940E1
3.680000000E1	3.851555553E1	1.473460341E1
3.684000000E1	3.881233856E1	1.506088041E1
3.688000000E1	3.912119785E1	1.539158909E1
3.692000000E1	3.952187616E1	1.591917383E1
3.696000000E1	4.011913537E1	1.657034397E1
3.700000000E1	4.095124192E1	1.730066398E1
3.704000000E1	4.212551620E1	1.811778307E1
3.708000000E1	4.372808903E1	1.897560764E1
3.712000000E1	4.567148670E1	1.986440517E1
3.716000000E1	4.797719963E1	2.052797152E1
3.720000000E1	5.068760034E1	2.100577066E1
3.724000000E1	5.360549098E1	2.134394725E1
3.728000000E1	5.658878238E1	2.148400685E1
3.732000000E1	5.957357046E1	2.144220522E1
3.736000000E1	6.239907610E1	2.107256168E1
3.740000000E1	6.499825063E1	2.041590541E1
3.744000000E1	6.732487913E1	1.955460999E1
3.748000000E1	7.055986052E1	1.726030835E1
3.752000000E1	7.057713288E1	1.728500488E1
3.756000000E1	7.145726927E1	1.620032116E1
3.760000000E1	7.203783421E1	1.519417610E1
3.764000000E1	7.223935544E1	1.429654548E1
3.768000000E1	7.223373805E1	1.396495260E1
3.772000000E1	7.223044633E1	1.402397858E1
3.776000000E1	7.223438449E1	1.431060636E1
3.780000000E1	7.218018531E1	1.455051741E1
3.784000000E1	7.208280009E1	1.460734639E1
3.788000000E1	7.206105377E1	1.462562679E1
3.792000000E1	7.207462781E1	1.460255208E1
3.796000000E1	7.207552346E1	1.457447304E1
3.800000000E1	7.206972350E1	1.444718950E1
3.804000000E1	7.207975457E1	1.440288630E1
3.808000000E1	7.206510092E1	1.445801073E1
3.812000000E1	7.196303810E1	1.460434268E1
3.816000000E1	7.178637436E1	1.492296838E1
3.820000000E1	7.147622349E1	1.560092805E1
3.824000000E1	7.076867155E1	1.656331738E1
3.828000000E1	6.963977587E1	1.771766482E1
3.832000000E1	6.788009591E1	1.922756980E1
3.836000000E1	6.550078341E1	2.076973696E1
3.840000000E1	6.250807209E1	2.200837625E1
3.844000000E1	5.898591092E1	2.291043518E1
3.848000000E1	5.528214716E1	2.326073364E1
3.852000000E1	5.146300236E1	2.308062845E1
3.856000000E1	4.776982571E1	2.236308761E1
3.860000000E1	4.440312251E1	2.109145117E1
3.864000000E1	4.154210861E1	1.953307911E1
3.868000000E1	3.922880503E1	1.797384828E1
3.872000000E1	3.751560990E1	1.647529522E1
3.876000000E1	3.640056367E1	1.539869034E1
3.880000000E1	3.582024338E1	1.470776147E1
3.884000000E1	3.567284138E1	1.435625332E1
3.888000000E1	3.583196137E1	1.434239785E1
3.892000000E1	3.656964068E1	1.465970086E1
3.896000000E1	3.657252222E1	1.464845734E1
3.900000000E1	3.691310355E1	1.490971790E1
3.904000000E1	3.729279113E1	1.508555127E1
3.908000000E1	3.762764593E1	1.535812512E1
3.912000000E1	3.801979317E1	1.569360078E1
3.916000000E1	3.856843137E1	1.611732177E1
3.920000000E1	3.927957062E1	1.677780382E1
3.924000000E1	4.031934514E1	1.762887145E1
3.928000000E1	4.175911026E1	1.853542816E1
3.932000000E1	4.357606784E1	1.942755862E1
3.936000000E1	4.569228590E1	2.032509944E1
3.940000000E1	4.816447571E1	2.107316511E1
3.944000000E1	5.096380709E1	2.167585134E1
3.948000000E1	5.395155130E1	2.201315067E1
3.952000000E1	5.720272596E1	2.198911154E1
3.956000000E1	6.029684917E1	2.180208903E1
3.960000000E1	6.324331299E1	2.134258089E1
3.964000000E1	6.601009989E1	2.042669712E1
3.968000000E1	6.825764437E1	1.931852956E1
3.972000000E1	6.998186475E1	1.813492807E1
3.976000000E1	7.132382993E1	1.705506208E1
3.980000000E1	7.218765747E1	1.601050705E1
3.984000000E1	7.254102355E1	1.500814260E1
3.988000000E1	7.262247853E1	1.445460673E1
3.992000000E1	7.269868298E1	1.440514443E1
3.996000000E1	7.272672963E1	1.461492850E1
4.000000000E1	7.272048945E1	1.485951027E1
4.004000000E1	7.268615434E1	1.493457774E1
4.008000000E1	7.267895038E1	1.491889705E1
4.012000000E1	7.268261431E1	1.489060217E1
4.016000000E1	7.267881328E1	1.479152161E1
4.020000000E1	7.267268088E1	1.476923019E1
4.024000000E1	7.256427172E1	1.478846380E1
4.028000000E1	7.241188347E1	1.494590542E1
4.032000000E1	7.220510640E1	1.534664100E1
4.036000000E1	7.177670459E1	1.595019375E1
4.040000000E1	7.101667031E1	1.685364652E1
4.044000000E1	6.988996057E1	1.808416565E1
4.048000000E1	6.829338234E1	1.957242216E1
4.052000000E1	6.607031374E1	2.116030108E1
4.056000000E1	6.328797264E1	2.266748751E1
4.060000000E1	6.007545532E1	2.377074183E1
4.064000000E1	5.659617262E1	2.448825943E1
4.068000000E1	5.312321905E1	2.464696210E1
4.072000000E1	4.967017080E1	2.426874340E1
4.076000000E1	4.643365650E1	2.331237573E1
4.080000000E1	4.365380605E1	2.185967453E1
4.084000000E1	4.135481481E1	2.006738629E1
4.088000000E1	3.962167231E1	1.792740212E1
4.092000000E1	3.849487040E1	1.585668651E1
4.096000000E1	3.779944183E1	1.389487135E1
4.100000000E1	3.751321942E1	1.229626237E1
4.104000000E1	3.760214492E1	1.106588743E1
4.108000000E1	3.791579420E1	1.017230434E1
4.112000000E1	3.862027564E1	1.000484790E1
4.116000000E1	3.864772389E1	1.000567324E1
4.120000000E1	3.882231627E1	1.045727684E1
4.124000000E1	3.902592651E1	1.093384814E1
4.128000000E1	3.916034899E1	1.160031815E1
4.132000000E1	3.934784570E1	1.227026638E1
4.136000000E1	3.971107169E1	1.257484122E1
4.140000000E1	4.016735606E1	1.241108944E1
4.144000000E1	4.060159085E1	1.192296602E1
4.148000000E1	4.072892259E1	1.163023815E1
4.152000000E1	4.064268130E1	1.144547734E1
4.156000000E1	4.060627944E1	1.115911910E1
4.160000000E1	4.057547158E1	1.079249438E1
4.164000000E1	4.051675111E1	1.050368003E1
4.168000000E1	4.049176471E1	1.026262865E1
4.172000000E1	4.057629310E1	1.008973236E1
4.176000000E1	4.063965896E1	9.895501570E0
4.180000000E1	4.073831697E1	9.801028749E0
4.184000000E1	4.076828728E1	9.842688316E0
4.188000000E1	4.076749969E1	9.835831593E0
4.192000000E1	4.076499104E1	9.864366346E0
4.196000000E1	4.076424295E1	9.856004533E0
4.200000000E1	4.075879728E1	9.863045615E0
4.204000000E1	4.075731715E1	9.852165644E0
4.208000000E1	4.075856631E1	9.849300242E0
4.212000000E1	4.076256290E1	9.858008179E0
4.216000000E1	4.076361870E1	9.889862498E0
4.220000000E1	4.076329023E1	9.894666215E0
4.224000000E1	4.076315593E1	9.891860083E0
4.228000000E1	4.076271565E1	9.865374859E0
4.232000000E1	4.074572991E1	9.874814647E0
4.236000000E1	4.074248903E1	9.874796770E0
4.240000000E1	4.074062837E1	9.872321992E0
4.244000000E1	4.069073066E1	9.987299624E0
4.248000000E1	4.072892987E1	1.004373301E1
4.252000000E1	4.075743435E1	1.001383136E1
4.256000000E1	4.076580549E1	1.000251505E1
4.260000000E1	4.076753980E1	9.988779702E0
4.264000000E1	4.076649443E1	9.988382326E0
4.268000000E1	4.076594846E1	9.989108197E0
4.272000000E1	4.076452286E1	9.988900314E0
4.276000000E1	4.076418768E1	9.993069026E0
4.280000000E1	4.076462420E1	9.991310288E0
4.284000000E1	4.076604859E1	9.991909060E0
4.288000000E1	4.076542138E1	9.993502838E0
4.292000000E1	4.076765528E1	9.992519182E0
4.296000000E1	4.076966520E1	9.991847534E0
4.300000000E1	4.077103673E1	9.983119799E0
4.304000000E1	4.076647755E1	9.989787153E0
4.308000000E1	4.076641122E1	9.992528330E0
4.312000000E1	4.076675334E1	9.993408039E0
4.316000000E1	4.076667079E1	9.994002979E0
4.320000000E1	4.076820258E1	9.993571029E0
4.324000000E1	4.076968990E1	9.992978243E0
4.328000000E1	4.076832109E1	9.993935377E0
4.332000000E1	4.076775815E1	9.994452247E0
4.336000000E1	4.076965589E1	9.988097630E0
4.340000000E1	4.076659729E1	9.991088968E0
4.344000000E1	4.076543695E1	9.992816949E0
4.348000000E1	4.076514403E1	9.991402344E0
4.352000000E1	4.076464299E1	9.994536358E0
4.356000000E1	4.076432157E1	9.997008430E0
4.360000000E1	4.076429604E1	9.996688229E0
4.364000000E1	4.076393491E1	1.000590817E1
4.368000000E1	4.076438959E1	1.000014900E1
4.372000000E1	4.076434040E1	9.998091757E0
