axel
t	x	y
0.000000000E0	1.457363253E1	3.819075200E1
4.000000000E-2	1.456975115E1	3.819334809E1
8.000000000E-2	1.456606270E1	3.819149617E1
1.200000000E-1	1.456680736E1	3.818744697E1
1.600000000E-1	1.457020959E1	3.818762588E1
2.000000000E-1	1.457175292E1	3.818784068E1
2.400000000E-1	1.457328336E1	3.818818269E1
2.800000000E-1	1.457838135E1	3.818741119E1
3.200000000E-1	1.457641982E1	3.818848157E1
3.600000000E-1	1.457621149E1	3.818822975E1
4.000000000E-1	1.457575809E1	3.818802785E1
4.400000000E-1	1.457261400E1	3.818667612E1
4.800000000E-1	1.456968212E1	3.818484836E1
5.200000000E-1	1.456643832E1	3.818244975E1
5.600000000E-1	1.456909946E1	3.818860337E1
6.000000000E-1	1.456952854E1	3.818956025E1
6.400000000E-1	1.456952445E1	3.819011821E1
6.800000000E-1	1.457067491E1	3.819059644E1
7.200000000E-1	1.457143996E1	3.819070968E1
7.600000000E-1	1.456948366E1	3.818943458E1
8.000000000E-1	1.456724375E1	3.818858242E1
8.400000000E-1	1.456824287E1	3.818816562E1
8.800000000E-1	1.456877800E1	3.818800804E1
9.200000000E-1	1.456968241E1	3.818841111E1
9.600000000E-1	1.456733323E1	3.818675019E1
1.000000000E0	1.456859519E1	3.818561241E1
1.040000000E0	1.458041986E1	3.819433487E1
1.080000000E0	1.462591102E1	3.822152448E1
1.120000000E0	1.470114082E1	3.833337406E1
1.160000000E0	1.476771127E1	3.860677644E1
1.200000000E0	1.488558361E1	3.894925513E1
1.240000000E0	1.498538391E1	3.931537801E1
1.280000000E0	1.515939927E1	3.967699799E1
1.320000000E0	1.546791073E1	3.988123486E1
1.360000000E0	1.591186389E1	4.000214810E1
1.400000000E0	1.645842007E1	4.007272352E1
1.440000000E0	1.723117993E1	4.013159097E1
1.480000000E0	1.809169664E1	4.013487268E1
1.520000000E0	1.895450365E1	4.009986761E1
1.560000000E0	1.985142704E1	4.006684526E1
1.600000000E0	2.071277839E1	4.005462105E1
1.640000000E0	2.139453483E1	4.000108906E1
1.680000000E0	2.200603762E1	3.999544582E1
1.720000000E0	2.247664508E1	3.999083132E1
1.760000000E0	2.281038579E1	3.997674033E1
1.800000000E0	2.305673849E1	3.996115804E1
1.840000000E0	2.326910856E1	3.996653207E1
1.880000000E0	2.343436862E1	3.995031556E1
1.920000000E0	2.355461366E1	3.996795457E1
1.960000000E0	2.362027675E1	3.995741719E1
2.000000000E0	2.357818223E1	3.998632039E1
2.040000000E0	2.336472671E1	4.007071398E1
2.080000000E0	2.320709005E1	4.013065650E1
2.120000000E0	2.296567790E1	4.017416089E1
2.160000000E0	2.251947857E1	4.031898471E1
2.200000000E0	2.204974380E1	4.043425129E1
2.240000000E0	2.152015500E1	4.056471456E1
2.280000000E0	2.110325176E1	4.058894152E1
2.320000000E0	2.062432334E1	4.069336281E1
2.360000000E0	2.017702192E1	4.072171269E1
2.400000000E0	1.975290580E1	4.070808443E1
2.440000000E0	1.934060704E1	4.069740862E1
2.480000000E0	1.903616704E1	4.062621347E1
2.520000000E0	1.873574892E1	4.054847454E1
2.560000000E0	1.854055193E1	4.047598906E1
2.600000000E0	1.826602308E1	4.035962407E1
2.640000000E0	1.813522309E1	4.029996923E1
2.680000000E0	1.811223754E1	4.017854609E1
2.720000000E0	1.811632194E1	4.012702543E1
2.760000000E0	1.812141630E1	4.011035982E1
2.800000000E0	1.817190050E1	4.012022600E1
2.840000000E0	1.820279500E1	4.012347435E1
2.880000000E0	1.828019064E1	4.011434683E1
2.920000000E0	1.830760622E1	4.012696876E1
2.960000000E0	1.831483929E1	4.013087033E1
3.000000000E0	1.831578415E1	4.012897057E1
3.040000000E0	1.831440877E1	4.012666211E1
3.080000000E0	1.831832194E1	4.012950667E1
3.120000000E0	1.831773286E1	4.012653331E1
3.160000000E0	1.831688639E1	4.012242995E1
3.200000000E0	1.829686799E1	4.009736934E1
3.240000000E0	1.826821040E1	4.005995469E1
3.280000000E0	1.831243374E1	4.000749149E1
3.320000000E0	1.829365676E1	3.997911860E1
3.360000000E0	1.828159421E1	3.995844193E1
3.400000000E0	1.821146271E1	3.996388363E1
3.440000000E0	1.806144656E1	3.996272528E1
3.480000000E0	1.799397973E1	3.986785995E1
3.520000000E0	1.782497066E1	3.985136875E1
3.560000000E0	1.768900940E1	3.984611218E1
3.600000000E0	1.758675406E1	3.985146692E1
3.640000000E0	1.757389271E1	3.984301069E1
3.680000000E0	1.760638054E1	3.984567583E1
3.720000000E0	1.776594433E1	3.985536269E1
3.760000000E0	1.802647081E1	3.985296688E1
3.800000000E0	1.842513580E1	3.985555901E1
3.840000000E0	1.892559161E1	3.992093920E1
3.880000000E0	1.959980306E1	3.991414391E1
3.920000000E0	2.030881073E1	3.998855122E1
3.960000000E0	2.105240970E1	3.999680465E1
4.000000000E0	2.175846169E1	3.998573940E1
4.040000000E0	2.247221809E1	3.996942634E1
4.080000000E0	2.315538204E1	3.992908576E1
4.120000000E0	2.367895869E1	3.994179126E1
4.160000000E0	2.406436248E1	3.995960139E1
4.200000000E0	2.425356676E1	3.993981248E1
4.240000000E0	2.428679568E1	3.995450153E1
4.280000000E0	2.411554028E1	3.996035876E1
4.320000000E0	2.379469055E1	3.997487008E1
4.360000000E0	2.329544761E1	4.008442843E1
4.400000000E0	2.287245848E1	4.014441208E1
4.440000000E0	2.241127903E1	4.020107071E1
4.480000000E0	2.182575816E1	4.029746110E1
4.520000000E0	2.136509898E1	4.032791233E1
4.560000000E0	2.089560709E1	4.031607666E1
4.600000000E0	2.042959059E1	4.030353394E1
4.640000000E0	1.998306219E1	4.029317034E1
4.680000000E0	1.960487803E1	4.026765227E1
4.720000000E0	1.936261075E1	4.026345988E1
4.760000000E0	1.911537004E1	4.029305635E1
4.800000000E0	1.890123656E1	4.025880887E1
4.840000000E0	1.880482903E1	4.019885972E1
4.880000000E0	1.862177519E1	4.012152500E1
4.920000000E0	1.850143171E1	4.010013523E1
4.960000000E0	1.844253610E1	4.008388024E1
5.000000000E0	1.846927890E1	3.999964654E1
5.040000000E0	1.843922350E1	3.995953174E1
5.080000000E0	1.847760735E1	3.987725592E1
5.120000000E0	1.845077398E1	3.984019514E1
5.160000000E0	1.845306820E1	3.981721950E1
5.200000000E0	1.845407734E1	3.980905561E1
5.240000000E0	1.843163222E1	3.977637637E1
5.280000000E0	1.837811998E1	3.980354261E1
5.320000000E0	1.832145752E1	3.981034028E1
5.360000000E0	1.825996414E1	3.980590181E1
5.400000000E0	1.818762962E1	3.981390037E1
5.440000000E0	1.814684269E1	3.972352099E1
5.480000000E0	1.800141550E1	3.967557455E1
5.520000000E0	1.787258776E1	3.965189388E1
5.560000000E0	1.781337748E1	3.955161663E1
5.600000000E0	1.772278761E1	3.954358099E1
5.640000000E0	1.761069773E1	3.953991800E1
5.680000000E0	1.755112488E1	3.953059217E1
5.720000000E0	1.745096576E1	3.953731238E1
5.760000000E0	1.738873442E1	3.953277015E1
5.800000000E0	1.729009870E1	3.953400054E1
5.840000000E0	1.724015532E1	3.952502055E1
5.880000000E0	1.720340488E1	3.953125187E1
5.920000000E0	1.715639678E1	3.954855870E1
5.960000000E0	1.711827959E1	3.954223963E1
6.000000000E0	1.710953917E1	3.955287260E1
6.040000000E0	1.711519566E1	3.955315481E1
6.080000000E0	1.713223691E1	3.957922510E1
6.120000000E0	1.716329251E1	3.960640915E1
6.160000000E0	1.723492864E1	3.961136081E1
6.200000000E0	1.746427837E1	3.969437691E1
6.240000000E0	1.787101111E1	3.972837006E1
6.280000000E0	1.846064206E1	3.982059001E1
6.320000000E0	1.932152760E1	3.984634873E1
6.360000000E0	2.029479164E1	3.990020171E1
6.400000000E0	2.130346761E1	3.988129455E1
6.440000000E0	2.224895453E1	3.985359981E1
6.480000000E0	2.306995726E1	3.978510585E1
6.520000000E0	2.384826676E1	3.972720576E1
6.560000000E0	2.434320755E1	3.966212122E1
6.600000000E0	2.463057822E1	3.967175030E1
6.640000000E0	2.474123585E1	3.964414323E1
6.680000000E0	2.462149224E1	3.965991884E1
6.720000000E0	2.430862570E1	3.971731448E1
6.760000000E0	2.386682752E1	3.979116236E1
6.800000000E0	2.343782514E1	3.983883140E1
6.840000000E0	2.285984838E1	3.995961030E1
6.880000000E0	2.238147211E1	3.998637661E1
6.920000000E0	2.192053616E1	4.003836530E1
6.960000000E0	2.131430552E1	4.008948185E1
7.000000000E0	2.076024967E1	4.010776205E1
7.040000000E0	2.026411953E1	4.005173687E1
7.080000000E0	1.978691781E1	4.000924985E1
7.120000000E0	1.936774651E1	4.002018720E1
7.160000000E0	1.897461349E1	4.002555464E1
7.200000000E0	1.864871151E1	4.000816164E1
7.240000000E0	1.833574482E1	3.996744289E1
7.280000000E0	1.802702759E1	3.991621262E1
7.320000000E0	1.792857341E1	3.983401160E1
7.360000000E0	1.786821833E1	3.976791351E1
7.400000000E0	1.787362940E1	3.981754307E1
7.440000000E0	1.790703688E1	3.983094934E1
7.480000000E0	1.793967081E1	3.983568836E1
7.520000000E0	1.790209471E1	3.983033071E1
7.560000000E0	1.787103195E1	3.982983641E1
7.600000000E0	1.786041303E1	3.983085713E1
7.640000000E0	1.785994640E1	3.983201422E1
7.680000000E0	1.784345380E1	3.982105587E1
7.720000000E0	1.783596257E1	3.981280101E1
7.760000000E0	1.777823091E1	3.981653384E1
7.800000000E0	1.771669037E1	3.979913077E1
7.840000000E0	1.770018583E1	3.980077046E1
7.880000000E0	1.769058522E1	3.980290221E1
7.920000000E0	1.768962930E1	3.980731354E1
7.960000000E0	1.769567305E1	3.981667948E1
8.000000000E0	1.769074674E1	3.981322237E1
8.040000000E0	1.770241151E1	3.982013531E1
8.080000000E0	1.770724378E1	3.981560952E1
8.120000000E0	1.771133348E1	3.979981336E1
8.160000000E0	1.771439251E1	3.980882720E1
8.200000000E0	1.771234510E1	3.980212822E1
8.240000000E0	1.777118783E1	3.974888213E1
8.280000000E0	1.777897709E1	3.971351983E1
8.320000000E0	1.789031141E1	3.969009465E1
8.360000000E0	1.820176477E1	3.967878976E1
8.400000000E0	1.875448750E1	3.967591165E1
8.440000000E0	1.953872108E1	3.969567304E1
8.480000000E0	2.044890378E1	3.971996211E1
8.520000000E0	2.143197612E1	3.974544975E1
8.560000000E0	2.238916498E1	3.975076093E1
8.600000000E0	2.323037497E1	3.968008940E1
8.640000000E0	2.399899691E1	3.967677093E1
8.680000000E0	2.460384911E1	3.966869869E1
8.720000000E0	2.502083983E1	3.961586143E1
8.760000000E0	2.519322543E1	3.967356987E1
8.800000000E0	2.519736185E1	3.966173697E1
8.840000000E0	2.502353081E1	3.966312433E1
8.880000000E0	2.473204834E1	3.967055803E1
8.920000000E0	2.428143715E1	3.979633982E1
8.960000000E0	2.387981814E1	3.988377177E1
9.000000000E0	2.335066423E1	3.995812616E1
9.040000000E0	2.292438162E1	3.998860862E1
9.080000000E0	2.233565097E1	4.009964470E1
9.120000000E0	2.185522044E1	4.011030384E1
9.160000000E0	2.135531635E1	4.014349938E1
9.200000000E0	2.086429106E1	4.012934389E1
9.240000000E0	2.044178446E1	4.019421357E1
9.280000000E0	2.004590603E1	4.014657270E1
9.320000000E0	1.978587582E1	4.016800459E1
9.360000000E0	1.958906798E1	4.011785855E1
9.400000000E0	1.935126591E1	4.010141168E1
9.440000000E0	1.919181892E1	4.007671461E1
9.480000000E0	1.910284038E1	4.009870895E1
9.520000000E0	1.905279070E1	4.007241186E1
9.560000000E0	1.905932350E1	3.999754221E1
9.600000000E0	1.904639353E1	3.997445316E1
9.640000000E0	1.904219597E1	3.992904779E1
9.680000000E0	1.903706258E1	3.993540520E1
9.720000000E0	1.903441037E1	3.993577634E1
9.760000000E0	1.902767570E1	3.993821933E1
9.800000000E0	1.905714899E1	3.989341291E1
9.840000000E0	1.898084272E1	3.985639124E1
9.880000000E0	1.890782743E1	3.982804433E1
9.920000000E0	1.881814044E1	3.981625542E1
9.960000000E0	1.872531667E1	3.979298602E1
1.000000000E1	1.864103159E1	3.979263842E1
1.004000000E1	1.860160133E1	3.978991008E1
1.008000000E1	1.862362779E1	3.971946520E1
1.012000000E1	1.782912900E1	3.925200552E1
1.016000000E1	1.781803397E1	3.924463929E1
1.020000000E1	1.779326977E1	3.924111534E1
1.024000000E1	1.772862853E1	3.925271721E1
1.028000000E1	1.768458266E1	3.924862146E1
1.032000000E1	1.767750496E1	3.924723562E1
1.036000000E1	1.767314485E1	3.925022060E1
1.040000000E1	1.769410527E1	3.925344417E1
1.044000000E1	1.784905655E1	3.926180676E1
1.048000000E1	1.819004909E1	3.930544516E1
1.052000000E1	1.861171069E1	3.937383783E1
1.056000000E1	1.930621733E1	3.938494763E1
1.060000000E1	2.010777201E1	3.938477235E1
1.064000000E1	2.097259852E1	3.939878118E1
1.068000000E1	2.182801096E1	3.940511673E1
1.072000000E1	2.268879828E1	3.946875377E1
1.076000000E1	2.338519178E1	3.941618349E1
1.080000000E1	2.396807484E1	3.939324609E1
1.084000000E1	2.446215239E1	3.940335103E1
1.088000000E1	2.476980213E1	3.938005192E1
1.092000000E1	2.486885082E1	3.935358443E1
1.096000000E1	2.483878704E1	3.935022695E1
1.100000000E1	2.479888169E1	3.926416062E1
1.104000000E1	2.458314591E1	3.926327194E1
1.108000000E1	2.427781748E1	3.926021850E1
1.112000000E1	2.383078602E1	3.935848873E1
1.116000000E1	2.333611240E1	3.948903025E1
1.120000000E1	2.298401411E1	3.955746977E1
1.124000000E1	2.259042459E1	3.957670208E1
1.128000000E1	2.206337261E1	3.969676772E1
1.132000000E1	2.160605313E1	3.972077329E1
1.136000000E1	2.112396757E1	3.971310561E1
1.140000000E1	2.061689879E1	3.969045512E1
1.144000000E1	2.013562002E1	3.970718596E1
1.148000000E1	1.966821018E1	3.972216557E1
1.152000000E1	1.919663948E1	3.971370268E1
1.156000000E1	1.879481776E1	3.968554462E1
1.160000000E1	1.851152589E1	3.958829425E1
1.164000000E1	1.825782453E1	3.954172197E1
1.168000000E1	1.810809181E1	3.952520856E1
1.172000000E1	1.798970675E1	3.953119952E1
1.176000000E1	1.797045323E1	3.949429135E1
1.180000000E1	1.799410228E1	3.952759471E1
1.184000000E1	1.799966141E1	3.954793370E1
1.188000000E1	1.798872461E1	3.955047831E1
1.192000000E1	1.795597429E1	3.954833724E1
1.196000000E1	1.784906207E1	3.955491772E1
1.200000000E1	1.778476582E1	3.953676934E1
1.204000000E1	1.772047789E1	3.954357217E1
1.208000000E1	1.767321159E1	3.952679458E1
1.212000000E1	1.764965853E1	3.949469183E1
1.216000000E1	1.767087942E1	3.945182628E1
1.220000000E1	1.759407655E1	3.941031573E1
1.224000000E1	1.747942425E1	3.934948720E1
1.228000000E1	1.742179055E1	3.929351072E1
1.232000000E1	1.734965687E1	3.923805557E1
1.236000000E1	1.723489296E1	3.921065048E1
1.240000000E1	1.721243739E1	3.915069350E1
1.244000000E1	1.715646008E1	3.911460026E1
1.248000000E1	1.712154564E1	3.911966151E1
1.252000000E1	1.711483847E1	3.911973197E1
1.256000000E1	1.724238752E1	3.914141755E1
1.260000000E1	1.752819678E1	3.917160947E1
1.264000000E1	1.783753276E1	3.921016118E1
1.268000000E1	1.833800156E1	3.925689599E1
1.272000000E1	1.894312490E1	3.928036913E1
1.276000000E1	1.959463157E1	3.932668810E1
1.280000000E1	2.037500477E1	3.940363620E1
1.284000000E1	2.111506783E1	3.940844367E1
1.288000000E1	2.185998286E1	3.940931644E1
1.292000000E1	2.257480003E1	3.939966050E1
1.296000000E1	2.318722169E1	3.937376666E1
1.300000000E1	2.370054930E1	3.937267634E1
1.304000000E1	2.404487590E1	3.938199601E1
1.308000000E1	2.423319465E1	3.937508200E1
1.312000000E1	2.428045557E1	3.937827258E1
1.316000000E1	2.418309312E1	3.938519156E1
1.320000000E1	2.395288068E1	3.938320260E1
1.324000000E1	2.366832185E1	3.939457157E1
1.328000000E1	2.331577100E1	3.940945733E1
1.332000000E1	2.282063755E1	3.954614164E1
1.336000000E1	2.229284328E1	3.967228731E1
1.340000000E1	2.186705769E1	3.971452285E1
1.344000000E1	2.137834642E1	3.973216845E1
1.348000000E1	2.077258293E1	3.979258784E1
1.352000000E1	2.029855493E1	3.987953067E1
1.356000000E1	1.974372851E1	3.987061350E1
1.360000000E1	1.926236335E1	3.987065301E1
1.364000000E1	1.880638286E1	3.985421273E1
1.368000000E1	1.845747379E1	3.984808558E1
1.372000000E1	1.817588890E1	3.983817302E1
1.376000000E1	1.799895970E1	3.983034389E1
1.380000000E1	1.789052277E1	3.983129024E1
1.384000000E1	1.788015977E1	3.982815306E1
1.388000000E1	1.789862370E1	3.983836036E1
1.392000000E1	1.787256230E1	3.984034029E1
1.396000000E1	1.784575263E1	3.984476557E1
1.400000000E1	1.783152436E1	3.984602688E1
1.404000000E1	1.782980975E1	3.984542512E1
1.408000000E1	1.781293702E1	3.982860720E1
1.412000000E1	1.778195423E1	3.977746448E1
1.416000000E1	1.782056934E1	3.972590171E1
1.420000000E1	1.779426359E1	3.968586199E1
1.424000000E1	1.773835272E1	3.968708226E1
1.428000000E1	1.768228661E1	3.965630839E1
1.432000000E1	1.769775370E1	3.960893839E1
1.436000000E1	1.765278781E1	3.954874647E1
1.440000000E1	1.758632212E1	3.954799547E1
1.444000000E1	1.752555599E1	3.954004686E1
1.448000000E1	1.747307805E1	3.953247841E1
1.452000000E1	1.739943613E1	3.953000478E1
1.456000000E1	1.735230326E1	3.951515020E1
1.460000000E1	1.730075074E1	3.953077268E1
1.464000000E1	1.723609802E1	3.952749088E1
1.468000000E1	1.722711950E1	3.952349090E1
1.472000000E1	1.722937680E1	3.954143618E1
1.476000000E1	1.723116000E1	3.954586252E1
1.480000000E1	1.723101598E1	3.954801302E1
1.484000000E1	1.723612937E1	3.955320501E1
1.488000000E1	1.724576396E1	3.956003977E1
1.492000000E1	1.728245694E1	3.957841187E1
1.496000000E1	1.734123193E1	3.957000415E1
1.500000000E1	1.741835696E1	3.958654849E1
1.504000000E1	1.752953724E1	3.957162240E1
1.508000000E1	1.765344666E1	3.956634775E1
1.512000000E1	1.781717481E1	3.958070165E1
1.516000000E1	1.804142760E1	3.961595417E1
1.520000000E1	1.833274646E1	3.961267294E1
1.524000000E1	1.873934470E1	3.958464859E1
1.528000000E1	1.928287728E1	3.956586137E1
1.532000000E1	1.993084580E1	3.956561886E1
1.536000000E1	2.062962289E1	3.955751811E1
1.540000000E1	2.137281900E1	3.955779071E1
1.544000000E1	2.214302133E1	3.955293303E1
1.548000000E1	2.285389093E1	3.953264751E1
1.552000000E1	2.349829012E1	3.950618607E1
1.556000000E1	2.398402062E1	3.950359367E1
1.560000000E1	2.431379769E1	3.950039073E1
1.564000000E1	2.446117728E1	3.951817232E1
1.568000000E1	2.444873804E1	3.953147532E1
1.572000000E1	2.431719801E1	3.954720570E1
1.576000000E1	2.410183596E1	3.954878857E1
1.580000000E1	2.373506901E1	3.956230469E1
1.584000000E1	2.330352191E1	3.957489399E1
1.588000000E1	2.276188286E1	3.967091576E1
1.592000000E1	2.222032836E1	3.970628099E1
1.596000000E1	2.171193521E1	3.971100281E1
1.600000000E1	2.118848170E1	3.971680374E1
1.604000000E1	2.063296443E1	3.970648007E1
1.608000000E1	2.010862325E1	3.970469411E1
1.612000000E1	1.962855994E1	3.969943701E1
1.616000000E1	1.920956225E1	3.970723699E1
1.620000000E1	1.886082199E1	3.970302747E1
1.624000000E1	1.857607263E1	3.970095117E1
1.628000000E1	1.828696311E1	3.970053182E1
1.632000000E1	1.802481278E1	3.970382259E1
1.636000000E1	1.785440635E1	3.970120323E1
1.640000000E1	1.781145025E1	3.971263864E1
1.644000000E1	1.779770903E1	3.972709905E1
1.648000000E1	1.779302431E1	3.972356875E1
1.652000000E1	1.776503595E1	3.970977268E1
1.656000000E1	1.777544190E1	3.970371434E1
1.660000000E1	1.778990933E1	3.970168106E1
1.664000000E1	1.777741110E1	3.969957702E1
1.668000000E1	1.775755014E1	3.969189104E1
1.672000000E1	1.773056316E1	3.969619397E1
1.676000000E1	1.767819592E1	3.967437930E1
1.680000000E1	1.764390337E1	3.966382446E1
1.684000000E1	1.761452824E1	3.965586662E1
1.688000000E1	1.758301826E1	3.967970751E1
1.692000000E1	1.754313387E1	3.968270528E1
1.696000000E1	1.753247524E1	3.969094619E1
1.700000000E1	1.753407929E1	3.969148694E1
1.704000000E1	1.752364479E1	3.968497643E1
1.708000000E1	1.752190056E1	3.968622574E1
1.712000000E1	1.752070285E1	3.968744868E1
1.716000000E1	1.752200868E1	3.969127696E1
1.720000000E1	1.753187272E1	3.968683447E1
1.724000000E1	1.756528921E1	3.969448897E1
1.728000000E1	1.768366066E1	3.969695211E1
1.732000000E1	1.783277801E1	3.969593343E1
1.736000000E1	1.802506820E1	3.970148099E1
1.740000000E1	1.828290951E1	3.970172219E1
1.744000000E1	1.857968050E1	3.969977626E1
1.748000000E1	1.890754187E1	3.970025487E1
1.752000000E1	1.934059853E1	3.969497352E1
1.756000000E1	1.991584810E1	3.968861595E1
1.760000000E1	2.058790191E1	3.968596827E1
1.764000000E1	2.132610489E1	3.967204385E1
1.768000000E1	2.210970257E1	3.963985971E1
1.772000000E1	2.290470490E1	3.963851763E1
1.776000000E1	2.358456844E1	3.965491011E1
1.780000000E1	2.410702212E1	3.965506394E1
1.784000000E1	2.445378691E1	3.966775366E1
1.788000000E1	2.462299036E1	3.968807730E1
1.792000000E1	2.462631711E1	3.970106218E1
1.796000000E1	2.444964449E1	3.970014743E1
1.800000000E1	2.417662618E1	3.971663894E1
1.804000000E1	2.383780209E1	3.975014245E1
1.808000000E1	2.329679812E1	3.988073460E1
1.812000000E1	2.268709304E1	3.997572621E1
1.816000000E1	2.220038932E1	4.000861730E1
1.820000000E1	2.170663631E1	4.003864328E1
1.824000000E1	2.106224832E1	4.009942851E1
1.828000000E1	2.054314544E1	4.017009383E1
1.832000000E1	1.990624365E1	4.023761855E1
1.836000000E1	1.944079580E1	4.028241587E1
1.840000000E1	1.902642160E1	4.030516473E1
1.844000000E1	1.866461060E1	4.030475952E1
1.848000000E1	1.838013459E1	4.031413777E1
1.852000000E1	1.812301562E1	4.031359626E1
1.856000000E1	1.802157050E1	3.998504791E1
1.860000000E1	1.789131958E1	3.998739559E1
1.864000000E1	1.780910713E1	3.997055013E1
1.868000000E1	1.772588139E1	3.998146731E1
1.872000000E1	1.767818800E1	3.996049400E1
1.876000000E1	1.762259658E1	3.998606352E1
1.880000000E1	1.758343135E1	3.998326360E1
1.884000000E1	1.757187010E1	3.998131076E1
1.888000000E1	1.756553077E1	3.997958184E1
1.892000000E1	1.756192754E1	3.997715736E1
1.896000000E1	1.755629524E1	3.997205601E1
1.900000000E1	1.754473430E1	3.994134712E1
1.904000000E1	1.759147214E1	3.988032961E1
1.908000000E1	1.757319115E1	3.983826982E1
1.912000000E1	1.756937698E1	3.983011467E1
1.916000000E1	1.756604579E1	3.982361675E1
1.920000000E1	1.756531428E1	3.981956957E1
1.924000000E1	1.756593427E1	3.982145156E1
1.928000000E1	1.756333060E1	3.981819595E1
1.932000000E1	1.756218337E1	3.981994742E1
1.936000000E1	1.755904423E1	3.981394540E1
1.940000000E1	1.755512808E1	3.981398350E1
1.944000000E1	1.755123217E1	3.980470796E1
1.948000000E1	1.757897170E1	3.981321543E1
1.952000000E1	1.771975658E1	3.981295079E1
1.956000000E1	1.797878210E1	3.979738729E1
1.960000000E1	1.833904670E1	3.980822532E1
1.964000000E1	1.891556798E1	3.968400044E1
1.968000000E1	1.948716657E1	3.962486665E1
1.972000000E1	2.027684315E1	3.955492033E1
1.976000000E1	2.100942190E1	3.953455770E1
1.980000000E1	2.173206399E1	3.951478322E1
1.984000000E1	2.245752545E1	3.948179771E1
1.988000000E1	2.326132704E1	3.943105886E1
1.992000000E1	2.380070569E1	3.935941196E1
1.996000000E1	2.425659028E1	3.932914277E1
2.000000000E1	2.457873415E1	3.933806512E1
2.004000000E1	2.470463030E1	3.931879493E1
2.008000000E1	2.471770274E1	3.933067107E1
2.012000000E1	2.461429141E1	3.936172431E1
2.016000000E1	2.437669113E1	3.937943902E1
2.020000000E1	2.411644023E1	3.938646372E1
2.024000000E1	2.360063291E1	3.953966187E1
2.028000000E1	2.310731623E1	3.955330949E1
2.032000000E1	2.263666530E1	3.955279526E1
2.036000000E1	2.198240588E1	3.969745636E1
2.040000000E1	2.135354525E1	3.982718736E1
2.044000000E1	2.088623773E1	3.986330853E1
2.048000000E1	2.038132588E1	3.986814353E1
2.052000000E1	1.995210930E1	3.987558103E1
2.056000000E1	1.955998306E1	3.989826161E1
2.060000000E1	1.903090072E1	4.006061996E1
2.064000000E1	1.883073569E1	4.014379932E1
2.068000000E1	1.861872474E1	4.013972186E1
2.072000000E1	1.845428700E1	4.013941272E1
2.076000000E1	1.829928026E1	4.013252473E1
2.080000000E1	1.817541794E1	4.013398304E1
2.084000000E1	1.814397864E1	4.011917087E1
2.088000000E1	1.811216132E1	4.010297772E1
2.092000000E1	1.805792667E1	4.011360242E1
2.096000000E1	1.802222081E1	4.009743043E1
2.100000000E1	1.801986471E1	4.009806654E1
2.104000000E1	1.800083771E1	4.009218423E1
2.108000000E1	1.798319768E1	4.008609604E1
2.112000000E1	1.795254919E1	4.006292198E1
2.116000000E1	1.792331569E1	4.011150545E1
2.120000000E1	1.788899610E1	4.010447310E1
2.124000000E1	1.787206819E1	4.010128831E1
2.128000000E1	1.787546407E1	4.010880412E1
2.132000000E1	1.787895631E1	4.011592109E1
2.136000000E1	1.787800364E1	4.011969338E1
2.140000000E1	1.787665847E1	4.010194287E1
2.144000000E1	1.786301663E1	4.010190904E1
2.148000000E1	1.786180500E1	4.009767969E1
2.152000000E1	1.788571291E1	4.011456246E1
2.156000000E1	1.795911930E1	4.007621903E1
2.160000000E1	1.810607025E1	4.008228038E1
2.164000000E1	1.831130742E1	4.010848030E1
2.168000000E1	1.852442378E1	4.011593761E1
2.172000000E1	1.881925801E1	4.011592899E1
2.176000000E1	1.917231759E1	4.008051064E1
2.180000000E1	1.962393928E1	4.008328892E1
2.184000000E1	2.023076084E1	4.000431950E1
2.188000000E1	2.073104111E1	3.998974846E1
2.192000000E1	2.124838492E1	3.994642375E1
2.196000000E1	2.178671602E1	3.995278873E1
2.200000000E1	2.237049060E1	3.986776472E1
2.204000000E1	2.280053670E1	3.982542519E1
2.208000000E1	2.316525081E1	3.980973463E1
2.212000000E1	2.359682449E1	3.972560108E1
2.216000000E1	2.386377724E1	3.966792168E1
2.220000000E1	2.416387227E1	3.957409643E1
2.224000000E1	2.425426594E1	3.951995859E1
2.228000000E1	2.429353890E1	3.952189530E1
2.232000000E1	2.416934209E1	3.953182118E1
2.236000000E1	2.398983832E1	3.953694604E1
2.240000000E1	2.373257969E1	3.956317834E1
2.244000000E1	2.327542631E1	3.969772144E1
2.248000000E1	2.277669292E1	3.979236562E1
2.252000000E1	2.236091466E1	3.983849710E1
2.256000000E1	2.192215332E1	3.985618034E1
2.260000000E1	2.142270741E1	3.986459828E1
2.264000000E1	2.094483695E1	3.985985423E1
2.268000000E1	2.037488243E1	3.992588311E1
2.272000000E1	1.995998225E1	3.998683779E1
2.276000000E1	1.958596025E1	4.004422330E1
2.280000000E1	1.921404175E1	4.001122629E1
2.284000000E1	1.891832882E1	3.999428716E1
2.288000000E1	1.865094158E1	3.999022333E1
2.292000000E1	1.847930710E1	3.996580399E1
2.296000000E1	1.836181014E1	3.994669080E1
2.300000000E1	1.837933817E1	3.989304703E1
2.304000000E1	1.837565254E1	3.984992483E1
2.308000000E1	1.837009200E1	3.983653953E1
2.312000000E1	1.833269809E1	3.982465479E1
2.316000000E1	1.831644898E1	3.981129758E1
2.320000000E1	1.825066052E1	3.979660301E1
2.324000000E1	1.820002908E1	3.981910435E1
2.328000000E1	1.810199269E1	3.981587162E1
2.332000000E1	1.803868800E1	3.982915407E1
2.336000000E1	1.800658124E1	3.982518967E1
2.340000000E1	1.794794920E1	3.981350964E1
2.344000000E1	1.793215985E1	3.983695380E1
2.348000000E1	1.787989407E1	3.982955390E1
2.352000000E1	1.788178071E1	3.982662148E1
2.356000000E1	1.788097781E1	3.982520639E1
2.360000000E1	1.787665772E1	3.981922518E1
2.364000000E1	1.787298650E1	3.981080940E1
2.368000000E1	1.787579825E1	3.981861328E1
2.372000000E1	1.788709393E1	3.983275540E1
2.376000000E1	1.799636118E1	3.982984835E1
2.380000000E1	1.816361782E1	3.984241444E1
2.384000000E1	1.836696189E1	3.986455234E1
2.388000000E1	1.868563488E1	3.985958923E1
2.392000000E1	1.906533467E1	3.984313200E1
2.396000000E1	1.953517552E1	3.984170564E1
2.400000000E1	2.016449135E1	3.983652005E1
2.404000000E1	2.082166617E1	3.982802754E1
2.408000000E1	2.149285148E1	3.982420259E1
2.412000000E1	2.213673669E1	3.979876050E1
2.416000000E1	2.283760676E1	3.970415809E1
2.420000000E1	2.335485712E1	3.962484600E1
2.424000000E1	2.390784901E1	3.958655195E1
2.428000000E1	2.417595952E1	3.953093585E1
2.432000000E1	2.430040269E1	3.949873969E1
2.436000000E1	2.434692601E1	3.941336165E1
2.440000000E1	2.430965975E1	3.927074881E1
2.444000000E1	2.408626060E1	3.929895822E1
2.448000000E1	2.371448363E1	3.937584706E1
2.452000000E1	2.332372193E1	3.952197196E1
2.456000000E1	2.302115356E1	3.955580146E1
2.460000000E1	2.253733187E1	3.968154749E1
2.464000000E1	2.203532891E1	3.978998946E1
2.468000000E1	2.159424989E1	3.983190116E1
2.472000000E1	2.118616932E1	3.985838046E1
2.476000000E1	2.075271662E1	3.988444244E1
2.480000000E1	2.031184016E1	3.990234732E1
2.484000000E1	1.977566095E1	3.997036949E1
2.488000000E1	1.936996100E1	4.009576210E1
2.492000000E1	1.911558808E1	4.014521762E1
2.496000000E1	1.890564424E1	4.013966334E1
2.500000000E1	1.871044521E1	4.014487317E1
2.504000000E1	1.851140486E1	4.015194297E1
2.508000000E1	1.832990606E1	4.014084716E1
2.512000000E1	1.820089293E1	4.014135441E1
2.516000000E1	1.815141551E1	4.013353006E1
2.520000000E1	1.817251352E1	4.013561405E1
2.524000000E1	1.818891126E1	4.013707289E1
2.528000000E1	1.817639206E1	4.013722538E1
2.532000000E1	1.815617236E1	4.013119600E1
2.536000000E1	1.806485676E1	4.013748712E1
2.540000000E1	1.801730435E1	4.013054984E1
2.544000000E1	1.798605403E1	4.012102391E1
2.548000000E1	1.792391227E1	4.012826228E1
2.552000000E1	1.789380494E1	4.012734603E1
2.556000000E1	1.787570014E1	4.012541271E1
2.560000000E1	1.786521608E1	4.011826608E1
2.564000000E1	1.783884787E1	4.009875866E1
2.568000000E1	1.783736504E1	4.010271926E1
2.572000000E1	1.781610191E1	4.008882588E1
2.576000000E1	1.779583791E1	4.012450649E1
2.580000000E1	1.773212113E1	4.011207882E1
2.584000000E1	1.770963760E1	4.011349278E1
2.588000000E1	1.768731655E1	4.011270731E1
2.592000000E1	1.763201535E1	4.013167457E1
2.596000000E1	1.757378728E1	4.012345665E1
2.600000000E1	1.755696569E1	4.011891970E1
2.604000000E1	1.753450355E1	4.011147756E1
2.608000000E1	1.749176060E1	4.013894366E1
2.612000000E1	1.743865102E1	4.013113049E1
2.616000000E1	1.742054780E1	4.010391259E1
2.620000000E1	1.787087273E1	3.916115306E1
2.624000000E1	1.778122713E1	3.930439042E1
2.628000000E1	1.776943887E1	3.929960170E1
2.632000000E1	1.776475170E1	3.929894571E1
2.636000000E1	1.772463876E1	3.928938890E1
2.640000000E1	1.770653235E1	3.931743450E1
2.644000000E1	1.773484155E1	3.929501550E1
2.648000000E1	1.777760604E1	3.931113081E1
2.652000000E1	1.784877705E1	3.933658249E1
2.656000000E1	1.796603470E1	3.933332927E1
2.660000000E1	1.801722304E1	3.945121425E1
2.664000000E1	1.826862454E1	3.942484989E1
2.668000000E1	1.861523921E1	3.947368156E1
2.672000000E1	1.900686306E1	3.949562631E1
2.676000000E1	1.932033589E1	3.959041157E1
2.680000000E1	1.982677102E1	3.959865263E1
2.684000000E1	2.029432769E1	3.960879348E1
2.688000000E1	2.075603527E1	3.961993950E1
2.692000000E1	2.118281519E1	3.962249570E1
2.696000000E1	2.153669230E1	3.962127939E1
2.700000000E1	2.182929085E1	3.961061434E1
2.704000000E1	2.208345362E1	3.960241970E1
2.708000000E1	2.249865026E1	3.949892412E1
2.712000000E1	2.264521291E1	3.947638772E1
2.716000000E1	2.259421104E1	3.956749732E1
2.720000000E1	2.318412352E1	3.934299676E1
2.724000000E1	2.336938693E1	3.931618290E1
2.728000000E1	2.352053352E1	3.930842429E1
2.732000000E1	2.365509616E1	3.930434876E1
2.736000000E1	2.372869712E1	3.929676574E1
2.740000000E1	2.379122519E1	3.930425919E1
2.744000000E1	2.378418709E1	3.930851519E1
2.748000000E1	2.365702823E1	3.931510013E1
2.752000000E1	2.346102334E1	3.932369907E1
2.756000000E1	2.270747635E1	3.957461519E1
2.760000000E1	2.243492025E1	3.960418405E1
2.764000000E1	2.217600526E1	3.961765451E1
2.768000000E1	2.175435898E1	3.962366164E1
2.772000000E1	2.104180349E1	3.972028296E1
2.776000000E1	2.077954585E1	3.962496684E1
2.780000000E1	2.023826302E1	3.967158164E1
2.784000000E1	1.974852875E1	3.960438799E1
2.788000000E1	1.940586982E1	3.959386743E1
2.792000000E1	1.908697616E1	3.959528558E1
2.796000000E1	1.886171087E1	3.959750877E1
2.800000000E1	1.860465401E1	3.960153667E1
2.804000000E1	1.837454070E1	3.958283456E1
2.808000000E1	1.819962783E1	3.957372744E1
2.812000000E1	1.810549384E1	3.958602581E1
2.816000000E1	1.809855584E1	3.959287378E1
2.820000000E1	1.824263971E1	3.950298060E1
2.824000000E1	1.812137262E1	3.959447354E1
2.828000000E1	1.809974795E1	3.959490590E1
2.832000000E1	1.808503231E1	3.959471745E1
2.836000000E1	1.800763375E1	3.959841437E1
2.840000000E1	1.808010925E1	3.946917944E1
2.844000000E1	1.799876184E1	3.951202860E1
2.848000000E1	1.792101027E1	3.943081363E1
2.852000000E1	1.795263412E1	3.935176850E1
2.856000000E1	1.790502075E1	3.931211211E1
2.860000000E1	1.784122676E1	3.934213700E1
2.864000000E1	1.779381304E1	3.931096290E1
2.868000000E1	1.774987337E1	3.923835412E1
2.872000000E1	1.772640855E1	3.923732538E1
2.876000000E1	1.769059533E1	3.929428412E1
2.880000000E1	1.777845937E1	3.918239437E1
2.884000000E1	1.776223346E1	3.916790401E1
2.888000000E1	1.776022792E1	3.916650679E1
2.892000000E1	1.777586494E1	3.916352231E1
2.896000000E1	1.777784076E1	3.916157916E1
2.900000000E1	1.777246433E1	3.915336104E1
2.904000000E1	1.778287535E1	3.915727769E1
2.908000000E1	1.778770580E1	3.915811330E1
2.912000000E1	1.777186377E1	3.915495437E1
2.916000000E1	1.777212131E1	3.915416668E1
2.920000000E1	1.774721242E1	3.914944409E1
2.924000000E1	1.776250865E1	3.914954817E1
2.928000000E1	1.777684175E1	3.915154649E1
2.932000000E1	1.778620543E1	3.915364936E1
2.936000000E1	1.779751457E1	3.915922747E1
2.940000000E1	1.779910987E1	3.916050781E1
2.944000000E1	1.781049354E1	3.916000824E1
2.948000000E1	1.782083410E1	3.916052316E1
2.952000000E1	1.781477563E1	3.915666063E1
2.956000000E1	1.782115735E1	3.915742790E1
2.960000000E1	1.787041084E1	3.917381719E1
2.964000000E1	1.793755459E1	3.918457878E1
2.968000000E1	1.796682786E1	3.930566951E1
2.972000000E1	1.822965061E1	3.932822039E1
2.976000000E1	1.855038738E1	3.942115536E1
2.980000000E1	1.913420977E1	3.945976467E1
2.984000000E1	1.984617969E1	3.947562563E1
2.988000000E1	2.064762229E1	3.948883565E1
2.992000000E1	2.144258854E1	3.949083430E1
2.996000000E1	2.213214020E1	3.946909345E1
3.000000000E1	2.277290620E1	3.944900519E1
3.004000000E1	2.329597180E1	3.941218955E1
3.008000000E1	2.369776413E1	3.942037514E1
3.012000000E1	2.393621541E1	3.943596169E1
3.016000000E1	2.401246227E1	3.946016711E1
3.020000000E1	2.392116260E1	3.945575979E1
3.024000000E1	2.372603559E1	3.945474505E1
3.028000000E1	2.345060899E1	3.945833338E1
3.032000000E1	2.308468573E1	3.947158219E1
3.036000000E1	2.274973791E1	3.948568453E1
3.040000000E1	2.214259836E1	3.959914512E1
3.044000000E1	2.172539854E1	3.962740204E1
3.048000000E1	2.127121193E1	3.963185624E1
3.052000000E1	2.080263558E1	3.963230057E1
3.056000000E1	2.036638015E1	3.964130860E1
3.060000000E1	1.989553776E1	3.961660585E1
3.064000000E1	1.956398467E1	3.960880320E1
3.068000000E1	1.927818225E1	3.958617672E1
3.072000000E1	1.905908297E1	3.959257739E1
3.076000000E1	1.890967163E1	3.959427301E1
3.080000000E1	1.882261028E1	3.960198616E1
3.084000000E1	1.872592075E1	3.961140350E1
3.088000000E1	1.866879890E1	3.960494580E1
3.092000000E1	1.856998207E1	3.960848196E1
3.096000000E1	1.850934566E1	3.959581616E1
3.100000000E1	1.844975248E1	3.960074413E1
3.104000000E1	1.842643892E1	3.959742437E1
3.108000000E1	1.841035300E1	3.960135260E1
3.112000000E1	1.837814639E1	3.959082777E1
3.116000000E1	1.829504254E1	3.960450397E1
3.120000000E1	1.819975034E1	3.957210054E1
3.124000000E1	1.810145315E1	3.958579709E1
3.128000000E1	1.808089576E1	3.959418023E1
3.132000000E1	1.806817282E1	3.959670696E1
3.136000000E1	1.806530353E1	3.959331514E1
3.140000000E1	1.806762889E1	3.960089237E1
3.144000000E1	1.806259015E1	3.959993635E1
3.148000000E1	1.804701087E1	3.959771237E1
3.152000000E1	1.799604014E1	3.961130828E1
3.156000000E1	1.795009462E1	3.960655181E1
3.160000000E1	1.793471232E1	3.960145876E1
3.164000000E1	1.791552759E1	3.959634302E1
3.168000000E1	1.792288499E1	3.959857808E1
3.172000000E1	1.793467228E1	3.960382617E1
3.176000000E1	1.794031750E1	3.960654579E1
3.180000000E1	1.794604251E1	3.960465996E1
3.184000000E1	1.795627970E1	3.961164461E1
3.188000000E1	1.797797589E1	3.961487437E1
3.192000000E1	1.799155255E1	3.961796772E1
3.196000000E1	1.802829981E1	3.959756780E1
3.200000000E1	1.809432653E1	3.959672088E1
3.204000000E1	1.825411656E1	3.947837834E1
3.208000000E1	1.825448894E1	3.943955856E1
3.212000000E1	1.826830775E1	3.945024743E1
3.216000000E1	1.840653277E1	3.946233134E1
3.220000000E1	1.859435268E1	3.959325396E1
3.224000000E1	1.905083943E1	3.964115173E1
3.228000000E1	1.964588359E1	3.964109938E1
3.232000000E1	2.035676078E1	3.962424321E1
3.236000000E1	2.108987011E1	3.961456131E1
3.240000000E1	2.179030584E1	3.960182766E1
3.244000000E1	2.244520154E1	3.958304967E1
3.248000000E1	2.321112029E1	3.947956917E1
3.252000000E1	2.365454889E1	3.942718317E1
3.256000000E1	2.391754186E1	3.943564947E1
3.260000000E1	2.409210908E1	3.945161562E1
3.264000000E1	2.409119768E1	3.945803906E1
3.268000000E1	2.395791941E1	3.947264530E1
3.272000000E1	2.375403994E1	3.947452880E1
3.276000000E1	2.344459876E1	3.947468523E1
3.280000000E1	2.304077893E1	3.948176205E1
3.284000000E1	2.262969666E1	3.949717654E1
3.288000000E1	2.210866872E1	3.947348351E1
3.292000000E1	2.164684075E1	3.947389019E1
3.296000000E1	2.126613859E1	3.949419220E1
3.300000000E1	2.070962093E1	3.963896737E1
3.304000000E1	2.028674384E1	3.960667618E1
3.308000000E1	1.992571862E1	3.961651396E1
3.312000000E1	1.962247231E1	3.960799788E1
3.316000000E1	1.930975179E1	3.960505198E1
3.320000000E1	1.901225286E1	3.958951474E1
3.324000000E1	1.881447130E1	3.957833918E1
3.328000000E1	1.872851678E1	3.957852705E1
3.332000000E1	1.870803223E1	3.958300786E1
3.336000000E1	1.874884927E1	3.959230895E1
3.340000000E1	1.879826773E1	3.957615093E1
3.344000000E1	1.881159873E1	3.957737264E1
3.348000000E1	1.873901677E1	3.960069231E1
3.352000000E1	1.866444822E1	3.958366577E1
3.356000000E1	1.857199710E1	3.960440648E1
3.360000000E1	1.852578688E1	3.959783615E1
3.364000000E1	1.845641180E1	3.960778410E1
3.368000000E1	1.840131476E1	3.960232809E1
3.372000000E1	1.839119620E1	3.959909907E1
3.376000000E1	1.838956523E1	3.960102296E1
3.380000000E1	1.837719874E1	3.959347939E1
3.384000000E1	1.837833857E1	3.959840319E1
3.388000000E1	1.837171147E1	3.959592448E1
3.392000000E1	1.837289297E1	3.959873342E1
3.396000000E1	1.837458697E1	3.960019992E1
3.400000000E1	1.838610306E1	3.960273212E1
3.404000000E1	1.839428710E1	3.960211840E1
3.408000000E1	1.840530729E1	3.959465005E1
3.412000000E1	1.859241267E1	3.950325391E1
3.416000000E1	1.869558408E1	3.943422554E1
3.420000000E1	1.879960246E1	3.938888827E1
3.424000000E1	1.897750405E1	3.943604729E1
3.428000000E1	1.925904559E1	3.945399122E1
3.432000000E1	1.965517469E1	3.949980251E1
3.436000000E1	2.016199967E1	3.946920576E1
3.440000000E1	2.078305469E1	3.946772062E1
3.444000000E1	2.144039895E1	3.946759993E1
3.448000000E1	2.212027899E1	3.944764968E1
3.452000000E1	2.274382959E1	3.942826745E1
3.456000000E1	2.355597986E1	3.933612817E1
3.460000000E1	2.409874843E1	3.929283703E1
3.464000000E1	2.455544882E1	3.928754262E1
3.468000000E1	2.486613156E1	3.928937823E1
3.472000000E1	2.505293687E1	3.929742613E1
3.476000000E1	2.516092985E1	3.930675867E1
3.480000000E1	2.516933851E1	3.931287290E1
3.484000000E1	2.500766411E1	3.931114696E1
3.488000000E1	2.475102177E1	3.931810829E1
3.492000000E1	2.395052839E1	3.958301447E1
3.496000000E1	2.371316091E1	3.962163800E1
3.500000000E1	2.287839709E1	3.989638143E1
3.504000000E1	2.256940779E1	3.992156548E1
3.508000000E1	2.155337504E1	4.019321164E1
3.512000000E1	2.099808617E1	4.021360929E1
3.516000000E1	2.042491216E1	4.020932384E1
3.520000000E1	1.998033611E1	4.023557156E1
3.524000000E1	1.964844090E1	4.026663221E1
3.528000000E1	1.925763646E1	4.025030781E1
3.532000000E1	1.895265550E1	4.022961406E1
3.536000000E1	1.868739142E1	4.022398669E1
3.540000000E1	1.843881440E1	4.022468730E1
3.544000000E1	1.825686157E1	4.021516110E1
3.548000000E1	1.814311334E1	4.021270508E1
3.552000000E1	1.807410176E1	4.019619903E1
3.556000000E1	1.801929262E1	4.019880004E1
3.560000000E1	1.794004952E1	4.017049904E1
3.564000000E1	1.794290043E1	4.018657145E1
3.568000000E1	1.795559781E1	4.019081407E1
3.572000000E1	1.796281220E1	4.019850251E1
3.576000000E1	1.796092394E1	4.019797047E1
3.580000000E1	1.794295119E1	4.018594418E1
3.584000000E1	1.792162861E1	4.019320629E1
3.588000000E1	1.789697304E1	4.019485634E1
3.592000000E1	1.789659940E1	4.019727388E1
3.596000000E1	1.789376542E1	4.019838372E1
3.600000000E1	1.789459741E1	4.019659249E1
3.604000000E1	1.785638693E1	4.021055072E1
3.608000000E1	1.780077453E1	4.020431860E1
3.612000000E1	1.777529974E1	4.019505486E1
3.616000000E1	1.776430167E1	4.019783550E1
3.620000000E1	1.775778584E1	4.019224805E1
3.624000000E1	1.776352168E1	4.020109153E1
3.628000000E1	1.776254637E1	4.020168575E1
3.632000000E1	1.775991267E1	4.020158016E1
3.636000000E1	1.775173777E1	4.019827800E1
3.640000000E1	1.776983349E1	4.020196512E1
3.644000000E1	1.778205476E1	4.020443886E1
3.648000000E1	1.778741830E1	4.020577559E1
3.652000000E1	1.780203784E1	4.020841770E1
3.656000000E1	1.781236857E1	4.020276446E1
3.660000000E1	1.801567583E1	4.009738308E1
3.664000000E1	1.817716489E1	3.990980250E1
3.668000000E1	1.827741482E1	3.991072135E1
3.672000000E1	1.845568053E1	3.991234785E1
3.676000000E1	1.878569067E1	3.990576082E1
3.680000000E1	1.927064386E1	3.990665858E1
3.684000000E1	1.990427865E1	3.990807546E1
3.688000000E1	2.064613429E1	3.990184189E1
3.692000000E1	2.139533881E1	3.988316146E1
3.696000000E1	2.215671270E1	3.987761971E1
3.700000000E1	2.306179507E1	3.976397815E1
3.704000000E1	2.356492466E1	3.971126867E1
3.708000000E1	2.416001400E1	3.964944885E1
3.712000000E1	2.434987079E1	3.958725295E1
3.716000000E1	2.450429626E1	3.960500047E1
3.720000000E1	2.447478122E1	3.961249945E1
3.724000000E1	2.435993644E1	3.962699658E1
3.728000000E1	2.408539640E1	3.963055175E1
3.732000000E1	2.375156458E1	3.962706816E1
3.736000000E1	2.284277547E1	3.987657663E1
3.740000000E1	2.242556654E1	3.990616313E1
3.744000000E1	2.196529831E1	3.991113164E1
3.748000000E1	2.142916802E1	3.992475495E1
3.752000000E1	2.084849120E1	3.992456634E1
3.756000000E1	2.031723414E1	3.991493009E1
3.760000000E1	1.981461162E1	3.992214503E1
3.764000000E1	1.938279681E1	3.990916647E1
3.768000000E1	1.912069202E1	3.990705750E1
3.772000000E1	1.886624712E1	3.991393876E1
3.776000000E1	1.875527956E1	3.992197737E1
3.780000000E1	1.874058757E1	3.992822973E1
3.784000000E1	1.868704756E1	3.992101363E1
3.788000000E1	1.862897554E1	3.989810753E1
3.792000000E1	1.865723184E1	3.989669235E1
3.796000000E1	1.867166562E1	3.989716743E1
3.800000000E1	1.866445513E1	3.989318542E1
3.804000000E1	1.866284329E1	3.989509829E1
3.808000000E1	1.866675123E1	3.989866065E1
3.812000000E1	1.867427164E1	3.990108122E1
3.816000000E1	1.858128136E1	3.991178302E1
3.820000000E1	1.855376266E1	3.990881692E1
3.824000000E1	1.854411934E1	3.990560864E1
3.828000000E1	1.854299180E1	3.990593620E1
3.832000000E1	1.854216921E1	3.990589605E1
3.836000000E1	1.853770306E1	3.990060608E1
3.840000000E1	1.854321834E1	3.990724731E1
3.844000000E1	1.852543600E1	3.989511261E1
3.848000000E1	1.851056546E1	3.988564105E1
3.852000000E1	1.851594479E1	3.989038554E1
3.856000000E1	1.851604284E1	3.989444930E1
3.860000000E1	1.852789700E1	3.989935183E1
3.864000000E1	1.853234999E1	3.990067783E1
3.868000000E1	1.852601057E1	3.989953463E1
3.872000000E1	1.852021177E1	3.989860858E1
3.876000000E1	1.852658598E1	3.989845808E1
3.880000000E1	1.852790710E1	3.989405443E1
3.884000000E1	1.853715260E1	3.989109140E1
3.888000000E1	1.855195521E1	3.988603419E1
3.892000000E1	1.869379289E1	3.975214507E1
3.896000000E1	1.884526913E1	3.964033833E1
3.900000000E1	1.899319947E1	3.963371157E1
3.904000000E1	1.914552762E1	3.973907859E1
3.908000000E1	1.955257562E1	3.975756653E1
3.912000000E1	2.003351175E1	3.977282404E1
3.916000000E1	2.062185363E1	3.976159720E1
3.920000000E1	2.122997836E1	3.975554351E1
3.924000000E1	2.185364438E1	3.975571386E1
3.928000000E1	2.243793306E1	3.973830553E1
3.932000000E1	2.297406233E1	3.971462354E1
3.936000000E1	2.351628989E1	3.972648106E1
3.940000000E1	2.395679939E1	3.972013706E1
3.944000000E1	2.456844387E1	3.962681410E1
3.948000000E1	2.481145908E1	3.957314172E1
3.952000000E1	2.492211345E1	3.958016322E1
3.956000000E1	2.496445199E1	3.959724003E1
3.960000000E1	2.486311927E1	3.962336207E1
3.964000000E1	2.461926645E1	3.961799142E1
3.968000000E1	2.424255958E1	3.962697491E1
3.972000000E1	2.340102253E1	3.989591951E1
3.976000000E1	2.292991228E1	3.991268317E1
3.980000000E1	2.246827493E1	3.992625967E1
3.984000000E1	2.200190914E1	3.993198103E1
3.988000000E1	2.150763992E1	3.992368543E1
3.992000000E1	2.103756468E1	3.991628482E1
3.996000000E1	2.063516529E1	3.991639031E1
4.000000000E1	2.032267031E1	3.991597202E1
4.004000000E1	2.007419021E1	3.992577911E1
4.008000000E1	1.987374264E1	3.991595933E1
4.012000000E1	1.974230387E1	3.991851795E1
4.016000000E1	1.963925996E1	3.992550837E1
4.020000000E1	1.953986105E1	3.989406305E1
4.024000000E1	1.943398204E1	3.989378646E1
4.028000000E1	1.933399352E1	3.989582206E1
4.032000000E1	1.926206846E1	3.985448062E1
4.036000000E1	1.917954160E1	3.989266512E1
4.040000000E1	1.913899820E1	3.989921535E1
4.044000000E1	1.914841227E1	3.990650039E1
4.048000000E1	1.915126324E1	3.990938800E1
4.052000000E1	1.914657854E1	3.990575975E1
4.056000000E1	1.913989799E1	3.990168727E1
4.060000000E1	1.909203694E1	3.988274411E1
4.064000000E1	1.901365393E1	3.990446087E1
4.068000000E1	1.898547075E1	3.989406020E1
4.072000000E1	1.897626985E1	3.989131980E1
4.076000000E1	1.897866140E1	3.989153073E1
4.080000000E1	1.898692016E1	3.989923553E1
4.084000000E1	1.897239249E1	3.988294179E1
4.088000000E1	1.897986630E1	3.989170230E1
4.092000000E1	1.897824315E1	3.989320736E1
4.096000000E1	1.897824210E1	3.989452530E1
4.100000000E1	1.898636080E1	3.989712393E1
4.104000000E1	1.898670350E1	3.989816704E1
4.108000000E1	1.898586729E1	3.989846057E1
4.112000000E1	1.898506834E1	3.989366445E1
4.116000000E1	1.898782922E1	3.990021691E1
4.120000000E1	1.898643422E1	3.990026107E1
4.124000000E1	1.897744335E1	3.989456702E1
4.128000000E1	1.898496682E1	3.990012702E1
4.132000000E1	1.899062620E1	3.990439466E1
4.136000000E1	1.899325479E1	3.990648804E1
4.140000000E1	1.899351074E1	3.990693326E1
4.144000000E1	1.899381669E1	3.990721110E1
4.148000000E1	1.899410594E1	3.990758990E1
4.152000000E1	1.898940686E1	3.990535018E1
4.156000000E1	1.898697658E1	3.990492357E1
4.160000000E1	1.899007661E1	3.990617164E1
4.164000000E1	1.899170347E1	3.990688925E1
4.168000000E1	1.898037920E1	3.990251229E1
4.172000000E1	1.898447364E1	3.990413958E1
4.176000000E1	1.898495535E1	3.990435638E1
4.180000000E1	1.899080373E1	3.990713651E1
4.184000000E1	1.899182663E1	3.990739003E1
4.188000000E1	1.899160072E1	3.990706815E1
4.192000000E1	1.897989387E1	3.990006044E1
4.196000000E1	1.897584294E1	3.990203800E1
4.200000000E1	1.890664900E1	3.992269835E1
4.204000000E1	1.885208463E1	3.990943997E1
4.208000000E1	1.884038390E1	3.990406716E1
4.212000000E1	1.883116127E1	3.987707184E1
4.216000000E1	1.882461789E1	3.986512544E1
4.220000000E1	1.893209767E1	3.974701745E1
4.224000000E1	1.890190182E1	3.977696618E1
4.228000000E1	1.878348229E1	3.974350185E1
4.232000000E1	1.869046039E1	3.975841505E1
4.236000000E1	1.851888395E1	3.975213416E1
4.240000000E1	1.836344693E1	3.975678263E1
4.244000000E1	1.821587246E1	3.974211641E1
4.248000000E1	1.809887973E1	3.975550352E1
4.252000000E1	1.804310081E1	3.974067577E1
4.256000000E1	1.794338894E1	3.974886406E1
4.260000000E1	1.780121062E1	3.974143657E1
4.264000000E1	1.766893018E1	3.975016850E1
4.268000000E1	1.760156637E1	3.973206230E1
4.272000000E1	1.754212796E1	3.976197826E1
4.276000000E1	1.750000402E1	3.975771051E1
4.280000000E1	1.748421389E1	3.975451213E1
4.284000000E1	1.746853969E1	3.975224349E1
4.288000000E1	1.740642579E1	3.977104113E1
4.292000000E1	1.735139175E1	3.976138839E1
4.296000000E1	1.734280104E1	3.975833919E1
