armbåge
t	x	y
0.000000000E0	8.696973240E0	6.583250217E0
4.000000000E-2	8.687469780E0	6.582429749E0
8.000000000E-2	8.684642485E0	6.578595534E0
1.200000000E-1	8.688902847E0	6.577864836E0
1.600000000E-1	8.693299096E0	6.578197888E0
2.000000000E-1	8.697773462E0	6.579354866E0
2.400000000E-1	8.701588822E0	6.579526805E0
2.800000000E-1	8.704360708E0	6.579069292E0
3.200000000E-1	8.701308565E0	6.580944515E0
3.600000000E-1	8.699632965E0	6.581622206E0
4.000000000E-1	8.689533129E0	6.579465063E0
4.400000000E-1	8.668560206E0	6.576083182E0
4.800000000E-1	8.623608497E0	6.572604723E0
5.200000000E-1	8.597981492E0	6.586501000E0
5.600000000E-1	8.563224525E0	6.586948599E0
6.000000000E-1	8.557067698E0	6.586042345E0
6.400000000E-1	8.553691126E0	6.585483476E0
6.800000000E-1	8.551920919E0	6.585545121E0
7.200000000E-1	8.550934039E0	6.585691611E0
7.600000000E-1	8.548811781E0	6.584297045E0
8.000000000E-1	8.547705482E0	6.583547107E0
8.400000000E-1	8.543971481E0	6.582335174E0
8.800000000E-1	8.538770181E0	6.580751073E0
9.200000000E-1	8.534101148E0	6.579710968E0
9.600000000E-1	8.519890547E0	6.576084650E0
1.000000000E0	8.484423179E0	6.577096192E0
1.040000000E0	8.513091072E0	6.593217303E0
1.080000000E0	8.558750485E0	6.723339110E0
1.120000000E0	8.904188304E0	6.905290894E0
1.160000000E0	9.719597003E0	7.200582176E0
1.200000000E0	1.115650924E1	7.658277239E0
1.240000000E0	1.332889378E1	8.270717754E0
1.280000000E0	1.615605483E1	9.164562101E0
1.320000000E0	1.956604723E1	1.034121836E1
1.360000000E0	2.329184570E1	1.179283435E1
1.400000000E0	2.703776109E1	1.336126901E1
1.440000000E0	3.070039394E1	1.501604466E1
1.480000000E0	3.408435132E1	1.651466656E1
1.520000000E0	3.701601152E1	1.781866480E1
1.560000000E0	3.948903279E1	1.886144735E1
1.600000000E0	4.138304607E1	1.966102941E1
1.640000000E0	4.281293499E1	2.032061468E1
1.680000000E0	4.388932474E1	2.077042310E1
1.720000000E0	4.465163104E1	2.107247065E1
1.760000000E0	4.521925622E1	2.132465491E1
1.800000000E0	4.562696776E1	2.144158498E1
1.840000000E0	4.588964754E1	2.154498086E1
1.880000000E0	4.603167733E1	2.153069182E1
1.920000000E0	4.612953776E1	2.139401562E1
1.960000000E0	4.603811005E1	2.123553654E1
2.000000000E0	4.574545313E1	2.106331329E1
2.040000000E0	4.526334126E1	2.079872055E1
2.080000000E0	4.450568307E1	2.047342108E1
2.120000000E0	4.344469956E1	1.998980063E1
2.160000000E0	4.211868520E1	1.949985735E1
2.200000000E0	4.049399547E1	1.886805674E1
2.240000000E0	3.869004376E1	1.824696651E1
2.280000000E0	3.675685564E1	1.762434594E1
2.320000000E0	3.475256034E1	1.699817807E1
2.360000000E0	3.271218260E1	1.630574460E1
2.400000000E0	3.073636278E1	1.564593948E1
2.440000000E0	2.892483824E1	1.505232337E1
2.480000000E0	2.729246620E1	1.443218320E1
2.520000000E0	2.590777501E1	1.385963611E1
2.560000000E0	2.475872468E1	1.328798532E1
2.600000000E0	2.389260454E1	1.276523678E1
2.640000000E0	2.336783688E1	1.235420495E1
2.680000000E0	2.309512627E1	1.203344563E1
2.720000000E0	2.294119023E1	1.178450942E1
2.760000000E0	2.294843851E1	1.165595685E1
2.800000000E0	2.310804293E1	1.164355384E1
2.840000000E0	2.326343890E1	1.164146876E1
2.880000000E0	2.338946484E1	1.164718788E1
2.920000000E0	2.351985312E1	1.165955653E1
2.960000000E0	2.365956045E1	1.167260601E1
3.000000000E0	2.381771229E1	1.167865620E1
3.040000000E0	2.389521183E1	1.168255319E1
3.080000000E0	2.386922754E1	1.166307148E1
3.120000000E0	2.380663710E1	1.161462618E1
3.160000000E0	2.368202222E1	1.153617581E1
3.200000000E0	2.354219399E1	1.148754335E1
3.240000000E0	2.338872717E1	1.136329624E1
3.280000000E0	2.317483530E1	1.122392210E1
3.320000000E0	2.288349089E1	1.103915655E1
3.360000000E0	2.250719319E1	1.080600681E1
3.400000000E0	2.206439228E1	1.060110508E1
3.440000000E0	2.171865950E1	1.044005008E1
3.480000000E0	2.149829087E1	1.036849824E1
3.520000000E0	2.153161210E1	1.042625758E1
3.560000000E0	2.190418982E1	1.063790525E1
3.600000000E0	2.264952373E1	1.102737049E1
3.640000000E0	2.381502737E1	1.151775620E1
3.680000000E0	2.533191835E1	1.220316485E1
3.720000000E0	2.718643914E1	1.303781020E1
3.760000000E0	2.930684453E1	1.401579469E1
3.800000000E0	3.161083881E1	1.512750296E1
3.840000000E0	3.392046365E1	1.624627028E1
3.880000000E0	3.614170892E1	1.738449324E1
3.920000000E0	3.826207507E1	1.843807863E1
3.960000000E0	4.021896979E1	1.940970378E1
4.000000000E0	4.194916803E1	2.023131771E1
4.040000000E0	4.344363014E1	2.078559247E1
4.080000000E0	4.467818239E1	2.121171447E1
4.120000000E0	4.555577970E1	2.144811981E1
4.160000000E0	4.603860130E1	2.142881188E1
4.200000000E0	4.613447712E1	2.126264064E1
4.240000000E0	4.584990668E1	2.094663134E1
4.280000000E0	4.525803140E1	2.061634219E1
4.320000000E0	4.437222006E1	2.032228410E1
4.360000000E0	4.329109516E1	2.002811934E1
4.400000000E0	4.198017600E1	1.972333506E1
4.440000000E0	4.051136881E1	1.930635108E1
4.480000000E0	3.890646374E1	1.880523310E1
4.520000000E0	3.722673143E1	1.824241031E1
4.560000000E0	3.550446544E1	1.761554424E1
4.600000000E0	3.379753624E1	1.699963899E1
4.640000000E0	3.218651885E1	1.638547685E1
4.680000000E0	3.072364539E1	1.575104212E1
4.720000000E0	2.931990064E1	1.507666689E1
4.760000000E0	2.805277786E1	1.441580504E1
4.800000000E0	2.695224111E1	1.383023560E1
4.840000000E0	2.603357051E1	1.325935791E1
4.880000000E0	2.531448952E1	1.282299435E1
4.920000000E0	2.479117039E1	1.240011173E1
4.960000000E0	2.439477720E1	1.204520385E1
5.000000000E0	2.413516396E1	1.178199777E1
5.040000000E0	2.398470716E1	1.155256216E1
5.080000000E0	2.393815125E1	1.141851432E1
5.120000000E0	2.397229985E1	1.135428010E1
5.160000000E0	2.396433797E1	1.122132092E1
5.200000000E0	2.384480153E1	1.109584942E1
5.240000000E0	2.364594078E1	1.087646567E1
5.280000000E0	2.331539496E1	1.057703143E1
5.320000000E0	2.280891399E1	1.023127087E1
5.360000000E0	2.214907542E1	9.779378713E0
5.400000000E0	2.132539268E1	9.307058983E0
5.440000000E0	2.047323346E1	8.861381487E0
5.480000000E0	1.965028937E1	8.497979175E0
5.520000000E0	1.888420442E1	8.185864424E0
5.560000000E0	1.820108193E1	7.977663466E0
5.600000000E0	1.759934256E1	7.828501796E0
5.640000000E0	1.706437537E1	7.663257037E0
5.680000000E0	1.660241638E1	7.605824259E0
5.720000000E0	1.620664689E1	7.583448443E0
5.760000000E0	1.590741506E1	7.548472280E0
5.800000000E0	1.568838219E1	7.522312845E0
5.840000000E0	1.555766251E1	7.492386900E0
5.880000000E0	1.548719357E1	7.529846072E0
5.920000000E0	1.556179207E1	7.550547457E0
5.960000000E0	1.586689213E1	7.629804733E0
6.000000000E0	1.636476475E1	7.788230614E0
6.040000000E0	1.718784941E1	8.022392567E0
6.080000000E0	1.839874616E1	8.405804776E0
6.120000000E0	1.998473637E1	8.999195018E0
6.160000000E0	2.204657346E1	9.864645626E0
6.200000000E0	2.455348680E1	1.099125279E1
6.240000000E0	2.739170331E1	1.236479218E1
6.280000000E0	3.042940042E1	1.390621467E1
6.320000000E0	3.353527366E1	1.543408048E1
6.360000000E0	3.648477727E1	1.688244112E1
6.400000000E0	3.910371883E1	1.800092242E1
6.440000000E0	4.131492906E1	1.886849151E1
6.480000000E0	4.304926166E1	1.939876258E1
6.520000000E0	4.434729015E1	1.972637441E1
6.560000000E0	4.525641421E1	2.000184336E1
6.600000000E0	4.571614664E1	2.015985526E1
6.640000000E0	4.568825928E1	2.001635439E1
6.680000000E0	4.519432571E1	1.973869097E1
6.720000000E0	4.437378474E1	1.953684412E1
6.760000000E0	4.329825046E1	1.928606910E1
6.800000000E0	4.199293493E1	1.898227032E1
6.840000000E0	4.042316239E1	1.847766834E1
6.880000000E0	3.857851624E1	1.782826523E1
6.920000000E0	3.644833994E1	1.701474147E1
6.960000000E0	3.423852300E1	1.617257467E1
7.000000000E0	3.208573004E1	1.534132392E1
7.040000000E0	3.008998183E1	1.456762358E1
7.080000000E0	2.820864317E1	1.385164312E1
7.120000000E0	2.647730009E1	1.319486605E1
7.160000000E0	2.494714872E1	1.257469193E1
7.200000000E0	2.367461733E1	1.195279956E1
7.240000000E0	2.277494586E1	1.136788715E1
7.280000000E0	2.229723999E1	1.093083445E1
7.320000000E0	2.204924783E1	1.061322001E1
7.360000000E0	2.198805248E1	1.040454732E1
7.400000000E0	2.201300088E1	1.030832788E1
7.440000000E0	2.201324278E1	1.023695778E1
7.480000000E0	2.202008067E1	1.017404345E1
7.520000000E0	2.204570939E1	1.017333330E1
7.560000000E0	2.204956393E1	1.018931200E1
7.600000000E0	2.201697116E1	1.017848428E1
7.640000000E0	2.188345226E1	1.017226449E1
7.680000000E0	2.172218668E1	1.013270037E1
7.720000000E0	2.156265584E1	1.003046901E1
7.760000000E0	2.139537771E1	9.950547653E0
7.800000000E0	2.125978692E1	9.880140832E0
7.840000000E0	2.114534454E1	9.866806790E0
7.880000000E0	2.109481519E1	9.848991744E0
7.920000000E0	2.101773255E1	9.858178971E0
7.960000000E0	2.099401354E1	9.862907594E0
8.000000000E0	2.098168382E1	9.855156042E0
8.040000000E0	2.098182247E1	9.849794228E0
8.080000000E0	2.098501837E1	9.837384072E0
8.120000000E0	2.101836216E1	9.840906050E0
8.160000000E0	2.118726040E1	9.871259734E0
8.200000000E0	2.159010795E1	1.000782345E1
8.240000000E0	2.238445680E1	1.033138261E1
8.280000000E0	2.375154805E1	1.088918697E1
8.320000000E0	2.565586617E1	1.171493829E1
8.360000000E0	2.807835357E1	1.273311572E1
8.400000000E0	3.080161643E1	1.391708550E1
8.440000000E0	3.368202385E1	1.530627813E1
8.480000000E0	3.657825221E1	1.666053759E1
8.520000000E0	3.927417363E1	1.789640744E1
8.560000000E0	4.156266907E1	1.890220382E1
8.600000000E0	4.345141845E1	1.967270514E1
8.640000000E0	4.486840387E1	2.018489916E1
8.680000000E0	4.586468937E1	2.048913364E1
8.720000000E0	4.651103658E1	2.071943911E1
8.760000000E0	4.674761723E1	2.080123994E1
8.800000000E0	4.650119546E1	2.057707534E1
8.840000000E0	4.585069133E1	2.016165154E1
8.880000000E0	4.491694899E1	1.972483724E1
8.920000000E0	4.371659056E1	1.925804422E1
8.960000000E0	4.224586515E1	1.875748648E1
9.000000000E0	4.051521962E1	1.809810966E1
9.040000000E0	3.862310029E1	1.744920816E1
9.080000000E0	3.660801510E1	1.672065041E1
9.120000000E0	3.454420191E1	1.593630016E1
9.160000000E0	3.248596021E1	1.520087238E1
9.200000000E0	3.057451710E1	1.451996582E1
9.240000000E0	2.876404357E1	1.387873591E1
9.280000000E0	2.713812714E1	1.326641476E1
9.320000000E0	2.580436965E1	1.271317270E1
9.360000000E0	2.469561409E1	1.214503815E1
9.400000000E0	2.383634097E1	1.163240624E1
9.440000000E0	2.327923600E1	1.123868774E1
9.480000000E0	2.286010045E1	1.089940827E1
9.520000000E0	2.258271662E1	1.057471488E1
9.560000000E0	2.251275150E1	1.040813899E1
9.600000000E0	2.250284059E1	1.028756228E1
9.640000000E0	2.254399839E1	1.021450291E1
9.680000000E0	2.260454803E1	1.014803445E1
9.720000000E0	2.262294885E1	1.009384566E1
9.760000000E0	2.253067077E1	1.003199971E1
9.800000000E0	2.237541151E1	9.880392430E0
9.840000000E0	2.217891121E1	9.705905354E0
9.880000000E0	2.189806773E1	9.510315939E0
9.920000000E0	2.160578726E1	9.350044966E0
9.960000000E0	2.137172667E1	9.210147671E0
1.000000000E1	2.117297360E1	9.121318285E0
1.004000000E1	2.101052677E1	9.066268285E0
1.008000000E1	2.086856653E1	9.007283988E0
1.012000000E1	2.072770491E1	8.986418162E0
1.016000000E1	2.067776117E1	8.974473717E0
1.020000000E1	2.066934686E1	8.983079353E0
1.024000000E1	2.070490211E1	9.090601722E0
1.028000000E1	2.097978356E1	9.243000444E0
1.032000000E1	2.152030679E1	9.509375121E0
1.036000000E1	2.246511557E1	9.980462503E0
1.040000000E1	2.388904027E1	1.062333532E1
1.044000000E1	2.577529357E1	1.150915215E1
1.048000000E1	2.803626469E1	1.256734051E1
1.052000000E1	3.054495436E1	1.371704920E1
1.056000000E1	3.312352110E1	1.492007528E1
1.060000000E1	3.566220337E1	1.612565512E1
1.064000000E1	3.812278230E1	1.727627970E1
1.068000000E1	4.037732600E1	1.835802288E1
1.072000000E1	4.234662377E1	1.922109412E1
1.076000000E1	4.399109747E1	1.996965567E1
1.080000000E1	4.526429085E1	2.055100274E1
1.084000000E1	4.626197555E1	2.096116118E1
1.088000000E1	4.687158016E1	2.117530318E1
1.092000000E1	4.709040631E1	2.114000477E1
1.096000000E1	4.692502324E1	2.090428168E1
1.100000000E1	4.647955726E1	2.059794126E1
1.104000000E1	4.579908827E1	2.019331066E1
1.108000000E1	4.495344345E1	1.982669795E1
1.112000000E1	4.391397821E1	1.941034703E1
1.116000000E1	4.270968242E1	1.898281203E1
1.120000000E1	4.127660819E1	1.841330411E1
1.124000000E1	3.967975435E1	1.778899724E1
1.128000000E1	3.790160630E1	1.705232734E1
1.132000000E1	3.600930864E1	1.632812017E1
1.136000000E1	3.400304538E1	1.555381988E1
1.140000000E1	3.208327879E1	1.485148728E1
1.144000000E1	3.022633499E1	1.420064081E1
1.148000000E1	2.849358529E1	1.367206991E1
1.152000000E1	2.695465116E1	1.316743823E1
1.156000000E1	2.572687102E1	1.269998048E1
1.160000000E1	2.477556823E1	1.228480838E1
1.164000000E1	2.410348007E1	1.196104063E1
1.168000000E1	2.371345438E1	1.177252988E1
1.172000000E1	2.358258069E1	1.166288225E1
1.176000000E1	2.357144893E1	1.156871367E1
1.180000000E1	2.355940972E1	1.149379387E1
1.184000000E1	2.353483236E1	1.140049582E1
1.188000000E1	2.349078439E1	1.136578825E1
1.192000000E1	2.340448637E1	1.134435966E1
1.196000000E1	2.334318909E1	1.131963407E1
1.200000000E1	2.323489421E1	1.121874829E1
1.204000000E1	2.308067242E1	1.110927190E1
1.208000000E1	2.282229274E1	1.092080674E1
1.212000000E1	2.251314020E1	1.065802136E1
1.216000000E1	2.212811539E1	1.035298712E1
1.220000000E1	2.168866743E1	1.004578594E1
1.224000000E1	2.126285019E1	9.746663191E0
1.228000000E1	2.082473468E1	9.463747498E0
1.232000000E1	2.042965888E1	9.263478287E0
1.236000000E1	2.021114550E1	9.132388870E0
1.240000000E1	2.023046771E1	9.132980423E0
1.244000000E1	2.056704150E1	9.309214087E0
1.248000000E1	2.138882712E1	9.691636576E0
1.252000000E1	2.260998497E1	1.026725702E1
1.256000000E1	2.425544470E1	1.100596063E1
1.260000000E1	2.621229130E1	1.189558707E1
1.264000000E1	2.837171399E1	1.285524832E1
1.268000000E1	3.071352894E1	1.400978979E1
1.272000000E1	3.311893256E1	1.520443882E1
1.276000000E1	3.545601520E1	1.642205817E1
1.280000000E1	3.768283444E1	1.747349096E1
1.284000000E1	3.972962161E1	1.847457736E1
1.288000000E1	4.152130678E1	1.926798288E1
1.292000000E1	4.305419599E1	1.986480032E1
1.296000000E1	4.434575256E1	2.036684610E1
1.300000000E1	4.537072888E1	2.073599247E1
1.304000000E1	4.603477397E1	2.091838712E1
1.308000000E1	4.633503371E1	2.090464480E1
1.312000000E1	4.631750478E1	2.067726049E1
1.316000000E1	4.589286508E1	2.031553397E1
1.320000000E1	4.514987978E1	1.983826504E1
1.324000000E1	4.421255214E1	1.940774439E1
1.328000000E1	4.301528795E1	1.894774102E1
1.332000000E1	4.160073669E1	1.841086647E1
1.336000000E1	3.992782972E1	1.777252315E1
1.340000000E1	3.807864963E1	1.712212654E1
1.344000000E1	3.611232814E1	1.644268252E1
1.348000000E1	3.409762652E1	1.579694392E1
1.352000000E1	3.205553537E1	1.511515176E1
1.356000000E1	3.010833706E1	1.446650336E1
1.360000000E1	2.832895355E1	1.386929113E1
1.364000000E1	2.685090070E1	1.335341901E1
1.368000000E1	2.561854970E1	1.287124681E1
1.372000000E1	2.470864548E1	1.245042597E1
1.376000000E1	2.409522267E1	1.214299665E1
1.380000000E1	2.374697562E1	1.194369688E1
1.384000000E1	2.353541954E1	1.177646740E1
1.388000000E1	2.342538912E1	1.167773479E1
1.392000000E1	2.338399852E1	1.162852027E1
1.396000000E1	2.340238719E1	1.163498023E1
1.400000000E1	2.347996633E1	1.155898121E1
1.404000000E1	2.343597490E1	1.150309660E1
1.408000000E1	2.337098762E1	1.132950785E1
1.412000000E1	2.324376299E1	1.115858077E1
1.416000000E1	2.310537825E1	1.094142413E1
1.420000000E1	2.294756029E1	1.073241399E1
1.424000000E1	2.279392513E1	1.048532701E1
1.428000000E1	2.261460727E1	1.026464390E1
1.432000000E1	2.243709920E1	1.003059694E1
1.436000000E1	2.220981123E1	9.842669941E0
1.440000000E1	2.198275212E1	9.654239660E0
1.444000000E1	2.174076995E1	9.505925724E0
1.448000000E1	2.148428907E1	9.403140677E0
1.452000000E1	2.126952205E1	9.262972550E0
1.456000000E1	2.109559552E1	9.163938729E0
1.460000000E1	2.094684568E1	9.104608059E0
1.464000000E1	2.084278134E1	9.082237227E0
1.468000000E1	2.082011774E1	9.068849926E0
1.472000000E1	2.082937634E1	9.102432779E0
1.476000000E1	2.085604726E1	9.129797146E0
1.480000000E1	2.098611884E1	9.207939339E0
1.484000000E1	2.115690367E1	9.348193181E0
1.488000000E1	2.142592282E1	9.506462608E0
1.492000000E1	2.175337504E1	9.731194291E0
1.496000000E1	2.227312311E1	9.998518300E0
1.500000000E1	2.293616969E1	1.032597346E1
1.504000000E1	2.375124498E1	1.072263035E1
1.508000000E1	2.486556773E1	1.126429731E1
1.512000000E1	2.622858291E1	1.194881456E1
1.516000000E1	2.782021458E1	1.274923965E1
1.520000000E1	2.969426565E1	1.368804634E1
1.524000000E1	3.178335294E1	1.478151837E1
1.528000000E1	3.400461499E1	1.592543847E1
1.532000000E1	3.624581109E1	1.702090571E1
1.536000000E1	3.839145361E1	1.806486796E1
1.540000000E1	4.034090422E1	1.894569779E1
1.544000000E1	4.204797998E1	1.962804145E1
1.548000000E1	4.349503907E1	2.016652784E1
1.552000000E1	4.466182414E1	2.049186356E1
1.556000000E1	4.551628060E1	2.073658032E1
1.560000000E1	4.604638804E1	2.081403204E1
1.564000000E1	4.617909899E1	2.077102557E1
1.568000000E1	4.598889801E1	2.067202997E1
1.572000000E1	4.541373550E1	2.044356305E1
1.576000000E1	4.450063255E1	2.002569852E1
1.580000000E1	4.329602467E1	1.955111598E1
1.584000000E1	4.184422073E1	1.900261248E1
1.588000000E1	4.015460317E1	1.831829253E1
1.592000000E1	3.834670705E1	1.763712548E1
1.596000000E1	3.641677749E1	1.684775939E1
1.600000000E1	3.437882729E1	1.602227299E1
1.604000000E1	3.244473441E1	1.534822062E1
1.608000000E1	3.058326237E1	1.464723233E1
1.612000000E1	2.886720708E1	1.404383582E1
1.616000000E1	2.731398089E1	1.342584391E1
1.620000000E1	2.591218579E1	1.283775093E1
1.624000000E1	2.469690242E1	1.230060294E1
1.628000000E1	2.375030136E1	1.189702835E1
1.632000000E1	2.313479337E1	1.164326125E1
1.636000000E1	2.279335670E1	1.150020624E1
1.640000000E1	2.256813846E1	1.140092102E1
1.644000000E1	2.241644042E1	1.138631047E1
1.648000000E1	2.242001603E1	1.137682859E1
1.652000000E1	2.247356165E1	1.137334137E1
1.656000000E1	2.249890395E1	1.137068645E1
1.660000000E1	2.247880832E1	1.134506693E1
1.664000000E1	2.237885835E1	1.128378689E1
1.668000000E1	2.228974745E1	1.117702795E1
1.672000000E1	2.217823171E1	1.106971379E1
1.676000000E1	2.203754250E1	1.100541576E1
1.680000000E1	2.191173776E1	1.093677624E1
1.684000000E1	2.185180638E1	1.088603613E1
1.688000000E1	2.175910809E1	1.085531527E1
1.692000000E1	2.173749422E1	1.085909972E1
1.696000000E1	2.173749027E1	1.088202150E1
1.700000000E1	2.175827676E1	1.090369105E1
1.704000000E1	2.186074611E1	1.092160865E1
1.708000000E1	2.197020910E1	1.095398600E1
1.712000000E1	2.217162526E1	1.105378916E1
1.716000000E1	2.247947761E1	1.120888196E1
1.720000000E1	2.297758301E1	1.141646049E1
1.724000000E1	2.367399257E1	1.174126149E1
1.728000000E1	2.456246236E1	1.212905425E1
1.732000000E1	2.561280342E1	1.256445652E1
1.736000000E1	2.683701471E1	1.311314327E1
1.740000000E1	2.828137852E1	1.370737538E1
1.744000000E1	2.997358033E1	1.444999312E1
1.748000000E1	3.192403887E1	1.533592146E1
1.752000000E1	3.403432341E1	1.629529545E1
1.756000000E1	3.615477848E1	1.719949720E1
1.760000000E1	3.823484866E1	1.800471913E1
1.764000000E1	4.018439592E1	1.869280821E1
1.768000000E1	4.195377064E1	1.926905748E1
1.772000000E1	4.348940119E1	1.977049125E1
1.776000000E1	4.474350768E1	2.012281201E1
1.780000000E1	4.565490260E1	2.034695465E1
1.784000000E1	4.618480652E1	2.045197691E1
1.788000000E1	4.633320294E1	2.046041133E1
1.792000000E1	4.614149541E1	2.035499172E1
1.796000000E1	4.555970203E1	2.006173337E1
1.800000000E1	4.466692159E1	1.973651742E1
1.804000000E1	4.347633376E1	1.937137039E1
1.808000000E1	4.197908485E1	1.884004411E1
1.812000000E1	4.033736478E1	1.835963414E1
1.816000000E1	3.851637860E1	1.779215685E1
1.820000000E1	3.658649463E1	1.721936768E1
1.824000000E1	3.459997455E1	1.665307996E1
1.828000000E1	3.265418018E1	1.607319559E1
1.832000000E1	3.079872859E1	1.555570940E1
1.836000000E1	2.905660171E1	1.504398686E1
1.840000000E1	2.743561928E1	1.439477450E1
1.844000000E1	2.601667605E1	1.381348308E1
1.848000000E1	2.484860433E1	1.330632531E1
1.852000000E1	2.395355971E1	1.285207641E1
1.856000000E1	2.329030836E1	1.246108708E1
1.860000000E1	2.271863453E1	1.209514412E1
1.864000000E1	2.235029080E1	1.180780461E1
1.868000000E1	2.215792957E1	1.164364115E1
1.872000000E1	2.207019242E1	1.153935069E1
1.876000000E1	2.204884245E1	1.150245166E1
1.880000000E1	2.207442603E1	1.152360744E1
1.884000000E1	2.211874784E1	1.152576911E1
1.888000000E1	2.217740785E1	1.153631636E1
1.892000000E1	2.217264118E1	1.150880048E1
1.896000000E1	2.214024487E1	1.144936557E1
1.900000000E1	2.209769133E1	1.138582343E1
1.904000000E1	2.204575068E1	1.132889288E1
1.908000000E1	2.203381363E1	1.123030254E1
1.912000000E1	2.203530168E1	1.120986832E1
1.916000000E1	2.203941029E1	1.119588177E1
1.920000000E1	2.206923415E1	1.121319142E1
1.924000000E1	2.217239352E1	1.122434368E1
1.928000000E1	2.228074791E1	1.131060485E1
1.932000000E1	2.246482619E1	1.147153637E1
1.936000000E1	2.277586672E1	1.165866045E1
1.940000000E1	2.325929574E1	1.195013255E1
1.944000000E1	2.407169828E1	1.235143914E1
1.948000000E1	2.520460152E1	1.286062921E1
1.952000000E1	2.665012639E1	1.347707374E1
1.956000000E1	2.834642739E1	1.419634993E1
1.960000000E1	3.025386748E1	1.495820478E1
1.964000000E1	3.233328851E1	1.578856755E1
1.968000000E1	3.446733856E1	1.664952222E1
1.972000000E1	3.659426047E1	1.748180271E1
1.976000000E1	3.866980964E1	1.835273838E1
1.980000000E1	4.060428238E1	1.913010956E1
1.984000000E1	4.228945072E1	1.975909912E1
1.988000000E1	4.376373326E1	2.030748149E1
1.992000000E1	4.497900571E1	2.074930045E1
1.996000000E1	4.587917198E1	2.102395012E1
2.000000000E1	4.646381242E1	2.120243440E1
2.004000000E1	4.677358478E1	2.128561804E1
2.008000000E1	4.667186106E1	2.117687258E1
2.012000000E1	4.617009594E1	2.077840943E1
2.016000000E1	4.530071047E1	2.034160235E1
2.020000000E1	4.414498945E1	1.987814324E1
2.024000000E1	4.267250274E1	1.930145885E1
2.028000000E1	4.098039353E1	1.870287603E1
2.032000000E1	3.906627458E1	1.799387923E1
2.036000000E1	3.711227477E1	1.733926726E1
2.040000000E1	3.505954881E1	1.668195449E1
2.044000000E1	3.295365370E1	1.597470624E1
2.048000000E1	3.099162002E1	1.539830675E1
2.052000000E1	2.913154135E1	1.481902626E1
2.056000000E1	2.742484466E1	1.427183301E1
2.060000000E1	2.592569539E1	1.380199090E1
2.064000000E1	2.460428023E1	1.331886930E1
2.068000000E1	2.357171541E1	1.288758800E1
2.072000000E1	2.279064073E1	1.250190998E1
2.076000000E1	2.224689550E1	1.221464644E1
2.080000000E1	2.191352559E1	1.194603192E1
2.084000000E1	2.173188489E1	1.171060617E1
2.088000000E1	2.163134968E1	1.154322996E1
2.092000000E1	2.160931018E1	1.138256305E1
2.096000000E1	2.161212185E1	1.131344256E1
2.100000000E1	2.160725589E1	1.124365238E1
2.104000000E1	2.158935942E1	1.118733977E1
2.108000000E1	2.158737864E1	1.111761077E1
2.112000000E1	2.158223638E1	1.106354937E1
2.116000000E1	2.159004195E1	1.106297952E1
2.120000000E1	2.168271156E1	1.106016299E1
2.124000000E1	2.179202666E1	1.108498069E1
2.128000000E1	2.198723441E1	1.110267637E1
2.132000000E1	2.222321975E1	1.121744028E1
2.136000000E1	2.259545677E1	1.134541162E1
2.140000000E1	2.306676700E1	1.151820633E1
2.144000000E1	2.366639197E1	1.180034149E1
2.148000000E1	2.442320166E1	1.212809904E1
2.152000000E1	2.534943540E1	1.256356144E1
2.156000000E1	2.649482089E1	1.310945239E1
2.160000000E1	2.778772951E1	1.374198105E1
2.164000000E1	2.924302856E1	1.439271408E1
2.168000000E1	3.085466831E1	1.516191851E1
2.172000000E1	3.254717832E1	1.592200407E1
2.176000000E1	3.428337128E1	1.670755905E1
2.180000000E1	3.600067244E1	1.748864176E1
2.184000000E1	3.768492836E1	1.821120574E1
2.188000000E1	3.924714868E1	1.887466092E1
2.192000000E1	4.069526119E1	1.945109273E1
2.196000000E1	4.196955584E1	1.989061248E1
2.200000000E1	4.308713638E1	2.027002634E1
2.204000000E1	4.406198637E1	2.060463644E1
2.208000000E1	4.485258890E1	2.088477348E1
2.212000000E1	4.552280061E1	2.103963371E1
2.216000000E1	4.602947217E1	2.116724413E1
2.220000000E1	4.634104120E1	2.119177150E1
2.224000000E1	4.640425328E1	2.104048111E1
2.228000000E1	4.617479335E1	2.075900545E1
2.232000000E1	4.563245073E1	2.042816770E1
2.236000000E1	4.483802842E1	2.003816460E1
2.240000000E1	4.373340677E1	1.956376990E1
2.244000000E1	4.237655782E1	1.905748761E1
2.248000000E1	4.077246426E1	1.842766581E1
2.252000000E1	3.897000396E1	1.773798180E1
2.256000000E1	3.700727880E1	1.701930774E1
2.260000000E1	3.502304507E1	1.633447509E1
2.264000000E1	3.310258067E1	1.573816877E1
2.268000000E1	3.128613861E1	1.525095458E1
2.272000000E1	2.961735062E1	1.483311192E1
2.276000000E1	2.815826998E1	1.451438355E1
2.280000000E1	2.694646467E1	1.420887989E1
2.284000000E1	2.597037726E1	1.395582792E1
2.288000000E1	2.525713241E1	1.370108032E1
2.292000000E1	2.473223193E1	1.345260910E1
2.296000000E1	2.439188783E1	1.317992258E1
2.300000000E1	2.413203856E1	1.296870198E1
2.304000000E1	2.389454283E1	1.272844133E1
2.308000000E1	2.366110843E1	1.245604983E1
2.312000000E1	2.338832974E1	1.224330880E1
2.316000000E1	2.321624402E1	1.202209509E1
2.320000000E1	2.303115453E1	1.185442154E1
2.324000000E1	2.289287398E1	1.173094757E1
2.328000000E1	2.276390692E1	1.158232971E1
2.332000000E1	2.263705136E1	1.151237422E1
2.336000000E1	2.257150893E1	1.145347156E1
2.340000000E1	2.253099824E1	1.141479159E1
2.344000000E1	2.250039710E1	1.137092727E1
2.348000000E1	2.247939066E1	1.134126198E1
2.352000000E1	2.247543729E1	1.130102409E1
2.356000000E1	2.248421802E1	1.123668814E1
2.360000000E1	2.261546968E1	1.123100185E1
2.364000000E1	2.293668096E1	1.134208407E1
2.368000000E1	2.358325247E1	1.164887255E1
2.372000000E1	2.458942377E1	1.211283715E1
2.376000000E1	2.586706811E1	1.272793366E1
2.380000000E1	2.740727676E1	1.348068879E1
2.384000000E1	2.917067205E1	1.438665923E1
2.388000000E1	3.119546323E1	1.544513552E1
2.392000000E1	3.335469900E1	1.657955988E1
2.396000000E1	3.552873431E1	1.767287018E1
2.400000000E1	3.765324295E1	1.871553536E1
2.404000000E1	3.968814757E1	1.970729673E1
2.408000000E1	4.153131010E1	2.055140316E1
2.412000000E1	4.318108414E1	2.122512313E1
2.416000000E1	4.461011109E1	2.172028159E1
2.420000000E1	4.575425677E1	2.206574839E1
2.424000000E1	4.663088534E1	2.215987015E1
2.428000000E1	4.713495820E1	2.201117364E1
2.432000000E1	4.727451729E1	2.165487598E1
2.436000000E1	4.718125061E1	2.122835983E1
2.440000000E1	4.689410481E1	2.082430839E1
2.444000000E1	4.635139387E1	2.046944237E1
2.448000000E1	4.556530210E1	2.002592717E1
2.452000000E1	4.453988868E1	1.957747514E1
2.456000000E1	4.326704400E1	1.899624884E1
2.460000000E1	4.183082170E1	1.838543090E1
2.464000000E1	4.018337531E1	1.767983805E1
2.468000000E1	3.839885973E1	1.698315591E1
2.472000000E1	3.653077022E1	1.626928326E1
2.476000000E1	3.473964688E1	1.561070652E1
2.480000000E1	3.304512069E1	1.510193821E1
2.484000000E1	3.150898840E1	1.473021354E1
2.488000000E1	3.012441404E1	1.444752843E1
2.492000000E1	2.883414852E1	1.409899956E1
2.496000000E1	2.764528882E1	1.374347310E1
2.500000000E1	2.662653704E1	1.341594689E1
2.504000000E1	2.587893210E1	1.318825598E1
2.508000000E1	2.533747855E1	1.301860716E1
2.512000000E1	2.503002673E1	1.287604913E1
2.516000000E1	2.485394847E1	1.280153251E1
2.520000000E1	2.470779197E1	1.270268750E1
2.524000000E1	2.450105709E1	1.255607671E1
2.528000000E1	2.431010742E1	1.242484892E1
2.532000000E1	2.419029668E1	1.232068167E1
2.536000000E1	2.411021081E1	1.221616489E1
2.540000000E1	2.406275105E1	1.211868399E1
2.544000000E1	2.401360817E1	1.205187965E1
2.548000000E1	2.396679564E1	1.193313859E1
2.552000000E1	2.393347067E1	1.183522505E1
2.556000000E1	2.385259565E1	1.175704282E1
2.560000000E1	2.379576557E1	1.164562506E1
2.564000000E1	2.369779535E1	1.152407561E1
2.568000000E1	2.357333781E1	1.140835841E1
2.572000000E1	2.345263980E1	1.126435066E1
2.576000000E1	2.328441711E1	1.117992360E1
2.580000000E1	2.313254025E1	1.105893609E1
2.584000000E1	2.295819068E1	1.093904774E1
2.588000000E1	2.278515858E1	1.086961845E1
2.592000000E1	2.262579864E1	1.075828261E1
2.596000000E1	2.246545747E1	1.063215558E1
2.600000000E1	2.227652198E1	1.058255906E1
2.604000000E1	2.212372381E1	1.048050339E1
2.608000000E1	2.198857264E1	1.043345828E1
2.612000000E1	2.186171858E1	1.031504859E1
2.616000000E1	2.171775325E1	1.026008072E1
2.620000000E1	2.162083588E1	1.018963085E1
2.624000000E1	2.158692911E1	1.017036860E1
2.628000000E1	2.161437058E1	1.017891940E1
2.632000000E1	2.176240237E1	1.027705088E1
2.636000000E1	2.206404254E1	1.039356808E1
2.640000000E1	2.260867933E1	1.062264696E1
2.644000000E1	2.333243004E1	1.092835306E1
2.648000000E1	2.425642261E1	1.135896255E1
2.652000000E1	2.539008579E1	1.192732096E1
2.656000000E1	2.676680799E1	1.255715767E1
2.660000000E1	2.832755466E1	1.333364964E1
2.664000000E1	3.001304470E1	1.419617016E1
2.668000000E1	3.175004525E1	1.509211818E1
2.672000000E1	3.345281782E1	1.598329207E1
2.676000000E1	3.509808796E1	1.685980496E1
2.680000000E1	3.663498736E1	1.765714935E1
2.684000000E1	3.799359722E1	1.836541876E1
2.688000000E1	3.920430002E1	1.899574132E1
2.692000000E1	4.029050117E1	1.950089771E1
2.696000000E1	4.123263450E1	1.988471760E1
2.700000000E1	4.204637945E1	2.018156930E1
2.704000000E1	4.267926780E1	2.032896945E1
2.708000000E1	4.318288373E1	2.040778804E1
2.712000000E1	4.365304327E1	2.048025819E1
2.716000000E1	4.413728314E1	2.058542673E1
2.720000000E1	4.462707384E1	2.063251367E1
2.724000000E1	4.507506217E1	2.065726044E1
2.728000000E1	4.542948603E1	2.064375680E1
2.732000000E1	4.567048836E1	2.060960246E1
2.736000000E1	4.571655072E1	2.052918235E1
2.740000000E1	4.556172679E1	2.036877211E1
2.744000000E1	4.508205870E1	2.012293469E1
2.748000000E1	4.432005442E1	1.978854912E1
2.752000000E1	4.332198988E1	1.945082537E1
2.756000000E1	4.211147556E1	1.908683098E1
2.760000000E1	4.065752676E1	1.856868277E1
2.764000000E1	3.895646526E1	1.791431321E1
2.768000000E1	3.705816451E1	1.718870642E1
2.772000000E1	3.515144193E1	1.644505180E1
2.776000000E1	3.314072399E1	1.561143860E1
2.780000000E1	3.128459594E1	1.483307904E1
2.784000000E1	2.951969820E1	1.413493936E1
2.788000000E1	2.790964966E1	1.350809927E1
2.792000000E1	2.652287750E1	1.299679816E1
2.796000000E1	2.534225070E1	1.255360158E1
2.800000000E1	2.444215053E1	1.224372883E1
2.804000000E1	2.386622769E1	1.203064435E1
2.808000000E1	2.355981339E1	1.189869387E1
2.812000000E1	2.349315540E1	1.183718311E1
2.816000000E1	2.351338111E1	1.182245487E1
2.820000000E1	2.353643417E1	1.181976584E1
2.824000000E1	2.355993037E1	1.179481698E1
2.828000000E1	2.355390688E1	1.170179904E1
2.832000000E1	2.350308350E1	1.154282230E1
2.836000000E1	2.333457865E1	1.133782840E1
2.840000000E1	2.311115686E1	1.109071215E1
2.844000000E1	2.281202665E1	1.082861875E1
2.848000000E1	2.249924195E1	1.049240624E1
2.852000000E1	2.219964975E1	1.021936674E1
2.856000000E1	2.189354582E1	9.979980702E0
2.860000000E1	2.159482182E1	9.775443285E0
2.864000000E1	2.131096679E1	9.580291183E0
2.868000000E1	2.110189038E1	9.418742146E0
2.872000000E1	2.088704311E1	9.317929514E0
2.876000000E1	2.071126405E1	9.224168713E0
2.880000000E1	2.058689490E1	9.137619117E0
2.884000000E1	2.049297420E1	9.079222438E0
2.888000000E1	2.049212010E1	9.032344279E0
2.892000000E1	2.051697734E1	9.001402617E0
2.896000000E1	2.053139041E1	8.989328998E0
2.900000000E1	2.053780429E1	8.975439812E0
2.904000000E1	2.053792909E1	8.971729407E0
2.908000000E1	2.053818878E1	8.968836722E0
2.912000000E1	2.053359220E1	8.967151719E0
2.916000000E1	2.053004837E1	8.964880897E0
2.920000000E1	2.052861036E1	8.963213882E0
2.924000000E1	2.052585563E1	8.961162385E0
2.928000000E1	2.052941261E1	8.961715594E0
2.932000000E1	2.053158352E1	8.960369024E0
2.936000000E1	2.053523412E1	8.964995833E0
2.940000000E1	2.053697011E1	8.966997772E0
2.944000000E1	2.054502717E1	8.966376701E0
2.948000000E1	2.064617963E1	8.972017406E0
2.952000000E1	2.082940897E1	9.082919674E0
2.956000000E1	2.131898526E1	9.289286705E0
2.960000000E1	2.218756194E1	9.730877370E0
2.964000000E1	2.350313624E1	1.046558028E1
2.968000000E1	2.533110197E1	1.145970340E1
2.972000000E1	2.758122602E1	1.265012937E1
2.976000000E1	3.015466108E1	1.397592710E1
2.980000000E1	3.288569406E1	1.533934664E1
2.984000000E1	3.554016637E1	1.666673420E1
2.988000000E1	3.806401300E1	1.781401466E1
2.992000000E1	4.029852021E1	1.869570429E1
2.996000000E1	4.214573693E1	1.941935882E1
3.000000000E1	4.361959190E1	1.988079596E1
3.004000000E1	4.470668337E1	2.021674408E1
3.008000000E1	4.550079660E1	2.056064283E1
3.012000000E1	4.597361237E1	2.081248353E1
3.016000000E1	4.599130743E1	2.080477119E1
3.020000000E1	4.554127008E1	2.048018970E1
3.024000000E1	4.467113086E1	1.995121887E1
3.028000000E1	4.349988564E1	1.933528465E1
3.032000000E1	4.208270940E1	1.870451167E1
3.036000000E1	4.044114601E1	1.809425171E1
3.040000000E1	3.860464779E1	1.743984281E1
3.044000000E1	3.663630990E1	1.672810333E1
3.048000000E1	3.463981740E1	1.602675937E1
3.052000000E1	3.265643875E1	1.533883576E1
3.056000000E1	3.076987643E1	1.465631802E1
3.060000000E1	2.902787895E1	1.398423884E1
3.064000000E1	2.747105618E1	1.334920635E1
3.068000000E1	2.613138222E1	1.277581896E1
3.072000000E1	2.513970134E1	1.233371983E1
3.076000000E1	2.435080954E1	1.198432387E1
3.080000000E1	2.371532256E1	1.173026238E1
3.084000000E1	2.324521815E1	1.151549311E1
3.088000000E1	2.296494114E1	1.137005151E1
3.092000000E1	2.279561858E1	1.122071001E1
3.096000000E1	2.279007128E1	1.108599183E1
3.100000000E1	2.279820213E1	1.103181034E1
3.104000000E1	2.277701954E1	1.089435747E1
3.108000000E1	2.267243002E1	1.076045995E1
3.112000000E1	2.259288662E1	1.058826526E1
3.116000000E1	2.248201719E1	1.044600442E1
3.120000000E1	2.235463983E1	1.031161480E1
3.124000000E1	2.227603973E1	1.019106768E1
3.128000000E1	2.220422021E1	1.019912921E1
3.132000000E1	2.218185454E1	1.019515080E1
3.136000000E1	2.218842989E1	1.019355197E1
3.140000000E1	2.219468798E1	1.017907492E1
3.144000000E1	2.219771863E1	1.016597325E1
3.148000000E1	2.220212813E1	1.015572406E1
3.152000000E1	2.219142726E1	1.013503100E1
3.156000000E1	2.218170365E1	1.009479303E1
3.160000000E1	2.218234034E1	1.005554242E1
3.164000000E1	2.217523469E1	1.002158138E1
3.168000000E1	2.217590248E1	1.001521904E1
3.172000000E1	2.217686111E1	1.001092986E1
3.176000000E1	2.218015479E1	1.001469312E1
3.180000000E1	2.218389428E1	1.002042865E1
3.184000000E1	2.219290466E1	1.003392253E1
3.188000000E1	2.220869719E1	1.005999549E1
3.192000000E1	2.222768382E1	1.009167764E1
3.196000000E1	2.231090572E1	1.008312338E1
3.200000000E1	2.238613701E1	1.007428333E1
3.204000000E1	2.267576591E1	1.013074857E1
3.208000000E1	2.340993038E1	1.036670277E1
3.212000000E1	2.461844731E1	1.092398237E1
3.216000000E1	2.635943379E1	1.180931360E1
3.220000000E1	2.854446298E1	1.296779566E1
3.224000000E1	3.103887997E1	1.425185537E1
3.228000000E1	3.369742404E1	1.555101608E1
3.232000000E1	3.630258535E1	1.675157102E1
3.236000000E1	3.875507918E1	1.779194229E1
3.240000000E1	4.089893135E1	1.861876714E1
3.244000000E1	4.269595972E1	1.927822424E1
3.248000000E1	4.411940507E1	1.974171805E1
3.252000000E1	4.519061376E1	2.009485144E1
3.256000000E1	4.583381518E1	2.042333278E1
3.260000000E1	4.605614540E1	2.052457485E1
3.264000000E1	4.579556455E1	2.042137651E1
3.268000000E1	4.509897168E1	2.006812536E1
3.272000000E1	4.401990123E1	1.953717327E1
3.276000000E1	4.258128868E1	1.893318275E1
3.280000000E1	4.092599761E1	1.837029993E1
3.284000000E1	3.907908039E1	1.770808687E1
3.288000000E1	3.704878990E1	1.702844462E1
3.292000000E1	3.504419231E1	1.650981300E1
3.296000000E1	3.297880582E1	1.593256639E1
3.300000000E1	3.096363320E1	1.534564584E1
3.304000000E1	2.904841884E1	1.474241692E1
3.308000000E1	2.728624840E1	1.414864500E1
3.312000000E1	2.572729947E1	1.351864027E1
3.316000000E1	2.442809989E1	1.287478997E1
3.320000000E1	2.349699885E1	1.238277788E1
3.324000000E1	2.295158810E1	1.198319157E1
3.328000000E1	2.263621844E1	1.166169546E1
3.332000000E1	2.252585492E1	1.146463053E1
3.336000000E1	2.248945404E1	1.132879634E1
3.340000000E1	2.250146372E1	1.123035973E1
3.344000000E1	2.249291573E1	1.114775604E1
3.348000000E1	2.249937032E1	1.108852060E1
3.352000000E1	2.247094305E1	1.105402157E1
3.356000000E1	2.240266320E1	1.104946331E1
3.360000000E1	2.231716298E1	1.100893417E1
3.364000000E1	2.223289526E1	1.100714276E1
3.368000000E1	2.220608841E1	1.096315995E1
3.372000000E1	2.219446258E1	1.092376094E1
3.376000000E1	2.219642799E1	1.090605756E1
3.380000000E1	2.220134767E1	1.088351295E1
3.384000000E1	2.219718750E1	1.086482071E1
3.388000000E1	2.219297484E1	1.085406919E1
3.392000000E1	2.218365433E1	1.085264883E1
3.396000000E1	2.217486547E1	1.086131684E1
3.400000000E1	2.218121480E1	1.088690418E1
3.404000000E1	2.219369329E1	1.089896423E1
3.408000000E1	2.230568485E1	1.088273580E1
3.412000000E1	2.249962009E1	1.091745269E1
3.416000000E1	2.306804817E1	1.106496850E1
3.420000000E1	2.399052850E1	1.144526501E1
3.424000000E1	2.541857088E1	1.208253772E1
3.428000000E1	2.731005426E1	1.294485474E1
3.432000000E1	2.953619722E1	1.392364291E1
3.436000000E1	3.203659437E1	1.495067223E1
3.440000000E1	3.461917578E1	1.599187564E1
3.444000000E1	3.710358955E1	1.694257097E1
3.448000000E1	3.938262896E1	1.776671283E1
3.452000000E1	4.135464398E1	1.842670639E1
3.456000000E1	4.302313712E1	1.897345849E1
3.460000000E1	4.441859103E1	1.943538031E1
3.464000000E1	4.556009995E1	1.985000745E1
3.468000000E1	4.637570004E1	2.019523853E1
3.472000000E1	4.678495055E1	2.045445608E1
3.476000000E1	4.681790309E1	2.052499461E1
3.480000000E1	4.646188665E1	2.037197636E1
3.484000000E1	4.572437047E1	2.000587100E1
3.488000000E1	4.466806290E1	1.958418686E1
3.492000000E1	4.323485240E1	1.910137070E1
3.496000000E1	4.154220368E1	1.852872440E1
3.500000000E1	3.954840587E1	1.785433996E1
3.504000000E1	3.733950206E1	1.705368134E1
3.508000000E1	3.509138840E1	1.626986249E1
3.512000000E1	3.293191853E1	1.546909532E1
3.516000000E1	3.093860054E1	1.477735308E1
3.520000000E1	2.918218307E1	1.422668485E1
3.524000000E1	2.765055161E1	1.379540261E1
3.528000000E1	2.626920760E1	1.340405260E1
3.532000000E1	2.517825537E1	1.303790959E1
3.536000000E1	2.427412319E1	1.271616615E1
3.540000000E1	2.354054325E1	1.241287567E1
3.544000000E1	2.298016999E1	1.211304732E1
3.548000000E1	2.261541368E1	1.183734699E1
3.552000000E1	2.233717585E1	1.155463055E1
3.556000000E1	2.217401296E1	1.133266912E1
3.560000000E1	2.215724463E1	1.109007094E1
3.564000000E1	2.216138088E1	1.093620334E1
3.568000000E1	2.211292717E1	1.078794581E1
3.572000000E1	2.205949078E1	1.069110267E1
3.576000000E1	2.203195658E1	1.059411530E1
3.580000000E1	2.202122941E1	1.052199536E1
3.584000000E1	2.202073525E1	1.049414605E1
3.588000000E1	2.201805297E1	1.048740259E1
3.592000000E1	2.197714657E1	1.047752574E1
3.596000000E1	2.189510768E1	1.046943271E1
3.600000000E1	2.186381477E1	1.043741120E1
3.604000000E1	2.184814415E1	1.036833981E1
3.608000000E1	2.183959110E1	1.031877390E1
3.612000000E1	2.184460410E1	1.030075998E1
3.616000000E1	2.185949130E1	1.030456516E1
3.620000000E1	2.186487752E1	1.030473031E1
3.624000000E1	2.187324135E1	1.030906324E1
3.628000000E1	2.187699205E1	1.030380166E1
3.632000000E1	2.187904121E1	1.029786138E1
3.636000000E1	2.188551889E1	1.029539017E1
3.640000000E1	2.189125150E1	1.029312736E1
3.644000000E1	2.189088050E1	1.029981032E1
3.648000000E1	2.189055724E1	1.030484227E1
3.652000000E1	2.189771030E1	1.031413584E1
3.656000000E1	2.196324257E1	1.028202569E1
3.660000000E1	2.218525723E1	1.029376909E1
3.664000000E1	2.278469162E1	1.043364451E1
3.668000000E1	2.385535441E1	1.083102568E1
3.672000000E1	2.549992342E1	1.151675740E1
3.676000000E1	2.760909145E1	1.247360035E1
3.680000000E1	3.014442568E1	1.358524093E1
3.684000000E1	3.287143969E1	1.477294133E1
3.688000000E1	3.562135390E1	1.597749595E1
3.692000000E1	3.823913959E1	1.709799090E1
3.696000000E1	4.057476520E1	1.801231036E1
3.700000000E1	4.255044080E1	1.869948396E1
3.704000000E1	4.405541965E1	1.922921746E1
3.708000000E1	4.511594867E1	1.957744660E1
3.712000000E1	4.570748938E1	1.988181392E1
3.716000000E1	4.581447581E1	1.994066328E1
3.720000000E1	4.545924141E1	1.985578003E1
3.724000000E1	4.466755187E1	1.957645808E1
3.728000000E1	4.348572002E1	1.913791708E1
3.732000000E1	4.201095479E1	1.866996412E1
3.736000000E1	4.029871961E1	1.818375848E1
3.740000000E1	3.837162262E1	1.764947281E1
3.744000000E1	3.625320296E1	1.698280773E1
3.748000000E1	3.404058632E1	1.629861823E1
3.752000000E1	3.192980097E1	1.566938533E1
3.756000000E1	2.992887982E1	1.503130117E1
3.760000000E1	2.816164156E1	1.446586095E1
3.764000000E1	2.666939307E1	1.389574011E1
3.768000000E1	2.541609707E1	1.335981657E1
3.772000000E1	2.448555302E1	1.291908923E1
3.776000000E1	2.376426525E1	1.256484923E1
3.780000000E1	2.319683712E1	1.222521541E1
3.784000000E1	2.280643890E1	1.194488940E1
3.788000000E1	2.266669691E1	1.169097016E1
3.792000000E1	2.254450303E1	1.150141443E1
3.796000000E1	2.243298558E1	1.135041995E1
3.800000000E1	2.238695499E1	1.122240810E1
3.804000000E1	2.235207786E1	1.117015096E1
3.808000000E1	2.234530945E1	1.111614680E1
3.812000000E1	2.232754776E1	1.106462397E1
3.816000000E1	2.231009154E1	1.103008768E1
3.820000000E1	2.231934948E1	1.102151290E1
3.824000000E1	2.232652700E1	1.102558173E1
3.828000000E1	2.232952315E1	1.101504913E1
3.832000000E1	2.233153430E1	1.100176992E1
3.836000000E1	2.233707610E1	1.098947461E1
3.840000000E1	2.235286256E1	1.097774044E1
3.844000000E1	2.234368063E1	1.092601067E1
3.848000000E1	2.233993215E1	1.091063229E1
3.852000000E1	2.233631818E1	1.090685131E1
3.856000000E1	2.233385340E1	1.090544875E1
3.860000000E1	2.233777382E1	1.090696893E1
3.864000000E1	2.234122881E1	1.090708601E1
3.868000000E1	2.233460666E1	1.090155786E1
3.872000000E1	2.233175809E1	1.090173280E1
3.876000000E1	2.233422328E1	1.089596792E1
3.880000000E1	2.233809891E1	1.087775440E1
3.884000000E1	2.235024948E1	1.084296666E1
3.888000000E1	2.254646834E1	1.080853191E1
3.892000000E1	2.301971793E1	1.089220715E1
3.896000000E1	2.398619531E1	1.124897162E1
3.900000000E1	2.534706710E1	1.191066303E1
3.904000000E1	2.712781524E1	1.279814795E1
3.908000000E1	2.925911112E1	1.380836134E1
3.912000000E1	3.163148400E1	1.491136113E1
3.916000000E1	3.404427017E1	1.599366887E1
3.920000000E1	3.640954109E1	1.703501414E1
3.924000000E1	3.862730694E1	1.797969599E1
3.928000000E1	4.064658559E1	1.880216338E1
3.932000000E1	4.245286978E1	1.958437257E1
3.936000000E1	4.397852570E1	2.021173384E1
3.940000000E1	4.526032475E1	2.080260656E1
3.944000000E1	4.622794450E1	2.119882120E1
3.948000000E1	4.675107880E1	2.129890077E1
3.952000000E1	4.679857180E1	2.118563588E1
3.956000000E1	4.643541602E1	2.086951021E1
3.960000000E1	4.562003795E1	2.035811141E1
3.964000000E1	4.440136255E1	1.977916930E1
3.968000000E1	4.289852130E1	1.926550235E1
3.972000000E1	4.116705982E1	1.874340584E1
3.976000000E1	3.925162050E1	1.815220185E1
3.980000000E1	3.721983901E1	1.754040813E1
3.984000000E1	3.510096856E1	1.690589892E1
3.988000000E1	3.309322448E1	1.625906214E1
3.992000000E1	3.120870927E1	1.557087056E1
3.996000000E1	2.950471724E1	1.492886283E1
4.000000000E1	2.799548998E1	1.426722316E1
4.004000000E1	2.664777219E1	1.363341471E1
4.008000000E1	2.549365878E1	1.305049751E1
4.012000000E1	2.448138536E1	1.249567893E1
4.016000000E1	2.361586805E1	1.198329450E1
4.020000000E1	2.290195306E1	1.145731672E1
4.024000000E1	2.232905484E1	1.098968574E1
4.028000000E1	2.188599660E1	1.064906813E1
4.032000000E1	2.159110451E1	1.044387589E1
4.036000000E1	2.153496957E1	1.036771456E1
4.040000000E1	2.157359975E1	1.043002710E1
4.044000000E1	2.160579065E1	1.047151586E1
4.048000000E1	2.163738850E1	1.050377477E1
4.052000000E1	2.161412346E1	1.047356171E1
4.056000000E1	2.160091317E1	1.045275624E1
4.060000000E1	2.159318233E1	1.039846060E1
4.064000000E1	2.159312996E1	1.033108834E1
4.068000000E1	2.157797203E1	1.030221336E1
4.072000000E1	2.155353577E1	1.026362159E1
4.076000000E1	2.155236513E1	1.021222338E1
4.080000000E1	2.155269638E1	1.017138982E1
4.084000000E1	2.154150493E1	1.014229779E1
4.088000000E1	2.152765147E1	1.011313442E1
4.092000000E1	2.154561281E1	1.006395665E1
4.096000000E1	2.153464464E1	1.002233750E1
4.100000000E1	2.153979998E1	1.000490571E1
4.104000000E1	2.155205240E1	9.988822033E0
4.108000000E1	2.155576982E1	9.970029037E0
4.112000000E1	2.155453499E1	9.949218487E0
4.116000000E1	2.156895120E1	9.915190311E0
4.120000000E1	2.157096426E1	9.885420607E0
4.124000000E1	2.157323519E1	9.868902500E0
4.128000000E1	2.157725786E1	9.867581057E0
4.132000000E1	2.157978343E1	9.866776195E0
4.136000000E1	2.158300840E1	9.867609337E0
4.140000000E1	2.158505583E1	9.868391307E0
4.144000000E1	2.158499792E1	9.868251798E0
4.148000000E1	2.158493125E1	9.868203870E0
4.152000000E1	2.158497094E1	9.867756055E0
4.156000000E1	2.158500579E1	9.867409194E0
4.160000000E1	2.158473159E1	9.865532665E0
4.164000000E1	2.158435460E1	9.863614828E0
4.168000000E1	2.158425734E1	9.860601429E0
4.172000000E1	2.158532953E1	9.860653963E0
4.176000000E1	2.158475127E1	9.861985608E0
4.180000000E1	2.158487444E1	9.863218695E0
4.184000000E1	2.158501818E1	9.863315927E0
4.188000000E1	2.158478701E1	9.862777075E0
4.192000000E1	2.158349690E1	9.857118590E0
4.196000000E1	2.158357901E1	9.855731066E0
4.200000000E1	2.157400027E1	9.847380054E0
4.204000000E1	2.152425354E1	9.796477795E0
4.208000000E1	2.146007465E1	9.725594884E0
4.212000000E1	2.132396462E1	9.578024639E0
4.216000000E1	2.111860005E1	9.354528697E0
4.220000000E1	2.071132014E1	9.111374293E0
4.224000000E1	2.021798834E1	8.893056143E0
4.228000000E1	1.963481571E1	8.760793154E0
4.232000000E1	1.906830569E1	8.688210960E0
4.236000000E1	1.848847151E1	8.619004759E0
4.240000000E1	1.804200299E1	8.558779361E0
4.244000000E1	1.767496551E1	8.476937379E0
4.248000000E1	1.738759438E1	8.407646063E0
4.252000000E1	1.711100272E1	8.312932017E0
4.256000000E1	1.690996008E1	8.167326052E0
4.260000000E1	1.680807758E1	8.086505418E0
4.264000000E1	1.680422380E1	8.037113585E0
4.268000000E1	1.691784377E1	7.968373842E0
4.272000000E1	1.696377479E1	7.967901228E0
4.276000000E1	1.695909246E1	7.958493151E0
4.280000000E1	1.695292801E1	7.952898070E0
4.284000000E1	1.694464935E1	7.954680981E0
4.288000000E1	1.693765838E1	7.957005834E0
4.292000000E1	1.694070557E1	7.971168003E0
4.296000000E1	1.693527976E1	8.022332003E0
