armbåge
t	x	y
0.000000000E0	1.184225030E1	5.531133857E0
4.000000000E-2	1.184095414E1	5.531079597E0
8.000000000E-2	1.184057838E1	5.529947064E0
1.200000000E-1	1.183956942E1	5.528843375E0
1.600000000E-1	1.183804674E1	5.527138644E0
2.000000000E-1	1.183987878E1	5.528545080E0
2.400000000E-1	1.183964741E1	5.528372913E0
2.800000000E-1	1.184066749E1	5.529484800E0
3.200000000E-1	1.184042922E1	5.529418074E0
3.600000000E-1	1.184101215E1	5.530066373E0
4.000000000E-1	1.184094859E1	5.529813005E0
4.400000000E-1	1.184100554E1	5.529960512E0
4.800000000E-1	1.184066802E1	5.531326443E0
5.200000000E-1	1.184086598E1	5.530603425E0
5.600000000E-1	1.184090457E1	5.530629992E0
6.000000000E-1	1.184105872E1	5.530341693E0
6.400000000E-1	1.184121349E1	5.530140367E0
6.800000000E-1	1.184142925E1	5.530597986E0
7.200000000E-1	1.184163111E1	5.530995762E0
7.600000000E-1	1.184166014E1	5.531101292E0
8.000000000E-1	1.184165218E1	5.531220517E0
8.400000000E-1	1.184174781E1	5.531198579E0
8.800000000E-1	1.184182230E1	5.531183331E0
9.200000000E-1	1.184276496E1	5.532376214E0
9.600000000E-1	1.184381367E1	5.533800302E0
1.000000000E0	1.184667177E1	5.537379562E0
1.040000000E0	1.184593795E1	5.536769337E0
1.080000000E0	1.184541873E1	5.536416056E0
1.120000000E0	1.184791999E1	5.542924589E0
1.160000000E0	1.185105788E1	5.552753822E0
1.200000000E0	1.185019528E1	5.550949180E0
1.240000000E0	1.184940556E1	5.550831701E0
1.280000000E0	1.185715255E1	5.573071521E0
1.320000000E0	1.186372639E1	5.574514881E0
1.360000000E0	1.186788994E1	5.596185026E0
1.400000000E0	1.183406262E1	5.624253441E0
1.440000000E0	1.184033753E1	5.661963711E0
1.480000000E0	1.184520649E1	5.679071034E0
1.520000000E0	1.185359213E1	5.690951975E0
1.560000000E0	1.186582416E1	5.707588042E0
1.600000000E0	1.187627146E1	5.754716179E0
1.640000000E0	1.184173830E1	5.801434955E0
1.680000000E0	1.190005175E1	5.861932021E0
1.720000000E0	1.198401612E1	5.957932851E0
1.760000000E0	1.214545425E1	6.107501462E0
1.800000000E0	1.241135856E1	6.217449690E0
1.840000000E0	1.274184696E1	6.412183869E0
1.880000000E0	1.323862400E1	6.636205045E0
1.920000000E0	1.390020519E1	6.917913432E0
1.960000000E0	1.470913563E1	7.333163214E0
2.000000000E0	1.572151476E1	7.899667636E0
2.040000000E0	1.685937314E1	8.675794235E0
2.080000000E0	1.829691178E1	9.679677201E0
2.120000000E0	2.029680083E1	1.102130046E1
2.160000000E0	2.301654898E1	1.263116154E1
2.200000000E0	2.656985560E1	1.440058422E1
2.240000000E0	3.094681214E1	1.630980125E1
2.280000000E0	3.597740618E1	1.825170242E1
2.320000000E0	4.119698068E1	2.018832821E1
2.360000000E0	4.559904301E1	2.186496955E1
2.400000000E0	4.854899365E1	2.236990133E1
2.440000000E0	5.021133366E1	2.279442162E1
2.480000000E0	5.126651114E1	2.385178165E1
2.520000000E0	5.168439157E1	2.479302419E1
2.560000000E0	5.151652743E1	2.523290461E1
2.600000000E0	5.089510339E1	2.523704694E1
2.640000000E0	4.987580049E1	2.492801546E1
2.680000000E0	4.845866154E1	2.427358184E1
2.720000000E0	4.650642404E1	2.322448402E1
2.760000000E0	4.411715125E1	2.179646392E1
2.800000000E0	4.123996504E1	1.996296421E1
2.840000000E0	3.777098960E1	1.788307887E1
2.880000000E0	3.379945712E1	1.564454545E1
2.920000000E0	2.932680670E1	1.336995286E1
2.960000000E0	2.488926424E1	1.136574696E1
3.000000000E0	2.059027240E1	9.726337487E0
3.040000000E0	1.678736657E1	8.601406846E0
3.080000000E0	1.374782918E1	7.854010398E0
3.120000000E0	1.136131140E1	7.410387828E0
3.160000000E0	9.718250197E0	7.119978662E0
3.200000000E0	8.822101351E0	6.899633353E0
3.240000000E0	8.451769416E0	6.633238226E0
3.280000000E0	8.509586945E0	6.315033140E0
3.320000000E0	8.718162658E0	6.236328074E0
3.360000000E0	9.036182599E0	6.113378220E0
3.400000000E0	9.368056344E0	6.045593857E0
3.440000000E0	9.580069019E0	5.940205220E0
3.480000000E0	9.747449528E0	5.857726234E0
3.520000000E0	9.756446346E0	5.794490884E0
3.560000000E0	9.768382779E0	5.684754491E0
3.600000000E0	9.748036042E0	5.614243608E0
3.640000000E0	9.771383547E0	5.566345742E0
3.680000000E0	9.770752870E0	5.566284036E0
3.720000000E0	9.893855123E0	5.580276879E0
3.760000000E0	1.005083656E1	5.797771369E0
3.800000000E0	1.052073388E1	5.949350940E0
3.840000000E0	1.133178928E1	6.129958925E0
3.880000000E0	1.241765820E1	6.497645707E0
3.920000000E0	1.371534821E1	7.068928259E0
3.960000000E0	1.527516398E1	7.825736354E0
4.000000000E0	1.709561328E1	8.890799971E0
4.040000000E0	1.925428384E1	1.019970076E1
4.080000000E0	2.199958348E1	1.177438775E1
4.120000000E0	2.546387754E1	1.350165805E1
4.160000000E0	2.943088030E1	1.508166469E1
4.200000000E0	3.385729231E1	1.656750826E1
4.240000000E0	3.855791863E1	1.807191726E1
4.280000000E0	4.298525334E1	1.951666764E1
4.320000000E0	4.656298127E1	2.072252455E1
4.360000000E0	4.905231261E1	2.159919422E1
4.400000000E0	5.041942065E1	2.234457326E1
4.440000000E0	5.106895429E1	2.319567530E1
4.480000000E0	5.110683440E1	2.382564271E1
4.520000000E0	5.061006771E1	2.405952090E1
4.560000000E0	4.971280730E1	2.394144562E1
4.600000000E0	4.840966140E1	2.339768142E1
4.640000000E0	4.666966548E1	2.257542475E1
4.680000000E0	4.448192228E1	2.141055666E1
4.720000000E0	4.187647391E1	2.000465722E1
4.760000000E0	3.885822348E1	1.837443766E1
4.800000000E0	3.541724942E1	1.653382692E1
4.840000000E0	3.161717648E1	1.457418020E1
4.880000000E0	2.759136570E1	1.261286490E1
4.920000000E0	2.360533285E1	1.089429845E1
4.960000000E0	1.982575373E1	9.426742974E0
5.000000000E0	1.643676959E1	8.232595764E0
5.040000000E0	1.372627115E1	7.359304596E0
5.080000000E0	1.179436882E1	6.759393160E0
5.120000000E0	1.044479162E1	6.261971123E0
5.160000000E0	9.649499826E0	6.037896953E0
5.200000000E0	9.294938441E0	5.842805434E0
5.240000000E0	9.324569694E0	5.696030976E0
5.280000000E0	9.575765813E0	5.509410395E0
5.320000000E0	9.867384949E0	5.490167453E0
5.360000000E0	1.012313479E1	5.508855272E0
5.400000000E0	1.033509218E1	5.583648070E0
5.440000000E0	1.048759303E1	5.689465529E0
5.480000000E0	1.077731011E1	5.829360677E0
5.520000000E0	1.125526271E1	5.999490716E0
5.560000000E0	1.199390780E1	6.267258069E0
5.600000000E0	1.306135173E1	6.687422121E0
5.640000000E0	1.439976815E1	7.288144327E0
5.680000000E0	1.598184294E1	8.041763718E0
5.720000000E0	1.780834781E1	8.989222423E0
5.760000000E0	1.998920626E1	1.011995534E1
5.800000000E0	2.273103101E1	1.151815749E1
5.840000000E0	2.605563551E1	1.301082311E1
5.880000000E0	3.002641054E1	1.465961658E1
5.920000000E0	3.456605413E1	1.649976391E1
5.960000000E0	3.925535007E1	1.820405705E1
6.000000000E0	4.356377654E1	1.984091823E1
6.040000000E0	4.703216858E1	2.105306880E1
6.080000000E0	4.948688697E1	2.188448787E1
6.120000000E0	5.075570468E1	2.240600281E1
6.160000000E0	5.132061676E1	2.297198118E1
6.200000000E0	5.124004935E1	2.336365363E1
6.240000000E0	5.056947041E1	2.334751431E1
6.280000000E0	4.936168228E1	2.301703625E1
6.320000000E0	4.766901359E1	2.227569489E1
6.360000000E0	4.539535817E1	2.112205747E1
6.400000000E0	4.257512718E1	1.962020183E1
6.440000000E0	3.928834293E1	1.788342912E1
6.480000000E0	3.564026391E1	1.600409834E1
6.520000000E0	3.173123181E1	1.404491195E1
6.560000000E0	2.763210867E1	1.199129828E1
6.600000000E0	2.372140820E1	1.023114853E1
6.640000000E0	2.009396022E1	8.711085095E0
6.680000000E0	1.702153930E1	7.535292852E0
6.720000000E0	1.443905441E1	6.668092087E0
6.760000000E0	1.247203458E1	6.111549431E0
6.800000000E0	1.123033706E1	5.751875997E0
6.840000000E0	1.051099672E1	5.464100508E0
6.880000000E0	1.032802324E1	5.317366822E0
6.920000000E0	1.049943134E1	5.274178758E0
6.960000000E0	1.080178079E1	5.268799070E0
7.000000000E0	1.110034921E1	5.283819753E0
7.040000000E0	1.127253311E1	5.353762876E0
7.080000000E0	1.145212897E1	5.401772022E0
7.120000000E0	1.153342573E1	5.375598146E0
7.160000000E0	1.156135422E1	5.404877567E0
7.200000000E0	1.153258868E1	5.411807162E0
7.240000000E0	1.141610251E1	5.523672651E0
7.280000000E0	1.141156999E1	5.565647430E0
7.320000000E0	1.147750845E1	5.670398738E0
7.360000000E0	1.169271918E1	5.873376637E0
7.400000000E0	1.213904315E1	6.132693526E0
7.440000000E0	1.298665086E1	6.512070718E0
7.480000000E0	1.429719448E1	7.083853827E0
7.520000000E0	1.607405807E1	7.862720858E0
7.560000000E0	1.837459405E1	8.901741106E0
7.600000000E0	2.121152799E1	1.026712620E1
7.640000000E0	2.456252729E1	1.177192133E1
7.680000000E0	2.843785554E1	1.341176670E1
7.720000000E0	3.270423662E1	1.502581697E1
7.760000000E0	3.725117734E1	1.662090268E1
7.800000000E0	4.173423592E1	1.846431271E1
7.840000000E0	4.539030122E1	2.010637584E1
7.880000000E0	4.774864306E1	2.108157069E1
7.920000000E0	4.856683293E1	2.137413094E1
7.960000000E0	4.892316455E1	2.167280436E1
8.000000000E0	4.872789692E1	2.195688040E1
8.040000000E0	4.798242790E1	2.183488988E1
8.080000000E0	4.677482616E1	2.137515828E1
8.120000000E0	4.516684746E1	2.056803581E1
8.160000000E0	4.307143250E1	1.943221285E1
8.200000000E0	4.057752121E1	1.810224474E1
8.240000000E0	3.774683240E1	1.669488444E1
8.280000000E0	3.452887984E1	1.510571538E1
8.320000000E0	3.100361265E1	1.351964820E1
8.360000000E0	2.734892213E1	1.188371829E1
8.400000000E0	2.368327326E1	1.033584206E1
8.440000000E0	2.020673556E1	8.950958794E0
8.480000000E0	1.709836924E1	7.783222956E0
8.520000000E0	1.454494740E1	6.864954364E0
8.560000000E0	1.265096370E1	6.211904210E0
8.600000000E0	1.138101242E1	5.666575791E0
8.640000000E0	1.081758486E1	5.431923717E0
8.680000000E0	1.059763922E1	5.360694231E0
8.720000000E0	1.069025617E1	5.406527014E0
8.760000000E0	1.087795578E1	5.439494836E0
8.800000000E0	1.106812004E1	5.431851176E0
8.840000000E0	1.125060610E1	5.465622377E0
8.880000000E0	1.137670043E1	5.422647584E0
8.920000000E0	1.144920308E1	5.439833503E0
8.960000000E0	1.144582053E1	5.426999604E0
9.000000000E0	1.141036509E1	5.403925448E0
9.040000000E0	1.140852623E1	5.416343923E0
9.080000000E0	1.144272247E1	5.582556532E0
9.120000000E0	1.159648413E1	5.719856718E0
9.160000000E0	1.190683608E1	5.899949101E0
9.200000000E0	1.246171861E1	6.137846981E0
9.240000000E0	1.336739664E1	6.501230948E0
9.280000000E0	1.471507637E1	7.037796427E0
9.320000000E0	1.659549301E1	7.793402579E0
9.360000000E0	1.911261238E1	8.887260017E0
9.400000000E0	2.224340399E1	1.029208512E1
9.440000000E0	2.597132072E1	1.202358244E1
9.480000000E0	3.026752273E1	1.394241659E1
9.520000000E0	3.501207841E1	1.599543292E1
9.560000000E0	4.002661707E1	1.806169506E1
9.600000000E0	4.455630707E1	2.002882033E1
9.640000000E0	4.809724286E1	2.139535346E1
9.680000000E0	5.024108702E1	2.219070054E1
9.720000000E0	5.143108442E1	2.257495837E1
9.760000000E0	5.215073689E1	2.327613324E1
9.800000000E0	5.233528743E1	2.386437109E1
9.840000000E0	5.197892899E1	2.406807578E1
9.880000000E0	5.130909819E1	2.391451898E1
9.920000000E0	5.031125931E1	2.348456246E1
9.960000000E0	4.895028763E1	2.283134466E1
1.000000000E1	4.707786781E1	2.181714263E1
1.004000000E1	4.470179770E1	2.044891926E1
1.008000000E1	4.183484180E1	1.880220095E1
1.012000000E1	3.843353623E1	1.688858490E1
1.016000000E1	3.457153389E1	1.487326680E1
1.020000000E1	3.030989130E1	1.274442359E1
1.024000000E1	2.591519515E1	1.075128475E1
1.028000000E1	2.163169238E1	9.007985305E0
1.032000000E1	1.792417073E1	7.724091485E0
1.036000000E1	1.487713873E1	6.817190218E0
1.040000000E1	1.273611845E1	6.253074487E0
1.044000000E1	1.150499350E1	5.860836469E0
1.048000000E1	1.093491195E1	5.702190199E0
1.052000000E1	1.076009578E1	5.635126683E0
1.056000000E1	1.083791551E1	5.678912133E0
1.060000000E1	1.098636271E1	5.717145970E0
1.064000000E1	1.115093382E1	5.763440266E0
1.068000000E1	1.125735165E1	5.783924986E0
1.072000000E1	1.138934719E1	5.806845253E0
1.076000000E1	1.143229959E1	5.861284275E0
1.080000000E1	1.142726426E1	5.934242996E0
1.084000000E1	1.155445289E1	6.005696061E0
1.088000000E1	1.171865898E1	6.177988744E0
1.092000000E1	1.201359276E1	6.400116933E0
1.096000000E1	1.260414260E1	6.700085856E0
1.100000000E1	1.356262208E1	7.158424763E0
1.104000000E1	1.510858137E1	7.789734800E0
1.108000000E1	1.730314210E1	8.772089424E0
1.112000000E1	2.026633878E1	1.011231886E1
1.116000000E1	2.410486277E1	1.180559013E1
1.120000000E1	2.877829666E1	1.378013028E1
1.124000000E1	3.394770544E1	1.597000112E1
1.128000000E1	3.917848312E1	1.827438801E1
1.132000000E1	4.376590532E1	2.035239467E1
1.136000000E1	4.729036827E1	2.188096176E1
1.140000000E1	4.951765324E1	2.269659562E1
1.144000000E1	5.069548950E1	2.315146037E1
1.148000000E1	5.130011750E1	2.370498175E1
1.152000000E1	5.130684204E1	2.413279362E1
1.156000000E1	5.078620450E1	2.413497465E1
1.160000000E1	4.986960897E1	2.375566976E1
1.164000000E1	4.851844221E1	2.291478399E1
1.168000000E1	4.674670344E1	2.180349083E1
1.172000000E1	4.448906137E1	2.035977710E1
1.176000000E1	4.183303776E1	1.868115266E1
1.180000000E1	3.874121196E1	1.684443700E1
1.184000000E1	3.527682155E1	1.499385433E1
1.188000000E1	3.153689663E1	1.314190766E1
1.192000000E1	2.763369581E1	1.138599639E1
1.196000000E1	2.384104120E1	9.935626188E0
1.200000000E1	2.033775264E1	8.697306415E0
1.204000000E1	1.716470098E1	7.743875832E0
1.208000000E1	1.446030304E1	7.104521612E0
1.212000000E1	1.230015577E1	6.661893394E0
1.216000000E1	1.082093680E1	6.412053823E0
1.220000000E1	1.006733337E1	6.270491838E0
1.224000000E1	9.892792475E0	6.079012505E0
1.228000000E1	1.007421939E1	5.998365539E0
1.232000000E1	1.034396393E1	5.922450139E0
1.236000000E1	1.066239894E1	5.916410747E0
1.240000000E1	1.079541468E1	5.949758349E0
1.244000000E1	1.088967094E1	5.921668937E0
1.248000000E1	1.090863768E1	5.931913377E0
1.252000000E1	1.086532342E1	5.984587556E0
1.256000000E1	1.081638740E1	5.956578150E0
1.260000000E1	1.078384551E1	5.923869304E0
1.264000000E1	1.077093874E1	5.926361316E0
1.268000000E1	1.079175178E1	5.972800633E0
1.272000000E1	1.081844139E1	6.034108257E0
1.276000000E1	1.087743089E1	6.189310694E0
1.280000000E1	1.099959010E1	6.351896212E0
1.284000000E1	1.133931575E1	6.549241308E0
1.288000000E1	1.203307603E1	6.888237490E0
1.292000000E1	1.325296884E1	7.332010016E0
1.296000000E1	1.505263145E1	8.002316949E0
1.300000000E1	1.757297504E1	8.966366305E0
1.304000000E1	2.097585695E1	1.028039714E1
1.308000000E1	2.518990361E1	1.190067661E1
1.312000000E1	3.006459670E1	1.372609186E1
1.316000000E1	3.526667226E1	1.584694834E1
1.320000000E1	4.044395198E1	1.797978507E1
1.324000000E1	4.494459533E1	2.003698739E1
1.328000000E1	4.823872304E1	2.137659406E1
1.332000000E1	5.017112669E1	2.216201897E1
1.336000000E1	5.117433880E1	2.249154426E1
1.340000000E1	5.163718255E1	2.288833187E1
1.344000000E1	5.154940067E1	2.315619156E1
1.348000000E1	5.097675079E1	2.312600833E1
1.352000000E1	5.007832451E1	2.284152507E1
1.356000000E1	4.884703189E1	2.227247527E1
1.360000000E1	4.722381991E1	2.152532132E1
1.364000000E1	4.516889272E1	2.050726550E1
1.368000000E1	4.285411773E1	1.942522632E1
1.372000000E1	4.012996181E1	1.814876543E1
1.376000000E1	3.708400291E1	1.676251814E1
1.380000000E1	3.373996029E1	1.533704130E1
1.384000000E1	3.014570292E1	1.383846689E1
1.388000000E1	2.641318920E1	1.234188295E1
1.392000000E1	2.281979206E1	1.088882193E1
1.396000000E1	1.957937244E1	9.594971063E0
1.400000000E1	1.686090971E1	8.435675576E0
1.404000000E1	1.477419974E1	7.511554839E0
1.408000000E1	1.336023332E1	6.748002904E0
1.412000000E1	1.241410224E1	6.280709298E0
1.416000000E1	1.193548198E1	5.976597350E0
1.420000000E1	1.184333647E1	5.851413324E0
1.424000000E1	1.202251917E1	5.907921628E0
1.428000000E1	1.217351812E1	5.964487285E0
1.432000000E1	1.235873137E1	6.035031241E0
1.436000000E1	1.245025104E1	5.998550812E0
1.440000000E1	1.246444103E1	5.976868746E0
1.444000000E1	1.246179739E1	5.891319133E0
1.448000000E1	1.241475793E1	5.821502401E0
1.452000000E1	1.235522999E1	5.868634134E0
1.456000000E1	1.232813474E1	5.859994734E0
1.460000000E1	1.234344786E1	5.870853139E0
1.464000000E1	1.240950516E1	5.849859246E0
1.468000000E1	1.246272812E1	5.995388353E0
1.472000000E1	1.272162292E1	6.136416147E0
1.476000000E1	1.313511300E1	6.374057460E0
1.480000000E1	1.396028729E1	6.709085946E0
1.484000000E1	1.531140800E1	7.316815928E0
1.488000000E1	1.731041349E1	8.216339932E0
1.492000000E1	1.996311120E1	9.461403376E0
1.496000000E1	2.340952634E1	1.116877077E1
1.500000000E1	2.748165603E1	1.307669986E1
1.504000000E1	3.211928721E1	1.518234696E1
1.508000000E1	3.720724348E1	1.755035554E1
1.512000000E1	4.207107060E1	1.978455745E1
1.516000000E1	4.606176736E1	2.147343894E1
1.520000000E1	4.875244384E1	2.246443896E1
1.524000000E1	4.999260544E1	2.264260029E1
1.528000000E1	5.050113710E1	2.282617456E1
1.532000000E1	5.054033786E1	2.325981166E1
1.536000000E1	5.005981658E1	2.342497340E1
1.540000000E1	4.916816501E1	2.319271868E1
1.544000000E1	4.793532511E1	2.269529647E1
1.548000000E1	4.632919975E1	2.199458864E1
1.552000000E1	4.435916199E1	2.109459924E1
1.556000000E1	4.204344554E1	2.001038902E1
1.560000000E1	3.927067090E1	1.863959928E1
1.564000000E1	3.614886793E1	1.714909456E1
1.568000000E1	3.267531298E1	1.549979990E1
1.572000000E1	2.893965971E1	1.378496036E1
1.576000000E1	2.506305716E1	1.206117795E1
1.580000000E1	2.127916025E1	1.052694104E1
1.584000000E1	1.784412830E1	9.178913621E0
1.588000000E1	1.499859186E1	8.184692483E0
1.592000000E1	1.291233955E1	7.430229840E0
1.596000000E1	1.157417581E1	6.928768426E0
1.600000000E1	1.080254138E1	6.611896699E0
1.604000000E1	1.056474851E1	6.355572119E0
1.608000000E1	1.068666308E1	6.127705225E0
1.612000000E1	1.104538972E1	5.960681015E0
1.616000000E1	1.142342632E1	5.959225856E0
1.620000000E1	1.183537172E1	5.899155060E0
1.624000000E1	1.198269178E1	5.932512567E0
1.628000000E1	1.201572016E1	5.988771073E0
1.632000000E1	1.194570973E1	5.933490724E0
1.636000000E1	1.184948875E1	5.953350203E0
1.640000000E1	1.184087668E1	5.895750858E0
1.644000000E1	1.183962436E1	5.874969746E0
1.648000000E1	1.185208996E1	5.883658992E0
1.652000000E1	1.183900481E1	5.951130164E0
1.656000000E1	1.185875707E1	5.997724127E0
1.660000000E1	1.185939457E1	6.123671183E0
1.664000000E1	1.200294585E1	6.301269137E0
1.668000000E1	1.240286632E1	6.578971303E0
1.672000000E1	1.331270017E1	7.027971773E0
1.676000000E1	1.492207395E1	7.691317688E0
1.680000000E1	1.723072867E1	8.697183996E0
1.684000000E1	2.025151423E1	1.004447919E1
1.688000000E1	2.396296456E1	1.164851042E1
1.692000000E1	2.819831036E1	1.343492214E1
1.696000000E1	3.273378647E1	1.529283672E1
1.700000000E1	3.751226975E1	1.726203229E1
1.704000000E1	4.206808405E1	1.912632349E1
1.708000000E1	4.583175071E1	2.075225886E1
1.712000000E1	4.846522784E1	2.180997169E1
1.716000000E1	4.979030812E1	2.230979479E1
1.720000000E1	5.030947700E1	2.256946098E1
1.724000000E1	5.036761871E1	2.300971708E1
1.728000000E1	4.979621760E1	2.306818101E1
1.732000000E1	4.872008080E1	2.272208857E1
1.736000000E1	4.719795640E1	2.200946088E1
1.740000000E1	4.515552058E1	2.088574844E1
1.744000000E1	4.256269757E1	1.948868010E1
1.748000000E1	3.954092561E1	1.796586148E1
1.752000000E1	3.617980436E1	1.630219638E1
1.756000000E1	3.243343534E1	1.450062429E1
1.760000000E1	2.849222640E1	1.276005312E1
1.764000000E1	2.462668875E1	1.128059157E1
1.768000000E1	2.097316363E1	9.992244549E0
1.772000000E1	1.781727846E1	9.007629202E0
1.776000000E1	1.524479060E1	8.235658509E0
1.780000000E1	1.336581207E1	7.655333373E0
1.784000000E1	1.234454881E1	7.180682612E0
1.788000000E1	1.192189821E1	6.743035680E0
1.792000000E1	1.194570198E1	6.307317307E0
1.796000000E1	1.218085820E1	6.160098790E0
1.800000000E1	1.240620071E1	6.127807200E0
1.804000000E1	1.259307548E1	6.172844688E0
1.808000000E1	1.260403285E1	6.228620723E0
1.812000000E1	1.259033759E1	6.241313646E0
1.816000000E1	1.257079118E1	6.227755661E0
1.820000000E1	1.260915845E1	6.213852282E0
1.824000000E1	1.260328192E1	6.172296966E0
1.828000000E1	1.259211257E1	6.140756662E0
1.832000000E1	1.259898675E1	6.146510426E0
1.836000000E1	1.261173295E1	6.173536641E0
1.840000000E1	1.260050824E1	6.262359787E0
1.844000000E1	1.271343643E1	6.407665187E0
1.848000000E1	1.303151429E1	6.605752487E0
1.852000000E1	1.366245572E1	6.909836004E0
1.856000000E1	1.485071102E1	7.400190725E0
1.860000000E1	1.669378506E1	8.175635605E0
1.864000000E1	1.922335573E1	9.277736545E0
1.868000000E1	2.235228274E1	1.068187219E1
1.872000000E1	2.609057745E1	1.230707937E1
1.876000000E1	3.038217569E1	1.409626094E1
1.880000000E1	3.511094319E1	1.604827271E1
1.884000000E1	3.995770993E1	1.815640906E1
1.888000000E1	4.434973624E1	2.011404555E1
1.892000000E1	4.771106581E1	2.152436148E1
1.896000000E1	4.978603305E1	2.250405966E1
1.900000000E1	5.076493492E1	2.290179359E1
1.904000000E1	5.124966711E1	2.346516477E1
1.908000000E1	5.119643762E1	2.401589705E1
1.912000000E1	5.065708453E1	2.416101358E1
1.916000000E1	4.976047663E1	2.401053666E1
1.920000000E1	4.850890047E1	2.346704461E1
1.924000000E1	4.682716844E1	2.260680040E1
1.928000000E1	4.470797820E1	2.144372760E1
1.932000000E1	4.220112869E1	2.000463181E1
1.936000000E1	3.927872854E1	1.835072011E1
1.940000000E1	3.598241817E1	1.659053082E1
1.944000000E1	3.248375433E1	1.477695973E1
1.948000000E1	2.874846164E1	1.295461666E1
1.952000000E1	2.506795514E1	1.124586190E1
1.956000000E1	2.167421533E1	9.752296164E0
1.960000000E1	1.887336957E1	8.591232192E0
1.964000000E1	1.656813444E1	7.677371507E0
1.968000000E1	1.478627758E1	7.005036160E0
1.972000000E1	1.352886559E1	6.512571847E0
1.976000000E1	1.286985098E1	6.243829385E0
1.980000000E1	1.268814142E1	6.114281394E0
1.984000000E1	1.279611918E1	6.110017466E0
1.988000000E1	1.301968494E1	6.090463100E0
1.992000000E1	1.321322157E1	6.129720986E0
1.996000000E1	1.333971440E1	6.123798748E0
2.000000000E1	1.336678687E1	6.141837560E0
2.004000000E1	1.334534488E1	6.123164453E0
2.008000000E1	1.332525988E1	6.105504888E0
2.012000000E1	1.331666743E1	6.115314233E0
2.016000000E1	1.332789761E1	6.126072739E0
2.020000000E1	1.334057717E1	6.149810069E0
2.024000000E1	1.335264035E1	6.180974849E0
2.028000000E1	1.335576470E1	6.289920024E0
2.032000000E1	1.350726539E1	6.454523746E0
2.036000000E1	1.386239807E1	6.739572714E0
2.040000000E1	1.455124703E1	7.058639988E0
2.044000000E1	1.566317277E1	7.599593303E0
2.048000000E1	1.737411913E1	8.414783122E0
2.052000000E1	1.971979196E1	9.486014728E0
2.056000000E1	2.282110567E1	1.090499999E1
2.060000000E1	2.667827266E1	1.264228545E1
2.064000000E1	3.125794873E1	1.461241184E1
2.068000000E1	3.617039977E1	1.684506088E1
2.072000000E1	4.111742316E1	1.910250392E1
2.076000000E1	4.540453012E1	2.094297560E1
2.080000000E1	4.870804491E1	2.211459261E1
2.084000000E1	5.071813935E1	2.290754678E1
2.088000000E1	5.162605634E1	2.322499819E1
2.092000000E1	5.193591157E1	2.356723449E1
2.096000000E1	5.163550765E1	2.377705817E1
2.100000000E1	5.082808054E1	2.357168536E1
2.104000000E1	4.962650216E1	2.308048398E1
2.108000000E1	4.803270267E1	2.225759426E1
2.112000000E1	4.600826319E1	2.121713025E1
2.116000000E1	4.355149465E1	1.988629448E1
2.120000000E1	4.070289162E1	1.841767779E1
2.124000000E1	3.753393168E1	1.682544977E1
2.128000000E1	3.411503589E1	1.519150399E1
2.132000000E1	3.033378440E1	1.344591332E1
2.136000000E1	2.651683966E1	1.184855680E1
2.140000000E1	2.285787276E1	1.035485157E1
2.144000000E1	1.960805356E1	9.119547938E0
2.148000000E1	1.700745256E1	8.088282175E0
2.152000000E1	1.507281192E1	7.333276589E0
2.156000000E1	1.379735035E1	6.754209189E0
2.160000000E1	1.298059900E1	6.334354120E0
2.164000000E1	1.265566783E1	6.053441785E0
2.168000000E1	1.274501254E1	5.977598331E0
2.172000000E1	1.303150706E1	5.999935613E0
2.176000000E1	1.321279872E1	6.092174417E0
2.180000000E1	1.329898059E1	6.112631583E0
2.184000000E1	1.330903458E1	6.112204438E0
2.188000000E1	1.325977628E1	6.127869328E0
2.192000000E1	1.321191687E1	6.091598455E0
2.196000000E1	1.318423636E1	6.068908950E0
2.200000000E1	1.317133913E1	6.099309432E0
2.204000000E1	1.320074025E1	6.147419232E0
2.208000000E1	1.320293458E1	6.263684025E0
2.212000000E1	1.335740650E1	6.428290661E0
2.216000000E1	1.379227518E1	6.633001728E0
2.220000000E1	1.455410406E1	6.987894226E0
2.224000000E1	1.592629817E1	7.539190470E0
2.228000000E1	1.803328420E1	8.451110315E0
2.232000000E1	2.080792451E1	9.729359885E0
2.236000000E1	2.424094280E1	1.132042037E1
2.240000000E1	2.827579389E1	1.317968029E1
2.244000000E1	3.272876292E1	1.512146037E1
2.248000000E1	3.757486952E1	1.736550313E1
2.252000000E1	4.224740341E1	1.937336839E1
2.256000000E1	4.622672980E1	2.108877145E1
2.260000000E1	4.904807327E1	2.229022849E1
2.264000000E1	5.065302189E1	2.288742703E1
2.268000000E1	5.140534827E1	2.315526648E1
2.272000000E1	5.162422350E1	2.359902730E1
2.276000000E1	5.134424183E1	2.393156202E1
2.280000000E1	5.062823035E1	2.388142113E1
2.284000000E1	4.955740144E1	2.351055291E1
2.288000000E1	4.813791962E1	2.284658760E1
2.292000000E1	4.628157561E1	2.195172815E1
2.296000000E1	4.395435930E1	2.076185641E1
2.300000000E1	4.117294735E1	1.935105288E1
2.304000000E1	3.794955668E1	1.764260252E1
2.308000000E1	3.427699701E1	1.577352819E1
2.312000000E1	3.028673624E1	1.370528578E1
2.316000000E1	2.609259161E1	1.172713298E1
2.320000000E1	2.217667646E1	1.005372606E1
2.324000000E1	1.873243832E1	8.746627961E0
2.328000000E1	1.598713951E1	7.793489952E0
2.332000000E1	1.394502849E1	7.124303944E0
2.336000000E1	1.260285590E1	6.635043818E0
2.340000000E1	1.190294826E1	6.312297518E0
2.344000000E1	1.163559735E1	6.092685176E0
2.348000000E1	1.171232964E1	6.058496234E0
2.352000000E1	1.187932636E1	6.050365570E0
2.356000000E1	1.204574967E1	6.049378739E0
2.360000000E1	1.217725750E1	6.034187693E0
2.364000000E1	1.225937908E1	6.015726404E0
2.368000000E1	1.228601512E1	6.011861034E0
2.372000000E1	1.225922484E1	5.983717046E0
2.376000000E1	1.219320818E1	6.014535845E0
2.380000000E1	1.215136508E1	5.992510202E0
2.384000000E1	1.212926211E1	5.987662915E0
2.388000000E1	1.211273857E1	5.992301121E0
2.392000000E1	1.215230007E1	6.042177974E0
2.396000000E1	1.221228230E1	6.214634263E0
2.400000000E1	1.245395652E1	6.319086355E0
2.404000000E1	1.292494808E1	6.616906640E0
2.408000000E1	1.379184721E1	7.003076743E0
2.412000000E1	1.527149182E1	7.666536489E0
2.416000000E1	1.750089838E1	8.643669449E0
2.420000000E1	2.050083880E1	9.955816217E0
2.424000000E1	2.420186740E1	1.159779172E1
2.428000000E1	2.845706071E1	1.342538294E1
2.432000000E1	3.304546019E1	1.525085881E1
2.436000000E1	3.769985627E1	1.713398482E1
2.440000000E1	4.212818476E1	1.892522295E1
2.444000000E1	4.591944876E1	2.052034842E1
2.448000000E1	4.872448231E1	2.180817705E1
2.452000000E1	5.038129952E1	2.261705760E1
2.456000000E1	5.116589026E1	2.305063011E1
2.460000000E1	5.144832711E1	2.355647560E1
2.464000000E1	5.125136217E1	2.395189673E1
2.468000000E1	5.067898095E1	2.393980975E1
2.472000000E1	4.977795845E1	2.363977814E1
2.476000000E1	4.859305904E1	2.308744318E1
2.480000000E1	4.697090499E1	2.222732949E1
2.484000000E1	4.497788863E1	2.115376515E1
2.488000000E1	4.259294096E1	1.979944532E1
2.492000000E1	3.980031324E1	1.823543831E1
2.496000000E1	3.672161992E1	1.661507802E1
2.500000000E1	3.328000085E1	1.480274323E1
2.504000000E1	2.961821278E1	1.305457754E1
2.508000000E1	2.592137450E1	1.149706142E1
2.512000000E1	2.229854634E1	1.010082337E1
2.516000000E1	1.899941677E1	8.992494870E0
2.520000000E1	1.615915607E1	8.172273882E0
2.524000000E1	1.397123861E1	7.586941313E0
2.528000000E1	1.241041137E1	7.245671287E0
2.532000000E1	1.154789381E1	6.912395790E0
2.536000000E1	1.126267925E1	6.665893818E0
2.540000000E1	1.129592366E1	6.515892459E0
2.544000000E1	1.151930923E1	6.421814199E0
2.548000000E1	1.179415176E1	6.413045966E0
2.552000000E1	1.201882190E1	6.449179310E0
2.556000000E1	1.214868658E1	6.441488032E0
2.560000000E1	1.216881242E1	6.450538265E0
2.564000000E1	1.212823063E1	6.407847000E0
2.568000000E1	1.203133813E1	6.422095126E0
2.572000000E1	1.198301133E1	6.390935219E0
2.576000000E1	1.196752814E1	6.416566998E0
2.580000000E1	1.200170954E1	6.510546805E0
2.584000000E1	1.213761273E1	6.698857597E0
2.588000000E1	1.257820693E1	6.904893951E0
2.592000000E1	1.332013210E1	7.215724306E0
2.596000000E1	1.459298290E1	7.707769905E0
2.600000000E1	1.650707883E1	8.407288182E0
2.604000000E1	1.898219077E1	9.426180019E0
2.608000000E1	2.195779225E1	1.078578210E1
2.612000000E1	2.534313077E1	1.232247636E1
2.616000000E1	2.912322382E1	1.389994775E1
2.620000000E1	3.317767273E1	1.543378786E1
2.624000000E1	3.728126493E1	1.690884257E1
2.628000000E1	4.122612224E1	1.823921845E1
2.632000000E1	4.476776641E1	1.942468918E1
2.636000000E1	4.780078216E1	2.056372339E1
2.640000000E1	5.021606239E1	2.162293348E1
2.644000000E1	5.177638469E1	2.237909202E1
2.648000000E1	5.266840344E1	2.287886539E1
2.652000000E1	5.307502739E1	2.339926421E1
2.656000000E1	5.305617302E1	2.383271824E1
2.660000000E1	5.257834265E1	2.395461863E1
2.664000000E1	5.169642778E1	2.374246556E1
2.668000000E1	5.036496263E1	2.321633883E1
2.672000000E1	4.855276250E1	2.231300054E1
2.676000000E1	4.629738520E1	2.105991332E1
2.680000000E1	4.358291006E1	1.964596546E1
2.684000000E1	4.054145848E1	1.811693254E1
2.688000000E1	3.711463966E1	1.646526258E1
2.692000000E1	3.343199147E1	1.477664318E1
2.696000000E1	2.949104093E1	1.300473454E1
2.700000000E1	2.568624338E1	1.144916620E1
2.704000000E1	2.216543046E1	1.005037522E1
2.708000000E1	1.911273768E1	8.885001661E0
2.712000000E1	1.660103728E1	7.968838089E0
2.716000000E1	1.474220498E1	7.335423298E0
2.720000000E1	1.345042170E1	6.830525503E0
2.724000000E1	1.270886039E1	6.457193210E0
2.728000000E1	1.248473096E1	6.247948820E0
2.732000000E1	1.259656951E1	6.159580939E0
2.736000000E1	1.283379937E1	6.127236317E0
2.740000000E1	1.304555550E1	6.168183494E0
2.744000000E1	1.316960868E1	6.167667808E0
2.748000000E1	1.319718949E1	6.174618863E0
2.752000000E1	1.319832394E1	6.167564546E0
2.756000000E1	1.313161523E1	6.139274673E0
2.760000000E1	1.307698235E1	6.250659654E0
2.764000000E1	1.315601060E1	6.306724225E0
2.768000000E1	1.334309219E1	6.526253029E0
2.772000000E1	1.393621807E1	6.793405928E0
2.776000000E1	1.495093675E1	7.319654844E0
2.780000000E1	1.658287090E1	8.130195664E0
2.784000000E1	1.883640410E1	9.258184283E0
2.788000000E1	2.171259629E1	1.069318963E1
2.792000000E1	2.520351744E1	1.230162750E1
2.796000000E1	2.921320090E1	1.402151635E1
2.800000000E1	3.359092079E1	1.574392852E1
2.804000000E1	3.815372075E1	1.739972910E1
2.808000000E1	4.259699543E1	1.895635955E1
2.812000000E1	4.650602679E1	2.040205848E1
2.816000000E1	4.950267081E1	2.160098553E1
2.820000000E1	5.134480194E1	2.244593496E1
2.824000000E1	5.241167046E1	2.305526929E1
2.828000000E1	5.299249669E1	2.368954732E1
2.832000000E1	5.307974817E1	2.416484500E1
2.836000000E1	5.276839928E1	2.426238870E1
2.840000000E1	5.215862205E1	2.404166851E1
2.844000000E1	5.126521997E1	2.362071449E1
2.848000000E1	4.995004031E1	2.289051379E1
2.852000000E1	4.816028438E1	2.180462705E1
2.856000000E1	4.584779755E1	2.039439470E1
2.860000000E1	4.307055908E1	1.881423558E1
2.864000000E1	3.978373755E1	1.705874220E1
2.868000000E1	3.611012232E1	1.528882543E1
2.872000000E1	3.210842848E1	1.352630429E1
2.876000000E1	2.805618433E1	1.191148633E1
2.880000000E1	2.410754617E1	1.059697932E1
2.884000000E1	2.060114888E1	9.535988740E0
2.888000000E1	1.755842719E1	8.628491601E0
2.892000000E1	1.524300698E1	7.917817281E0
2.896000000E1	1.361991948E1	7.314149028E0
2.900000000E1	1.265170805E1	6.955441809E0
2.904000000E1	1.207951470E1	6.715794905E0
2.908000000E1	1.199230904E1	6.508038706E0
2.912000000E1	1.214371897E1	6.411497114E0
2.916000000E1	1.237264064E1	6.443507134E0
2.920000000E1	1.260832985E1	6.465572125E0
2.924000000E1	1.272179408E1	6.550545058E0
2.928000000E1	1.276298391E1	6.616555854E0
2.932000000E1	1.273804320E1	6.600887318E0
2.936000000E1	1.267545309E1	6.645116052E0
2.940000000E1	1.261329140E1	6.624027202E0
2.944000000E1	1.258449227E1	6.693604141E0
2.948000000E1	1.261216726E1	6.786192779E0
2.952000000E1	1.275801309E1	6.917139324E0
2.956000000E1	1.310545974E1	7.196647180E0
2.960000000E1	1.388340339E1	7.493681535E0
2.964000000E1	1.511898184E1	8.048114745E0
2.968000000E1	1.694998221E1	8.832228454E0
2.972000000E1	1.937306642E1	9.854623073E0
2.976000000E1	2.228107300E1	1.111145634E1
2.980000000E1	2.567103541E1	1.257025089E1
2.984000000E1	2.950346340E1	1.417368917E1
2.988000000E1	3.364036248E1	1.589332441E1
2.992000000E1	3.778533055E1	1.746297548E1
2.996000000E1	4.171849562E1	1.889224109E1
3.000000000E1	4.524837597E1	2.027933438E1
3.004000000E1	4.809634408E1	2.151846433E1
3.008000000E1	5.015701213E1	2.245947715E1
3.012000000E1	5.151577558E1	2.329000809E1
3.016000000E1	5.222768186E1	2.391043437E1
3.020000000E1	5.252482246E1	2.446082261E1
3.024000000E1	5.241687136E1	2.477231622E1
3.028000000E1	5.210287473E1	2.483984335E1
3.032000000E1	5.152230172E1	2.472490083E1
3.036000000E1	5.074025763E1	2.434465163E1
3.040000000E1	4.964391731E1	2.377688889E1
3.044000000E1	4.819698858E1	2.287066702E1
3.048000000E1	4.633762648E1	2.171960889E1
3.052000000E1	4.411876270E1	2.044363718E1
3.056000000E1	4.140844472E1	1.894926086E1
3.060000000E1	3.825925109E1	1.731317822E1
3.064000000E1	3.463636210E1	1.557249551E1
3.068000000E1	3.073371691E1	1.378837456E1
3.072000000E1	2.670343680E1	1.206312435E1
3.076000000E1	2.280591208E1	1.057605313E1
3.080000000E1	1.926169656E1	9.189871493E0
3.084000000E1	1.639137086E1	8.230249968E0
3.088000000E1	1.428094051E1	7.536349001E0
3.092000000E1	1.281109130E1	7.087341111E0
3.096000000E1	1.199451408E1	6.746221215E0
3.100000000E1	1.174207687E1	6.506130047E0
3.104000000E1	1.174224641E1	6.420323995E0
3.108000000E1	1.195453360E1	6.286119492E0
3.112000000E1	1.219194540E1	6.327306638E0
3.116000000E1	1.243235147E1	6.299335716E0
3.120000000E1	1.258475783E1	6.294775562E0
3.124000000E1	1.261534884E1	6.300486701E0
3.128000000E1	1.259689465E1	6.282100048E0
3.132000000E1	1.257242856E1	6.264512380E0
3.136000000E1	1.254282117E1	6.264500414E0
3.140000000E1	1.256476852E1	6.312742043E0
3.144000000E1	1.261231244E1	6.454140336E0
3.148000000E1	1.288611217E1	6.619861387E0
3.152000000E1	1.336828542E1	6.890604989E0
3.156000000E1	1.427025238E1	7.228065992E0
3.160000000E1	1.562559370E1	7.804715170E0
3.164000000E1	1.755985475E1	8.632964878E0
3.168000000E1	2.005193688E1	9.744623738E0
3.172000000E1	2.311228100E1	1.118408246E1
3.176000000E1	2.677457444E1	1.299536954E1
3.180000000E1	3.098157078E1	1.500531081E1
3.184000000E1	3.546457724E1	1.701470346E1
3.188000000E1	3.991307528E1	1.900204803E1
3.192000000E1	4.399637818E1	2.083411964E1
3.196000000E1	4.730177381E1	2.214835194E1
3.200000000E1	4.979637923E1	2.314134859E1
3.204000000E1	5.149163542E1	2.392454846E1
3.208000000E1	5.248378605E1	2.440311492E1
3.212000000E1	5.296716031E1	2.480855792E1
3.216000000E1	5.296216126E1	2.505169507E1
3.220000000E1	5.260070118E1	2.509951275E1
3.224000000E1	5.201546921E1	2.495080407E1
3.228000000E1	5.126420800E1	2.465034206E1
3.232000000E1	5.028014345E1	2.412407157E1
3.236000000E1	4.906519867E1	2.348457435E1
3.240000000E1	4.750842245E1	2.255709027E1
3.244000000E1	4.562015928E1	2.136177356E1
3.248000000E1	4.336725909E1	1.997077602E1
3.252000000E1	4.075304166E1	1.852086537E1
3.256000000E1	3.773274213E1	1.690067928E1
3.260000000E1	3.442549493E1	1.521297456E1
3.264000000E1	3.086726574E1	1.349153111E1
3.268000000E1	2.725801862E1	1.184894495E1
3.272000000E1	2.383565131E1	1.041618883E1
3.276000000E1	2.067667025E1	9.246333262E0
3.280000000E1	1.782341897E1	8.373149098E0
3.284000000E1	1.545786661E1	7.768364686E0
3.288000000E1	1.361351439E1	7.337162157E0
3.292000000E1	1.232607466E1	7.022529052E0
3.296000000E1	1.162485991E1	6.737271763E0
3.300000000E1	1.149471563E1	6.386993445E0
3.304000000E1	1.180579104E1	6.145758461E0
3.308000000E1	1.228543750E1	6.061462368E0
3.312000000E1	1.256153873E1	6.031667283E0
3.316000000E1	1.259289930E1	6.031989677E0
3.320000000E1	1.248110817E1	5.996024256E0
3.324000000E1	1.239616858E1	5.856082543E0
3.328000000E1	1.228545476E1	5.778026070E0
3.332000000E1	1.228539502E1	5.666402753E0
3.336000000E1	1.230935471E1	5.608843228E0
3.340000000E1	1.229726747E1	5.549664161E0
3.344000000E1	1.228846148E1	5.513794725E0
3.348000000E1	1.227668384E1	5.471604040E0
3.352000000E1	1.231338189E1	5.450693420E0
3.356000000E1	1.230801605E1	5.412868299E0
3.360000000E1	1.229462312E1	5.392552026E0
3.364000000E1	1.228950270E1	5.387088471E0
3.368000000E1	1.229211955E1	5.386424412E0
3.372000000E1	1.229402695E1	5.386753150E0
3.376000000E1	1.229609600E1	5.388463361E0
3.380000000E1	1.229733707E1	5.389551698E0
