hand
t	x	y
0.000000000E0	3.810747062E1	1.394991235E1
4.000000000E-2	3.810305104E1	1.394765089E1
8.000000000E-2	3.810192196E1	1.393809596E1
1.200000000E-1	3.810655037E1	1.394386158E1
1.600000000E-1	3.810948775E1	1.394680485E1
2.000000000E-1	3.811334356E1	1.394636368E1
2.400000000E-1	3.811792084E1	1.394537824E1
2.800000000E-1	3.811973227E1	1.394361583E1
3.200000000E-1	3.811534751E1	1.394322667E1
3.600000000E-1	3.811043031E1	1.393823179E1
4.000000000E-1	3.810252673E1	1.392825785E1
4.400000000E-1	3.809027465E1	1.389762185E1
4.800000000E-1	3.808701283E1	1.385780859E1
5.200000000E-1	3.806123928E1	1.381937822E1
5.600000000E-1	3.806861494E1	1.382130680E1
6.000000000E-1	3.807151598E1	1.381490045E1
6.400000000E-1	3.807438581E1	1.381003170E1
6.800000000E-1	3.808305911E1	1.380744817E1
7.200000000E-1	3.808883893E1	1.380558526E1
7.600000000E-1	3.808954170E1	1.380141840E1
8.000000000E-1	3.808978995E1	1.379822680E1
8.400000000E-1	3.809092150E1	1.379945423E1
8.800000000E-1	3.809160445E1	1.380071009E1
9.200000000E-1	3.809141087E1	1.380189413E1
9.600000000E-1	3.808225358E1	1.380386278E1
1.000000000E0	3.808185855E1	1.380434289E1
1.040000000E0	3.808899547E1	1.387913283E1
1.080000000E0	3.823487011E1	1.410289220E1
1.120000000E0	3.859582093E1	1.458449427E1
1.160000000E0	3.945362665E1	1.545453129E1
1.200000000E0	4.094523965E1	1.678887184E1
1.240000000E0	4.320238342E1	1.829832481E1
1.280000000E0	4.625944038E1	1.962527810E1
1.320000000E0	5.008540837E1	2.050391656E1
1.360000000E0	5.438739797E1	2.096518266E1
1.400000000E0	5.895095190E1	2.107890007E1
1.440000000E0	6.347376672E1	2.066294162E1
1.480000000E0	6.751583611E1	1.977199817E1
1.520000000E0	7.092591727E1	1.880157271E1
1.560000000E0	7.358183172E1	1.788150533E1
1.600000000E0	7.558998376E1	1.712884889E1
1.640000000E0	7.705293745E1	1.641367033E1
1.680000000E0	7.811810545E1	1.596209879E1
1.720000000E0	7.888872907E1	1.551573236E1
1.760000000E0	7.942284152E1	1.521114844E1
1.800000000E0	7.977588857E1	1.494673673E1
1.840000000E0	7.994980215E1	1.463127132E1
1.880000000E0	8.008353895E1	1.427393020E1
1.920000000E0	8.008181974E1	1.398329737E1
1.960000000E0	8.001666004E1	1.388558339E1
2.000000000E0	7.974507139E1	1.380510599E1
2.040000000E0	7.924529718E1	1.375388058E1
2.080000000E0	7.853614048E1	1.393083202E1
2.120000000E0	7.751761283E1	1.402835770E1
2.160000000E0	7.616613751E1	1.416043209E1
2.200000000E0	7.456132922E1	1.432441991E1
2.240000000E0	7.272694767E1	1.433021219E1
2.280000000E0	7.071336978E1	1.433753669E1
2.320000000E0	6.865499106E1	1.439617407E1
2.360000000E0	6.656943289E1	1.449446358E1
2.400000000E0	6.461032062E1	1.439925926E1
2.440000000E0	6.281622080E1	1.424184070E1
2.480000000E0	6.117318225E1	1.419274251E1
2.520000000E0	5.980302518E1	1.418017036E1
2.560000000E0	5.871686787E1	1.406303485E1
2.600000000E0	5.789264619E1	1.391483196E1
2.640000000E0	5.737889077E1	1.375092340E1
2.680000000E0	5.703266496E1	1.369329794E1
2.720000000E0	5.670416891E1	1.363615222E1
2.760000000E0	5.655054333E1	1.360543673E1
2.800000000E0	5.663522884E1	1.367326902E1
2.840000000E0	5.668478504E1	1.363983951E1
2.880000000E0	5.673401065E1	1.361314646E1
2.920000000E0	5.682037369E1	1.360761223E1
2.960000000E0	5.686440275E1	1.361600928E1
3.000000000E0	5.698258085E1	1.361803321E1
3.040000000E0	5.709907807E1	1.361728386E1
3.080000000E0	5.711849940E1	1.362073523E1
3.120000000E0	5.702692470E1	1.359297335E1
3.160000000E0	5.698496263E1	1.350085782E1
3.200000000E0	5.689677995E1	1.345304937E1
3.240000000E0	5.680734016E1	1.336804478E1
3.280000000E0	5.658762994E1	1.338899681E1
3.320000000E0	5.630332883E1	1.345318589E1
3.360000000E0	5.595230164E1	1.360220212E1
3.400000000E0	5.559312165E1	1.375716346E1
3.440000000E0	5.529725839E1	1.397824538E1
3.480000000E0	5.514613844E1	1.418014842E1
3.520000000E0	5.523888266E1	1.450983845E1
3.560000000E0	5.570641310E1	1.484209197E1
3.600000000E0	5.655710463E1	1.524429652E1
3.640000000E0	5.788170554E1	1.559050095E1
3.680000000E0	5.963766079E1	1.585972187E1
3.720000000E0	6.174375493E1	1.601715533E1
3.760000000E0	6.412801549E1	1.605568963E1
3.800000000E0	6.657719950E1	1.605468781E1
3.840000000E0	6.890527853E1	1.597251304E1
3.880000000E0	7.125819504E1	1.587606792E1
3.920000000E0	7.335051107E1	1.577062437E1
3.960000000E0	7.512087124E1	1.584045463E1
4.000000000E0	7.681776950E1	1.576308098E1
4.040000000E0	7.815341081E1	1.553582401E1
4.080000000E0	7.916528573E1	1.526496791E1
4.120000000E0	7.986985044E1	1.475439132E1
4.160000000E0	8.026335506E1	1.424311059E1
4.200000000E0	8.022854685E1	1.367178080E1
4.240000000E0	7.990160335E1	1.318180252E1
4.280000000E0	7.940302719E1	1.291975306E1
4.320000000E0	7.867951687E1	1.287541207E1
4.360000000E0	7.767974448E1	1.301622307E1
4.400000000E0	7.648662406E1	1.329611175E1
4.440000000E0	7.511050172E1	1.346201257E1
4.480000000E0	7.353392987E1	1.352706375E1
4.520000000E0	7.180878062E1	1.344018853E1
4.560000000E0	7.005655872E1	1.342950201E1
4.600000000E0	6.829302061E1	1.313247115E1
4.640000000E0	6.671446517E1	1.298509511E1
4.680000000E0	6.521049265E1	1.297518685E1
4.720000000E0	6.372424567E1	1.299835943E1
4.760000000E0	6.247186905E1	1.288236340E1
4.800000000E0	6.129567382E1	1.271511274E1
4.840000000E0	6.029001207E1	1.273565481E1
4.880000000E0	5.951776114E1	1.271710803E1
4.920000000E0	5.889942308E1	1.264492376E1
4.960000000E0	5.847385141E1	1.257687975E1
5.000000000E0	5.805575585E1	1.244740135E1
5.040000000E0	5.778422397E1	1.242217102E1
5.080000000E0	5.770650297E1	1.240248871E1
5.120000000E0	5.762924901E1	1.241298452E1
5.160000000E0	5.756124715E1	1.243320439E1
5.200000000E0	5.744728756E1	1.262577227E1
5.240000000E0	5.718758269E1	1.291628700E1
5.280000000E0	5.678300885E1	1.318600798E1
5.320000000E0	5.621923906E1	1.353692900E1
5.360000000E0	5.538735633E1	1.396124739E1
5.400000000E0	5.443204064E1	1.423873186E1
5.440000000E0	5.341468196E1	1.437649242E1
5.480000000E0	5.242675192E1	1.440595325E1
5.520000000E0	5.148872096E1	1.438578050E1
5.560000000E0	5.070448391E1	1.426420046E1
5.600000000E0	4.999030910E1	1.422546455E1
5.640000000E0	4.937986848E1	1.413114877E1
5.680000000E0	4.884673505E1	1.404259144E1
5.720000000E0	4.846010852E1	1.398699534E1
5.760000000E0	4.813121792E1	1.391504545E1
5.800000000E0	4.795073865E1	1.380465821E1
5.840000000E0	4.780867383E1	1.378060346E1
5.880000000E0	4.778353341E1	1.377559525E1
5.920000000E0	4.786311131E1	1.387704463E1
5.960000000E0	4.819289141E1	1.409392800E1
6.000000000E0	4.882999089E1	1.435835848E1
6.040000000E0	4.977427022E1	1.479225675E1
6.080000000E0	5.117331770E1	1.524257368E1
6.120000000E0	5.312915414E1	1.570669227E1
6.160000000E0	5.565861834E1	1.602653987E1
6.200000000E0	5.853970484E1	1.632752820E1
6.240000000E0	6.179529941E1	1.664119147E1
6.280000000E0	6.515262383E1	1.676582985E1
6.320000000E0	6.839858346E1	1.659848372E1
6.360000000E0	7.138411153E1	1.596052543E1
6.400000000E0	7.387538647E1	1.541526206E1
6.440000000E0	7.603142348E1	1.484299036E1
6.480000000E0	7.763677689E1	1.435265266E1
6.520000000E0	7.879802141E1	1.389850302E1
6.560000000E0	7.957924633E1	1.329905235E1
6.600000000E0	7.992224794E1	1.274464225E1
6.640000000E0	7.989870509E1	1.274926109E1
6.680000000E0	7.952706434E1	1.286428872E1
6.720000000E0	7.884112368E1	1.302633041E1
6.760000000E0	7.782985825E1	1.322968711E1
6.800000000E0	7.654584125E1	1.321550082E1
6.840000000E0	7.498221716E1	1.313615026E1
6.880000000E0	7.313191129E1	1.310720476E1
6.920000000E0	7.103808846E1	1.312365126E1
6.960000000E0	6.881326599E1	1.296041793E1
7.000000000E0	6.671733157E1	1.286076791E1
7.040000000E0	6.471703847E1	1.286233086E1
7.080000000E0	6.281345901E1	1.258967778E1
7.120000000E0	6.102703791E1	1.252584158E1
7.160000000E0	5.944226798E1	1.255256768E1
7.200000000E0	5.807025281E1	1.242299753E1
7.240000000E0	5.705745500E1	1.233712077E1
7.280000000E0	5.641319215E1	1.230775342E1
7.320000000E0	5.594115518E1	1.232514590E1
7.360000000E0	5.570221358E1	1.229777208E1
7.400000000E0	5.555266773E1	1.231046941E1
7.440000000E0	5.535145522E1	1.227673535E1
7.480000000E0	5.526583192E1	1.226167401E1
7.520000000E0	5.529209742E1	1.227297572E1
7.560000000E0	5.525500390E1	1.225249510E1
7.600000000E0	5.522215673E1	1.211525891E1
7.640000000E0	5.514445390E1	1.196796094E1
7.680000000E0	5.499885722E1	1.186068346E1
7.720000000E0	5.485307590E1	1.185036469E1
7.760000000E0	5.471084414E1	1.186977345E1
7.800000000E0	5.457559209E1	1.193276934E1
7.840000000E0	5.455680715E1	1.200784125E1
7.880000000E0	5.448610703E1	1.213091048E1
7.920000000E0	5.444960886E1	1.223540277E1
7.960000000E0	5.446553613E1	1.228408879E1
8.000000000E0	5.445131888E1	1.228675523E1
8.040000000E0	5.445486658E1	1.229359993E1
8.080000000E0	5.450024891E1	1.232117352E1
8.120000000E0	5.458228754E1	1.231572272E1
8.160000000E0	5.475775620E1	1.247980817E1
8.200000000E0	5.521050892E1	1.275161254E1
8.240000000E0	5.608849503E1	1.327454854E1
8.280000000E0	5.765160260E1	1.395324675E1
8.320000000E0	5.980797820E1	1.460259226E1
8.360000000E0	6.238393419E1	1.515693556E1
8.400000000E0	6.532340184E1	1.561045763E1
8.440000000E0	6.835141889E1	1.582609919E1
8.480000000E0	7.132413287E1	1.578618304E1
8.520000000E0	7.408418426E1	1.539497507E1
8.560000000E0	7.626752830E1	1.512941911E1
8.600000000E0	7.804730477E1	1.469152293E1
8.640000000E0	7.934520457E1	1.436171519E1
8.680000000E0	8.019574364E1	1.405058698E1
8.720000000E0	8.071565694E1	1.365088804E1
8.760000000E0	8.081514854E1	1.324372652E1
8.800000000E0	8.049986054E1	1.299366705E1
8.840000000E0	7.986792806E1	1.293234020E1
8.880000000E0	7.896187942E1	1.304982292E1
8.920000000E0	7.771194094E1	1.319746630E1
8.960000000E0	7.618523564E1	1.329568612E1
9.000000000E0	7.448662214E1	1.338134960E1
9.040000000E0	7.256063145E1	1.331732921E1
9.080000000E0	7.060506271E1	1.321383904E1
9.120000000E0	6.860016804E1	1.319673699E1
9.160000000E0	6.659996857E1	1.324995452E1
9.200000000E0	6.481495359E1	1.320408228E1
9.240000000E0	6.302714000E1	1.300684099E1
9.280000000E0	6.139102413E1	1.271469325E1
9.320000000E0	6.004148245E1	1.244432002E1
9.360000000E0	5.893392394E1	1.235004190E1
9.400000000E0	5.799774182E1	1.228609566E1
9.440000000E0	5.737140260E1	1.214599938E1
9.480000000E0	5.685386302E1	1.211774109E1
9.520000000E0	5.649426122E1	1.212190419E1
9.560000000E0	5.629536703E1	1.212966988E1
9.600000000E0	5.616474896E1	1.221715432E1
9.640000000E0	5.618537435E1	1.226673762E1
9.680000000E0	5.620090445E1	1.228537529E1
9.720000000E0	5.620126172E1	1.229803867E1
9.760000000E0	5.608432620E1	1.239128071E1
9.800000000E0	5.592143948E1	1.245332254E1
9.840000000E0	5.564540609E1	1.253815326E1
9.880000000E0	5.539564828E1	1.261779674E1
9.920000000E0	5.508479231E1	1.262719139E1
9.960000000E0	5.484851374E1	1.257288676E1
1.000000000E1	5.465375669E1	1.248955466E1
1.004000000E1	5.448829628E1	1.239040010E1
1.008000000E1	5.441441250E1	1.227954291E1
1.012000000E1	5.431996799E1	1.215596999E1
1.016000000E1	5.431228561E1	1.204965565E1
1.020000000E1	5.428977852E1	1.211995835E1
1.024000000E1	5.445729909E1	1.218338081E1
1.028000000E1	5.477839032E1	1.243447286E1
1.032000000E1	5.548579078E1	1.274811109E1
1.036000000E1	5.656192526E1	1.313122596E1
1.040000000E1	5.820450704E1	1.342355076E1
1.044000000E1	6.036774386E1	1.364189021E1
1.048000000E1	6.278868625E1	1.391800133E1
1.052000000E1	6.535095816E1	1.425267688E1
1.056000000E1	6.810685446E1	1.457293512E1
1.060000000E1	7.061758888E1	1.476970113E1
1.064000000E1	7.304484710E1	1.494021993E1
1.068000000E1	7.527320996E1	1.496289538E1
1.072000000E1	7.711457470E1	1.511524344E1
1.076000000E1	7.865653918E1	1.516123293E1
1.080000000E1	7.981940064E1	1.507691855E1
1.084000000E1	8.053864592E1	1.491728617E1
1.088000000E1	8.095542516E1	1.452504524E1
1.092000000E1	8.104408935E1	1.413743154E1
1.096000000E1	8.082308464E1	1.376755401E1
1.100000000E1	8.034644229E1	1.347428903E1
1.104000000E1	7.963709451E1	1.329718212E1
1.108000000E1	7.878099716E1	1.330012622E1
1.112000000E1	7.771896941E1	1.337697193E1
1.116000000E1	7.647169158E1	1.350743949E1
1.120000000E1	7.503057765E1	1.352225284E1
1.124000000E1	7.333668102E1	1.353102114E1
1.128000000E1	7.148273243E1	1.354570025E1
1.132000000E1	6.957315361E1	1.350625078E1
1.136000000E1	6.758587910E1	1.348637297E1
1.140000000E1	6.568615236E1	1.354473026E1
1.144000000E1	6.388771537E1	1.353253147E1
1.148000000E1	6.219472371E1	1.339681866E1
1.152000000E1	6.063736040E1	1.318738716E1
1.156000000E1	5.945561022E1	1.308007888E1
1.160000000E1	5.844189380E1	1.312302404E1
1.164000000E1	5.778344365E1	1.308854120E1
1.168000000E1	5.741313526E1	1.302972620E1
1.172000000E1	5.727189285E1	1.303004957E1
1.176000000E1	5.729403830E1	1.291139585E1
1.180000000E1	5.730922386E1	1.288060566E1
1.184000000E1	5.728864122E1	1.288347762E1
1.188000000E1	5.726937081E1	1.288503642E1
1.192000000E1	5.718852680E1	1.288635691E1
1.196000000E1	5.712311486E1	1.277291117E1
1.200000000E1	5.700284903E1	1.275615452E1
1.204000000E1	5.685798253E1	1.277682046E1
1.208000000E1	5.663973188E1	1.280011876E1
1.212000000E1	5.627765022E1	1.280182892E1
1.216000000E1	5.587177371E1	1.274722150E1
1.220000000E1	5.537188825E1	1.275069498E1
1.224000000E1	5.490336129E1	1.269117334E1
1.228000000E1	5.444928757E1	1.264239579E1
1.232000000E1	5.404454225E1	1.267854094E1
1.236000000E1	5.384348879E1	1.280771194E1
1.240000000E1	5.386606301E1	1.308107105E1
1.244000000E1	5.429516265E1	1.350565344E1
1.248000000E1	5.519798946E1	1.401773867E1
1.252000000E1	5.663334450E1	1.456308445E1
1.256000000E1	5.847359752E1	1.502070377E1
1.260000000E1	6.056675242E1	1.536629778E1
1.264000000E1	6.297929006E1	1.545367019E1
1.268000000E1	6.543850994E1	1.546571854E1
1.272000000E1	6.793985419E1	1.547441326E1
1.276000000E1	7.030383387E1	1.542903845E1
1.280000000E1	7.244816657E1	1.551310081E1
1.284000000E1	7.451198178E1	1.558661145E1
1.288000000E1	7.623535766E1	1.556004679E1
1.292000000E1	7.770215043E1	1.543153076E1
1.296000000E1	7.892177108E1	1.509613075E1
1.300000000E1	7.973924643E1	1.470687601E1
1.304000000E1	8.025500197E1	1.420066126E1
1.308000000E1	8.046940744E1	1.365731912E1
1.312000000E1	8.035454716E1	1.326479335E1
1.316000000E1	7.989804031E1	1.301636780E1
1.320000000E1	7.917612869E1	1.287153236E1
1.324000000E1	7.825781353E1	1.293150559E1
1.328000000E1	7.709293441E1	1.290417177E1
1.332000000E1	7.572573748E1	1.298509279E1
1.336000000E1	7.417017129E1	1.301736295E1
1.340000000E1	7.241562191E1	1.301155901E1
1.344000000E1	7.058988027E1	1.289377800E1
1.348000000E1	6.861099153E1	1.277489958E1
1.352000000E1	6.662644318E1	1.260629400E1
1.356000000E1	6.471821233E1	1.242226562E1
1.360000000E1	6.292447948E1	1.226053946E1
1.364000000E1	6.133616172E1	1.212065734E1
1.368000000E1	6.003895902E1	1.198961538E1
1.372000000E1	5.899537161E1	1.204114402E1
1.376000000E1	5.828483461E1	1.197318490E1
1.380000000E1	5.789273682E1	1.188580332E1
1.384000000E1	5.759590844E1	1.185817683E1
1.388000000E1	5.743043399E1	1.182492421E1
1.392000000E1	5.739885855E1	1.181522903E1
1.396000000E1	5.741213618E1	1.182226585E1
1.400000000E1	5.741921705E1	1.181032102E1
1.404000000E1	5.740215557E1	1.175104721E1
1.408000000E1	5.729091372E1	1.164471062E1
1.412000000E1	5.718990175E1	1.157903630E1
1.416000000E1	5.704435226E1	1.154295472E1
1.420000000E1	5.688157475E1	1.153099687E1
1.424000000E1	5.670014027E1	1.155428720E1
1.428000000E1	5.649448085E1	1.162031621E1
1.432000000E1	5.623990701E1	1.178698132E1
1.436000000E1	5.604393452E1	1.187389885E1
1.440000000E1	5.579887190E1	1.202673159E1
1.444000000E1	5.549798271E1	1.214046671E1
1.448000000E1	5.520361910E1	1.215442058E1
1.452000000E1	5.492467283E1	1.212799598E1
1.456000000E1	5.472968722E1	1.200062310E1
1.460000000E1	5.458506759E1	1.187482017E1
1.464000000E1	5.444929447E1	1.180025232E1
1.468000000E1	5.445733189E1	1.169271376E1
1.472000000E1	5.450339328E1	1.168946921E1
1.476000000E1	5.459577103E1	1.168407922E1
1.480000000E1	5.478709941E1	1.175618069E1
1.484000000E1	5.502743540E1	1.185020881E1
1.488000000E1	5.533866177E1	1.198710459E1
1.492000000E1	5.579566547E1	1.214824184E1
1.496000000E1	5.638876179E1	1.225526754E1
1.500000000E1	5.720242320E1	1.232615368E1
1.504000000E1	5.819374755E1	1.246131863E1
1.508000000E1	5.948210163E1	1.258763322E1
1.512000000E1	6.102921013E1	1.287542467E1
1.516000000E1	6.284621886E1	1.320927248E1
1.520000000E1	6.482714310E1	1.364361489E1
1.524000000E1	6.707892798E1	1.404439929E1
1.528000000E1	6.939742902E1	1.434755684E1
1.532000000E1	7.162530858E1	1.467269518E1
1.536000000E1	7.371816394E1	1.478670717E1
1.540000000E1	7.549378858E1	1.478890298E1
1.544000000E1	7.707109514E1	1.477333558E1
1.548000000E1	7.828745911E1	1.454523236E1
1.552000000E1	7.916763456E1	1.433185227E1
1.556000000E1	7.982377472E1	1.411737699E1
1.560000000E1	8.020601325E1	1.387451613E1
1.564000000E1	8.025629425E1	1.367880919E1
1.568000000E1	7.997763053E1	1.346377961E1
1.572000000E1	7.939254248E1	1.330298217E1
1.576000000E1	7.855563976E1	1.327741778E1
1.580000000E1	7.739263470E1	1.315129918E1
1.584000000E1	7.604310054E1	1.306834737E1
1.588000000E1	7.441686913E1	1.298602226E1
1.592000000E1	7.264344621E1	1.273354103E1
1.596000000E1	7.072809562E1	1.269913804E1
1.600000000E1	6.872111791E1	1.258471726E1
1.604000000E1	6.681187703E1	1.255116436E1
1.608000000E1	6.501540888E1	1.254346268E1
1.612000000E1	6.324864241E1	1.237875347E1
1.616000000E1	6.168848508E1	1.232749086E1
1.620000000E1	6.027083724E1	1.230194918E1
1.624000000E1	5.898685896E1	1.227782183E1
1.628000000E1	5.804251016E1	1.225653843E1
1.632000000E1	5.733584774E1	1.221856599E1
1.636000000E1	5.684325057E1	1.224563645E1
1.640000000E1	5.648494663E1	1.225407383E1
1.644000000E1	5.612135163E1	1.229596791E1
1.648000000E1	5.603144577E1	1.231935076E1
1.652000000E1	5.601281492E1	1.230891999E1
1.656000000E1	5.598488410E1	1.230191959E1
1.660000000E1	5.594430631E1	1.223995257E1
1.664000000E1	5.590944020E1	1.213290959E1
1.668000000E1	5.581055933E1	1.205114109E1
1.672000000E1	5.567500697E1	1.197145177E1
1.676000000E1	5.552281297E1	1.194732986E1
1.680000000E1	5.546159771E1	1.189471065E1
1.684000000E1	5.540299374E1	1.190183703E1
1.688000000E1	5.534652075E1	1.191188125E1
1.692000000E1	5.541002697E1	1.196557515E1
1.696000000E1	5.547052700E1	1.196436847E1
1.700000000E1	5.558238123E1	1.200489413E1
1.704000000E1	5.569680243E1	1.211807957E1
1.708000000E1	5.584683219E1	1.217192808E1
1.712000000E1	5.608648584E1	1.228509780E1
1.716000000E1	5.651285804E1	1.249538703E1
1.720000000E1	5.710222489E1	1.272965671E1
1.724000000E1	5.789920086E1	1.290881436E1
1.728000000E1	5.890266248E1	1.303768026E1
1.732000000E1	6.004172263E1	1.319211271E1
1.736000000E1	6.135700314E1	1.331512297E1
1.740000000E1	6.288883313E1	1.344172217E1
1.744000000E1	6.476143370E1	1.349043864E1
1.748000000E1	6.675349911E1	1.363771067E1
1.752000000E1	6.890569614E1	1.373839114E1
1.756000000E1	7.103448768E1	1.375740462E1
1.760000000E1	7.301947466E1	1.375847922E1
1.764000000E1	7.483440656E1	1.365832510E1
1.768000000E1	7.639147800E1	1.358307238E1
1.772000000E1	7.777779127E1	1.351163078E1
1.776000000E1	7.887967817E1	1.341794105E1
1.780000000E1	7.964749106E1	1.330094890E1
1.784000000E1	8.007615201E1	1.316678249E1
1.788000000E1	8.019253142E1	1.299091301E1
1.792000000E1	7.992426913E1	1.285183078E1
1.796000000E1	7.933645003E1	1.270637163E1
1.800000000E1	7.843613702E1	1.269165447E1
1.804000000E1	7.725553498E1	1.268684683E1
1.808000000E1	7.587577376E1	1.274751662E1
1.812000000E1	7.426452275E1	1.283390436E1
1.816000000E1	7.248357441E1	1.282321356E1
1.820000000E1	7.060388323E1	1.275143442E1
1.824000000E1	6.867254037E1	1.270477837E1
1.828000000E1	6.675425596E1	1.270364895E1
1.832000000E1	6.498091001E1	1.262326755E1
1.836000000E1	6.327558599E1	1.241443235E1
1.840000000E1	6.170270418E1	1.239595861E1
1.844000000E1	6.030444264E1	1.233098919E1
1.848000000E1	5.909389298E1	1.225274709E1
1.852000000E1	5.817044113E1	1.218366159E1
1.856000000E1	5.738796107E1	1.212667160E1
1.860000000E1	5.667405022E1	1.209572699E1
1.864000000E1	5.617933934E1	1.209002573E1
1.868000000E1	5.590240900E1	1.211365048E1
1.872000000E1	5.575793418E1	1.210335100E1
1.876000000E1	5.571334442E1	1.209112255E1
1.880000000E1	5.575746910E1	1.209958501E1
1.884000000E1	5.580836029E1	1.203699743E1
1.888000000E1	5.582205338E1	1.196865057E1
1.892000000E1	5.581922250E1	1.187292649E1
1.896000000E1	5.579486451E1	1.181801640E1
1.900000000E1	5.576453077E1	1.172306570E1
1.904000000E1	5.572954252E1	1.169921699E1
1.908000000E1	5.573650676E1	1.172794228E1
1.912000000E1	5.576188417E1	1.183118032E1
1.916000000E1	5.578915053E1	1.193646723E1
1.920000000E1	5.592353849E1	1.199213300E1
1.924000000E1	5.605886906E1	1.206308164E1
1.928000000E1	5.623042272E1	1.212680301E1
1.932000000E1	5.650074321E1	1.213699662E1
1.936000000E1	5.684960482E1	1.226190620E1
1.940000000E1	5.747421201E1	1.245677581E1
1.944000000E1	5.842068528E1	1.269592846E1
1.948000000E1	5.972296903E1	1.293099598E1
1.952000000E1	6.128438128E1	1.314423301E1
1.956000000E1	6.313004617E1	1.337551042E1
1.960000000E1	6.507438072E1	1.359626349E1
1.964000000E1	6.718512182E1	1.376858234E1
1.968000000E1	6.931451665E1	1.391866689E1
1.972000000E1	7.139325630E1	1.402383587E1
1.976000000E1	7.341743732E1	1.406646140E1
1.980000000E1	7.524278316E1	1.410190170E1
1.984000000E1	7.675934428E1	1.420270370E1
1.988000000E1	7.812758096E1	1.421678950E1
1.992000000E1	7.919415330E1	1.413550042E1
1.996000000E1	7.991805123E1	1.391879713E1
2.000000000E1	8.038298580E1	1.367910638E1
2.004000000E1	8.049271074E1	1.344127001E1
2.008000000E1	8.026660440E1	1.317529767E1
2.012000000E1	7.974142981E1	1.304971541E1
2.016000000E1	7.884837530E1	1.299759468E1
2.020000000E1	7.770297202E1	1.299636975E1
2.024000000E1	7.634228794E1	1.306133638E1
2.028000000E1	7.472106350E1	1.299124906E1
2.032000000E1	7.299364310E1	1.291972506E1
2.036000000E1	7.110593123E1	1.274504646E1
2.040000000E1	6.917663715E1	1.247395099E1
2.044000000E1	6.717713590E1	1.241445764E1
2.048000000E1	6.525826663E1	1.215421619E1
2.052000000E1	6.342165183E1	1.205166287E1
2.056000000E1	6.165867330E1	1.203388075E1
2.060000000E1	6.009468708E1	1.189189916E1
2.064000000E1	5.864752640E1	1.187672627E1
2.068000000E1	5.744651527E1	1.184304824E1
2.072000000E1	5.659800123E1	1.186158050E1
2.076000000E1	5.594338011E1	1.182978680E1
2.080000000E1	5.553374175E1	1.185328930E1
2.084000000E1	5.529993279E1	1.184283275E1
2.088000000E1	5.515764804E1	1.184144168E1
2.092000000E1	5.514783745E1	1.184185225E1
2.096000000E1	5.516379411E1	1.183586890E1
2.100000000E1	5.514233951E1	1.181677549E1
2.104000000E1	5.516003025E1	1.178293824E1
2.108000000E1	5.517653062E1	1.174417112E1
2.112000000E1	5.517735603E1	1.171490292E1
2.116000000E1	5.519631794E1	1.179129826E1
2.120000000E1	5.532086986E1	1.185590524E1
2.124000000E1	5.545452015E1	1.206689015E1
2.128000000E1	5.566937667E1	1.231649888E1
2.132000000E1	5.596015855E1	1.260072376E1
2.136000000E1	5.638373360E1	1.288939180E1
2.140000000E1	5.690007543E1	1.319417221E1
2.144000000E1	5.760608460E1	1.335341847E1
2.148000000E1	5.848323100E1	1.346494819E1
2.152000000E1	5.958322141E1	1.351639447E1
2.156000000E1	6.089401851E1	1.350945356E1
2.160000000E1	6.233595191E1	1.349749261E1
2.164000000E1	6.389347693E1	1.358572295E1
2.168000000E1	6.566396144E1	1.369494742E1
2.172000000E1	6.745382367E1	1.366417798E1
2.176000000E1	6.921973826E1	1.361110032E1
2.180000000E1	7.091770741E1	1.358337067E1
2.184000000E1	7.256808158E1	1.356052727E1
2.188000000E1	7.406559550E1	1.357055074E1
2.192000000E1	7.541866791E1	1.349943152E1
2.196000000E1	7.657691052E1	1.347700818E1
2.200000000E1	7.758061431E1	1.357383205E1
2.204000000E1	7.840249405E1	1.355960029E1
2.208000000E1	7.903255239E1	1.347207939E1
2.212000000E1	7.958105159E1	1.334326464E1
2.216000000E1	7.991166007E1	1.318667894E1
2.220000000E1	8.003391422E1	1.290212095E1
2.224000000E1	7.994515867E1	1.262222990E1
2.228000000E1	7.962885251E1	1.253193618E1
2.232000000E1	7.910223510E1	1.246257720E1
2.236000000E1	7.829764652E1	1.251729164E1
2.240000000E1	7.718594181E1	1.266571980E1
2.244000000E1	7.577698954E1	1.276682700E1
2.248000000E1	7.409673171E1	1.266318211E1
2.252000000E1	7.226377924E1	1.265724576E1
2.256000000E1	7.034387190E1	1.256853071E1
2.260000000E1	6.852477671E1	1.248983196E1
2.264000000E1	6.672924239E1	1.245582732E1
2.268000000E1	6.499111496E1	1.231819950E1
2.272000000E1	6.342005652E1	1.213716491E1
2.276000000E1	6.203529393E1	1.210860953E1
2.280000000E1	6.090004644E1	1.208846898E1
2.284000000E1	6.003360374E1	1.202027621E1
2.288000000E1	5.936954479E1	1.196890952E1
2.292000000E1	5.890523574E1	1.186911643E1
2.296000000E1	5.851066366E1	1.180926611E1
2.300000000E1	5.820903851E1	1.179047938E1
2.304000000E1	5.796354630E1	1.179068684E1
2.308000000E1	5.772309532E1	1.179090027E1
2.312000000E1	5.748347633E1	1.170870459E1
2.316000000E1	5.730011354E1	1.165067556E1
2.320000000E1	5.714198230E1	1.157096995E1
2.324000000E1	5.699699508E1	1.153282447E1
2.328000000E1	5.686336414E1	1.149239576E1
2.332000000E1	5.677164850E1	1.148240034E1
2.336000000E1	5.670319462E1	1.149704312E1
2.340000000E1	5.667108446E1	1.150063203E1
2.344000000E1	5.666699041E1	1.150270323E1
2.348000000E1	5.666281696E1	1.150292823E1
2.352000000E1	5.666964664E1	1.155074374E1
2.356000000E1	5.670343956E1	1.176897303E1
2.360000000E1	5.695890006E1	1.199006999E1
2.364000000E1	5.741447632E1	1.233173314E1
2.368000000E1	5.818200002E1	1.267200727E1
2.372000000E1	5.937738778E1	1.292854567E1
2.376000000E1	6.074367869E1	1.310516327E1
2.380000000E1	6.247363359E1	1.322117493E1
2.384000000E1	6.444527438E1	1.338115177E1
2.388000000E1	6.655186776E1	1.360988654E1
2.392000000E1	6.880978247E1	1.366477733E1
2.396000000E1	7.100312558E1	1.378600955E1
2.400000000E1	7.304830566E1	1.403589781E1
2.404000000E1	7.498019998E1	1.408868641E1
2.408000000E1	7.663999694E1	1.414330728E1
2.412000000E1	7.807329434E1	1.414386472E1
2.416000000E1	7.927410807E1	1.390770591E1
2.420000000E1	8.011853645E1	1.360217281E1
2.424000000E1	8.067931457E1	1.318112064E1
2.428000000E1	8.094302602E1	1.273785739E1
2.432000000E1	8.092847872E1	1.254409333E1
2.436000000E1	8.068947443E1	1.239768362E1
2.440000000E1	8.025831924E1	1.238543521E1
2.444000000E1	7.963242815E1	1.248878193E1
2.448000000E1	7.876538150E1	1.259254817E1
2.452000000E1	7.767540629E1	1.293128221E1
2.456000000E1	7.632466726E1	1.306021696E1
2.460000000E1	7.475319929E1	1.328268248E1
2.464000000E1	7.308354733E1	1.331613204E1
2.468000000E1	7.120179541E1	1.328887745E1
2.472000000E1	6.931792491E1	1.320366972E1
2.476000000E1	6.750631118E1	1.329758426E1
2.480000000E1	6.584548635E1	1.331213931E1
2.484000000E1	6.441035252E1	1.321943153E1
2.488000000E1	6.308551620E1	1.291428471E1
2.492000000E1	6.179880599E1	1.252774322E1
2.496000000E1	6.074632583E1	1.243585919E1
2.500000000E1	5.981766961E1	1.244248363E1
2.504000000E1	5.908368391E1	1.244304625E1
2.508000000E1	5.860567313E1	1.242764065E1
2.512000000E1	5.835011207E1	1.238065459E1
2.516000000E1	5.818998791E1	1.234201088E1
2.520000000E1	5.802458291E1	1.229290612E1
2.524000000E1	5.785657007E1	1.224553234E1
2.528000000E1	5.769056443E1	1.224654574E1
2.532000000E1	5.755123994E1	1.227219639E1
2.536000000E1	5.744107350E1	1.228680520E1
2.540000000E1	5.740570502E1	1.228598898E1
2.544000000E1	5.734509888E1	1.229308717E1
2.548000000E1	5.729122813E1	1.228296621E1
2.552000000E1	5.728125396E1	1.227804918E1
2.556000000E1	5.721127225E1	1.227129475E1
2.560000000E1	5.714181033E1	1.228576145E1
2.564000000E1	5.708648229E1	1.228555456E1
2.568000000E1	5.697721580E1	1.228723002E1
2.572000000E1	5.684281594E1	1.228493556E1
2.576000000E1	5.670745863E1	1.228816559E1
2.580000000E1	5.655396454E1	1.228800176E1
2.584000000E1	5.640612243E1	1.228070069E1
2.588000000E1	5.624857714E1	1.227385337E1
2.592000000E1	5.608760624E1	1.227346125E1
2.596000000E1	5.592727108E1	1.226893489E1
2.600000000E1	5.576288724E1	1.227004696E1
2.604000000E1	5.562179106E1	1.226587904E1
2.608000000E1	5.547597021E1	1.226927357E1
2.612000000E1	5.534371291E1	1.226472930E1
2.616000000E1	5.522412989E1	1.226744465E1
2.620000000E1	5.518636968E1	1.227467152E1
2.624000000E1	5.518807194E1	1.229904282E1
2.628000000E1	5.531930778E1	1.232941459E1
2.632000000E1	5.550125087E1	1.243235936E1
2.636000000E1	5.592281786E1	1.256262262E1
2.640000000E1	5.653979415E1	1.271850734E1
2.644000000E1	5.736533118E1	1.286177621E1
2.648000000E1	5.845650609E1	1.301746648E1
2.652000000E1	5.975210692E1	1.319126728E1
2.656000000E1	6.125995543E1	1.335402011E1
2.660000000E1	6.297920393E1	1.358132320E1
2.664000000E1	6.477911792E1	1.375217021E1
2.668000000E1	6.661033423E1	1.397553065E1
2.672000000E1	6.844174824E1	1.426214857E1
2.676000000E1	7.007714394E1	1.453298041E1
2.680000000E1	7.158204318E1	1.479072825E1
2.684000000E1	7.292450562E1	1.491718174E1
2.688000000E1	7.404259147E1	1.506853772E1
2.692000000E1	7.505511074E1	1.510712374E1
2.696000000E1	7.588991275E1	1.512583181E1
2.700000000E1	7.658567499E1	1.516528236E1
2.704000000E1	7.706067010E1	1.521186006E1
2.708000000E1	7.744524688E1	1.523278388E1
2.712000000E1	7.783095668E1	1.500084979E1
2.716000000E1	7.822239309E1	1.467144487E1
2.720000000E1	7.856140415E1	1.422697559E1
2.724000000E1	7.888785267E1	1.378832608E1
2.728000000E1	7.919805605E1	1.345060918E1
2.732000000E1	7.933035299E1	1.323442026E1
2.736000000E1	7.933930034E1	1.297473268E1
2.740000000E1	7.913412825E1	1.283736993E1
2.744000000E1	7.862010465E1	1.289246079E1
2.748000000E1	7.788966921E1	1.298284963E1
2.752000000E1	7.701484904E1	1.317323291E1
2.756000000E1	7.585372016E1	1.321682816E1
2.760000000E1	7.438871735E1	1.302617780E1
2.764000000E1	7.270768488E1	1.299593720E1
2.768000000E1	7.079237732E1	1.275798705E1
2.772000000E1	6.885649065E1	1.257156971E1
2.776000000E1	6.690907244E1	1.254078365E1
2.780000000E1	6.501929118E1	1.255164549E1
2.784000000E1	6.326352224E1	1.256298523E1
2.788000000E1	6.160858991E1	1.256405479E1
2.792000000E1	6.013782030E1	1.242756992E1
2.796000000E1	5.887492387E1	1.242986417E1
2.800000000E1	5.788715347E1	1.242741897E1
2.804000000E1	5.725116410E1	1.242610048E1
2.808000000E1	5.687404290E1	1.243918446E1
2.812000000E1	5.673287130E1	1.241359913E1
2.816000000E1	5.670338864E1	1.241239650E1
2.820000000E1	5.673496337E1	1.234820053E1
2.824000000E1	5.673893898E1	1.233009877E1
2.828000000E1	5.669478027E1	1.231323152E1
2.832000000E1	5.662753687E1	1.232414114E1
2.836000000E1	5.645952992E1	1.246577795E1
2.840000000E1	5.621510233E1	1.257547687E1
2.844000000E1	5.592690541E1	1.272721775E1
2.848000000E1	5.564585098E1	1.278369363E1
2.852000000E1	5.530858940E1	1.283534819E1
2.856000000E1	5.502173541E1	1.279191094E1
2.860000000E1	5.468321636E1	1.273516953E1
2.864000000E1	5.443566225E1	1.262853213E1
2.868000000E1	5.418756412E1	1.246073926E1
2.872000000E1	5.400094910E1	1.218702819E1
2.876000000E1	5.384716292E1	1.191959909E1
2.880000000E1	5.373674945E1	1.170481155E1
2.884000000E1	5.366478012E1	1.152208926E1
2.888000000E1	5.366056866E1	1.141355454E1
2.892000000E1	5.367157812E1	1.138636409E1
2.896000000E1	5.368277798E1	1.137021410E1
2.900000000E1	5.367916545E1	1.135677567E1
2.904000000E1	5.368616950E1	1.137227348E1
2.908000000E1	5.368961177E1	1.137106248E1
2.912000000E1	5.367822309E1	1.135578731E1
2.916000000E1	5.367545719E1	1.136940970E1
2.920000000E1	5.367729462E1	1.136927287E1
2.924000000E1	5.367585633E1	1.135556423E1
2.928000000E1	5.367825975E1	1.136057808E1
2.932000000E1	5.368183500E1	1.136569251E1
2.936000000E1	5.368883536E1	1.137204772E1
2.940000000E1	5.368943854E1	1.137640463E1
2.944000000E1	5.369493608E1	1.137927783E1
2.948000000E1	5.382017709E1	1.139026009E1
2.952000000E1	5.399674238E1	1.167553014E1
2.956000000E1	5.459149851E1	1.214951677E1
2.960000000E1	5.554303484E1	1.292143329E1
2.964000000E1	5.704553279E1	1.380942704E1
2.968000000E1	5.914524223E1	1.458950323E1
2.972000000E1	6.162135211E1	1.509563729E1
2.976000000E1	6.443157292E1	1.534912237E1
2.980000000E1	6.727616599E1	1.544171115E1
2.984000000E1	7.003727606E1	1.541382631E1
2.988000000E1	7.259469428E1	1.502985142E1
2.992000000E1	7.466157317E1	1.462082040E1
2.996000000E1	7.638496906E1	1.419043485E1
3.000000000E1	7.772252973E1	1.393698450E1
3.004000000E1	7.869574659E1	1.377153604E1
3.008000000E1	7.938490422E1	1.361898516E1
3.012000000E1	7.976282137E1	1.333281482E1
3.016000000E1	7.969929631E1	1.304491404E1
3.020000000E1	7.918337580E1	1.287522926E1
3.024000000E1	7.835380512E1	1.272326290E1
3.028000000E1	7.726779394E1	1.274650879E1
3.032000000E1	7.584666277E1	1.277307960E1
3.036000000E1	7.416929409E1	1.286523825E1
3.040000000E1	7.234727907E1	1.295366088E1
3.044000000E1	7.040936532E1	1.297607082E1
3.048000000E1	6.839649602E1	1.299063239E1
3.052000000E1	6.641730649E1	1.275042193E1
3.056000000E1	6.448574441E1	1.256644402E1
3.060000000E1	6.269715339E1	1.239545674E1
3.064000000E1	6.111841482E1	1.224702963E1
3.068000000E1	5.981116574E1	1.217176173E1
3.072000000E1	5.877626516E1	1.218898693E1
3.076000000E1	5.795610838E1	1.213302898E1
3.080000000E1	5.725685583E1	1.199089049E1
3.084000000E1	5.672011771E1	1.198884253E1
3.088000000E1	5.636837139E1	1.194802867E1
3.092000000E1	5.618764577E1	1.188573291E1
3.096000000E1	5.614342733E1	1.186703910E1
3.100000000E1	5.613010236E1	1.183291407E1
3.104000000E1	5.610360086E1	1.171877547E1
3.108000000E1	5.606555744E1	1.156352043E1
3.112000000E1	5.591449921E1	1.151136337E1
3.116000000E1	5.582260435E1	1.145796970E1
3.120000000E1	5.573770534E1	1.136662499E1
3.124000000E1	5.566141038E1	1.134464027E1
3.128000000E1	5.564780411E1	1.132857123E1
3.132000000E1	5.564158238E1	1.134049072E1
3.136000000E1	5.564995800E1	1.136851872E1
3.140000000E1	5.565391502E1	1.137944785E1
3.144000000E1	5.565336195E1	1.138339587E1
3.148000000E1	5.565322135E1	1.138499987E1
3.152000000E1	5.564657497E1	1.138205384E1
3.156000000E1	5.564269699E1	1.137989871E1
3.160000000E1	5.563931454E1	1.137906123E1
3.164000000E1	5.563708814E1	1.137855685E1
3.168000000E1	5.563649624E1	1.138031670E1
3.172000000E1	5.563637251E1	1.138096558E1
3.176000000E1	5.563605604E1	1.138154467E1
3.180000000E1	5.563703706E1	1.138295101E1
3.184000000E1	5.564114515E1	1.138335781E1
3.188000000E1	5.564561662E1	1.138461931E1
3.192000000E1	5.564688295E1	1.138255784E1
3.196000000E1	5.564934852E1	1.137966922E1
3.200000000E1	5.577695153E1	1.137189005E1
3.204000000E1	5.612011827E1	1.152015128E1
3.208000000E1	5.694535849E1	1.184454253E1
3.212000000E1	5.833358497E1	1.249347021E1
3.216000000E1	6.029674394E1	1.322323108E1
3.220000000E1	6.277649282E1	1.390387317E1
3.224000000E1	6.548171090E1	1.436452083E1
3.228000000E1	6.824599854E1	1.469034072E1
3.232000000E1	7.086680459E1	1.486512758E1
3.236000000E1	7.328669627E1	1.478930816E1
3.240000000E1	7.534731475E1	1.452639128E1
3.244000000E1	7.702462730E1	1.420471615E1
3.248000000E1	7.834731269E1	1.391181385E1
3.252000000E1	7.929954313E1	1.365233165E1
3.256000000E1	7.983090402E1	1.345963982E1
3.260000000E1	7.995368372E1	1.325920602E1
3.264000000E1	7.964346413E1	1.304270492E1
3.268000000E1	7.888741950E1	1.296104857E1
3.272000000E1	7.777918039E1	1.294602974E1
3.276000000E1	7.636272593E1	1.290690391E1
3.280000000E1	7.465740206E1	1.279035409E1
3.284000000E1	7.281093866E1	1.302140562E1
3.288000000E1	7.080930109E1	1.312403019E1
3.292000000E1	6.881003431E1	1.319880846E1
3.296000000E1	6.680231472E1	1.329390390E1
3.300000000E1	6.484224706E1	1.309658949E1
3.304000000E1	6.286224023E1	1.287401031E1
3.308000000E1	6.105609073E1	1.263354149E1
3.312000000E1	5.949925067E1	1.244688203E1
3.316000000E1	5.819644321E1	1.250495715E1
3.320000000E1	5.727831631E1	1.248125945E1
3.324000000E1	5.663284691E1	1.236335612E1
3.328000000E1	5.628826908E1	1.226890977E1
3.332000000E1	5.603319817E1	1.224149019E1
3.336000000E1	5.592877051E1	1.222965810E1
3.340000000E1	5.592534480E1	1.224239555E1
3.344000000E1	5.592076917E1	1.221961797E1
3.348000000E1	5.593921204E1	1.215931155E1
3.352000000E1	5.592993997E1	1.212825382E1
3.356000000E1	5.589889991E1	1.211583558E1
3.360000000E1	5.582459566E1	1.211318409E1
3.364000000E1	5.579570173E1	1.210207850E1
3.368000000E1	5.579229032E1	1.210155833E1
3.372000000E1	5.579846941E1	1.210525265E1
3.376000000E1	5.580549378E1	1.211652938E1
3.380000000E1	5.581366184E1	1.212312051E1
3.384000000E1	5.581918739E1	1.212437491E1
3.388000000E1	5.581027674E1	1.212645114E1
3.392000000E1	5.579863190E1	1.212235866E1
3.396000000E1	5.579217976E1	1.211947832E1
3.400000000E1	5.579009282E1	1.211201329E1
3.404000000E1	5.579057962E1	1.208856817E1
3.408000000E1	5.589152072E1	1.202719893E1
3.412000000E1	5.608835943E1	1.210886879E1
3.416000000E1	5.666984044E1	1.240469145E1
3.420000000E1	5.771424878E1	1.298508763E1
3.424000000E1	5.925168277E1	1.376852131E1
3.428000000E1	6.125233117E1	1.451416666E1
3.432000000E1	6.365132112E1	1.496106653E1
3.436000000E1	6.625080626E1	1.515173618E1
3.440000000E1	6.883793321E1	1.521670622E1
3.444000000E1	7.133413292E1	1.506016804E1
3.448000000E1	7.355581772E1	1.474803909E1
3.452000000E1	7.545810313E1	1.436505514E1
3.456000000E1	7.701337717E1	1.394742001E1
3.460000000E1	7.825196162E1	1.364080256E1
3.464000000E1	7.920784284E1	1.345818327E1
3.468000000E1	7.991222212E1	1.338918970E1
3.472000000E1	8.028784455E1	1.334406346E1
3.476000000E1	8.022201537E1	1.316168266E1
3.480000000E1	7.978964556E1	1.301774596E1
3.484000000E1	7.902266145E1	1.299663662E1
3.488000000E1	7.793951865E1	1.299622144E1
3.492000000E1	7.655378216E1	1.303260105E1
3.496000000E1	7.481177894E1	1.302671439E1
3.500000000E1	7.275745436E1	1.285057186E1
3.504000000E1	7.048620294E1	1.281825436E1
3.508000000E1	6.838088404E1	1.286486384E1
3.512000000E1	6.636706686E1	1.298927592E1
3.516000000E1	6.448558810E1	1.290036611E1
3.520000000E1	6.281961001E1	1.283446344E1
3.524000000E1	6.135914790E1	1.256392961E1
3.528000000E1	6.008303896E1	1.209981352E1
3.532000000E1	5.908293274E1	1.210187213E1
3.536000000E1	5.819923809E1	1.202311467E1
3.540000000E1	5.742190589E1	1.194716758E1
3.544000000E1	5.684754885E1	1.198208387E1
3.548000000E1	5.634804334E1	1.197792777E1
3.552000000E1	5.603947788E1	1.197763200E1
3.556000000E1	5.582750576E1	1.199041722E1
3.560000000E1	5.569111497E1	1.199434557E1
3.564000000E1	5.562372089E1	1.198963855E1
3.568000000E1	5.550486573E1	1.201307159E1
3.572000000E1	5.545956154E1	1.203023793E1
3.576000000E1	5.544241710E1	1.202240640E1
3.580000000E1	5.544136691E1	1.201033468E1
3.584000000E1	5.546116525E1	1.198980636E1
3.588000000E1	5.546864235E1	1.197215171E1
3.592000000E1	5.543896819E1	1.195776349E1
3.596000000E1	5.535804451E1	1.196371793E1
3.600000000E1	5.533252950E1	1.195476648E1
3.604000000E1	5.532303550E1	1.195010209E1
3.608000000E1	5.532004114E1	1.195465468E1
3.612000000E1	5.531763413E1	1.195038682E1
3.616000000E1	5.532073569E1	1.195579737E1
3.620000000E1	5.532415615E1	1.195969787E1
3.624000000E1	5.532871926E1	1.196890761E1
3.628000000E1	5.533128781E1	1.197245912E1
3.632000000E1	5.533300492E1	1.197481430E1
3.636000000E1	5.533514943E1	1.197698881E1
3.640000000E1	5.533671946E1	1.197797468E1
3.644000000E1	5.533642083E1	1.197485224E1
3.648000000E1	5.533417805E1	1.196974385E1
3.652000000E1	5.533054039E1	1.196176922E1
3.656000000E1	5.532997117E1	1.192498529E1
3.660000000E1	5.553921969E1	1.194371414E1
3.664000000E1	5.621215383E1	1.213323843E1
3.668000000E1	5.737810800E1	1.267329625E1
3.672000000E1	5.925784893E1	1.332687943E1
3.676000000E1	6.160228780E1	1.385640261E1
3.680000000E1	6.424634219E1	1.418871591E1
3.684000000E1	6.707957399E1	1.423914160E1
3.688000000E1	6.977028715E1	1.422352978E1
3.692000000E1	7.231602655E1	1.404884500E1
3.696000000E1	7.453178957E1	1.388783658E1
3.700000000E1	7.644249056E1	1.380359385E1
3.704000000E1	7.793721420E1	1.361360132E1
3.708000000E1	7.884517364E1	1.358255800E1
3.712000000E1	7.933929968E1	1.352870310E1
3.716000000E1	7.937047867E1	1.348904014E1
3.720000000E1	7.887437994E1	1.347119389E1
3.724000000E1	7.807410233E1	1.325896647E1
3.728000000E1	7.695700530E1	1.318053052E1
3.732000000E1	7.550486790E1	1.306899196E1
3.736000000E1	7.377649635E1	1.295464508E1
3.740000000E1	7.181245136E1	1.294571049E1
3.744000000E1	6.968689960E1	1.294000586E1
3.748000000E1	6.747615223E1	1.291632564E1
3.752000000E1	6.540194438E1	1.294534368E1
3.756000000E1	6.344152826E1	1.288294683E1
3.760000000E1	6.168457935E1	1.269125012E1
3.764000000E1	6.018619996E1	1.265055335E1
3.768000000E1	5.892653262E1	1.261193840E1
3.772000000E1	5.796823189E1	1.256353344E1
3.776000000E1	5.724898818E1	1.253832841E1
3.780000000E1	5.661926727E1	1.249190605E1
3.784000000E1	5.617694816E1	1.240984958E1
3.788000000E1	5.601442408E1	1.245181154E1
3.792000000E1	5.591444390E1	1.246484631E1
3.796000000E1	5.583463394E1	1.245794675E1
3.800000000E1	5.580808291E1	1.243311927E1
3.804000000E1	5.581163043E1	1.240039460E1
3.808000000E1	5.583522713E1	1.230459928E1
3.812000000E1	5.580961432E1	1.225837715E1
3.816000000E1	5.579820289E1	1.222735660E1
3.820000000E1	5.580201407E1	1.225679763E1
3.824000000E1	5.579724094E1	1.226950900E1
3.828000000E1	5.579413083E1	1.227507663E1
3.832000000E1	5.579190696E1	1.227497970E1
3.836000000E1	5.579859611E1	1.228082799E1
3.840000000E1	5.580189510E1	1.227986432E1
3.844000000E1	5.579304834E1	1.227963680E1
3.848000000E1	5.578894582E1	1.227375228E1
3.852000000E1	5.578772360E1	1.227431638E1
3.856000000E1	5.578651043E1	1.227639431E1
3.860000000E1	5.578720881E1	1.227834212E1
3.864000000E1	5.578780203E1	1.227940389E1
3.868000000E1	5.578575183E1	1.227866057E1
3.872000000E1	5.578405946E1	1.227719214E1
3.876000000E1	5.578265483E1	1.226292415E1
3.880000000E1	5.578015341E1	1.223928158E1
3.884000000E1	5.580084687E1	1.223942087E1
3.888000000E1	5.605172629E1	1.222674746E1
3.892000000E1	5.657235056E1	1.244015321E1
3.896000000E1	5.758644663E1	1.287421195E1
3.900000000E1	5.907308039E1	1.348629116E1
3.904000000E1	6.101062208E1	1.408611323E1
3.908000000E1	6.328497715E1	1.464050340E1
3.912000000E1	6.576225252E1	1.501020372E1
3.916000000E1	6.829228361E1	1.528242265E1
3.920000000E1	7.072269853E1	1.555630722E1
3.924000000E1	7.290165115E1	1.564210701E1
3.928000000E1	7.487239138E1	1.567769678E1
3.932000000E1	7.658373665E1	1.562466858E1
3.936000000E1	7.792677062E1	1.556329966E1
3.940000000E1	7.901703979E1	1.525843818E1
3.944000000E1	7.976467188E1	1.477980033E1
3.948000000E1	8.013989533E1	1.436331623E1
3.952000000E1	8.018367652E1	1.388900309E1
3.956000000E1	7.976610247E1	1.344210215E1
3.960000000E1	7.897592293E1	1.317687332E1
3.964000000E1	7.782047272E1	1.316211906E1
3.968000000E1	7.637389214E1	1.325642131E1
3.972000000E1	7.464859362E1	1.328724372E1
3.976000000E1	7.271766021E1	1.325372726E1
3.980000000E1	7.067990225E1	1.331253803E1
3.984000000E1	6.860157881E1	1.328737244E1
3.988000000E1	6.661736897E1	1.329503679E1
3.992000000E1	6.481875634E1	1.336149558E1
3.996000000E1	6.312697788E1	1.331802085E1
4.000000000E1	6.157907731E1	1.326235916E1
4.004000000E1	6.022271053E1	1.327842958E1
4.008000000E1	5.900618088E1	1.315302941E1
4.012000000E1	5.791657389E1	1.303064438E1
4.016000000E1	5.697903742E1	1.276861672E1
4.020000000E1	5.618148997E1	1.243284169E1
4.024000000E1	5.559698252E1	1.214221034E1
4.028000000E1	5.507800285E1	1.214911053E1
4.032000000E1	5.474889436E1	1.214594751E1
4.036000000E1	5.462447724E1	1.223948175E1
4.040000000E1	5.460734344E1	1.227053495E1
4.044000000E1	5.470460925E1	1.220580123E1
4.048000000E1	5.474411526E1	1.216536007E1
4.052000000E1	5.474319043E1	1.214027286E1
4.056000000E1	5.474209714E1	1.213842787E1
4.060000000E1	5.473815460E1	1.213780242E1
4.064000000E1	5.472791562E1	1.213238866E1
4.068000000E1	5.472626598E1	1.212199267E1
4.072000000E1	5.472428066E1	1.211033295E1
4.076000000E1	5.471673717E1	1.209657604E1
4.080000000E1	5.472618859E1	1.211243666E1
4.084000000E1	5.472292144E1	1.211653839E1
4.088000000E1	5.471869369E1	1.211850824E1
4.092000000E1	5.470837278E1	1.211460298E1
4.096000000E1	5.469318455E1	1.210666958E1
4.100000000E1	5.467375071E1	1.208599211E1
4.104000000E1	5.469893652E1	1.209929246E1
4.108000000E1	5.471147340E1	1.210984530E1
4.112000000E1	5.471750354E1	1.211026263E1
4.116000000E1	5.472292154E1	1.212143845E1
4.120000000E1	5.472661613E1	1.212528111E1
4.124000000E1	5.472888435E1	1.212708387E1
4.128000000E1	5.473434935E1	1.213107405E1
4.132000000E1	5.473746865E1	1.213314750E1
4.136000000E1	5.473977647E1	1.213352382E1
4.140000000E1	5.474240410E1	1.213435166E1
4.144000000E1	5.474103872E1	1.213473606E1
4.148000000E1	5.474002709E1	1.213506520E1
4.152000000E1	5.473911422E1	1.213470725E1
4.156000000E1	5.473854502E1	1.213478044E1
4.160000000E1	5.473763847E1	1.213404316E1
4.164000000E1	5.473708101E1	1.213347239E1
4.168000000E1	5.473661341E1	1.213215340E1
4.172000000E1	5.473649813E1	1.213316811E1
4.176000000E1	5.473479089E1	1.212926110E1
4.180000000E1	5.473528145E1	1.213114578E1
4.184000000E1	5.473360622E1	1.212553278E1
4.188000000E1	5.473126781E1	1.211412205E1
4.192000000E1	5.471992522E1	1.207406796E1
4.196000000E1	5.472788728E1	1.202290602E1
4.200000000E1	5.470362944E1	1.196757233E1
4.204000000E1	5.459525511E1	1.195705540E1
4.208000000E1	5.443473528E1	1.189661700E1
4.212000000E1	5.416998447E1	1.179988645E1
4.216000000E1	5.380876085E1	1.167994301E1
4.220000000E1	5.325423141E1	1.156495585E1
4.224000000E1	5.264128837E1	1.136921943E1
4.228000000E1	5.208308103E1	1.103596721E1
4.232000000E1	5.149904489E1	1.057639446E1
4.236000000E1	5.097433602E1	1.024343715E1
4.240000000E1	5.058952811E1	1.015198137E1
4.244000000E1	5.020724827E1	1.009410095E1
4.248000000E1	4.980579167E1	1.001872204E1
4.252000000E1	4.950337766E1	9.934004198E0
4.256000000E1	4.922622131E1	9.935080785E0
4.260000000E1	4.919142786E1	9.910799890E0
4.264000000E1	4.917715519E1	9.990706310E0
4.268000000E1	4.924447851E1	1.006254149E1
4.272000000E1	4.935685686E1	1.008115086E1
4.276000000E1	4.935993358E1	1.014871239E1
4.280000000E1	4.941425571E1	1.022108034E1
4.284000000E1	4.947445172E1	1.029809057E1
4.288000000E1	4.953265240E1	1.047200470E1
4.292000000E1	4.954349903E1	1.067867385E1
4.296000000E1	4.962530191E1	1.091386775E1
