hand
t	x	y
0.000000000E0	4.451120057E1	1.163959314E1
4.000000000E-2	4.451133294E1	1.163673814E1
8.000000000E-2	4.450834008E1	1.163440829E1
1.200000000E-1	4.450571536E1	1.163636293E1
1.600000000E-1	4.450564717E1	1.163745956E1
2.000000000E-1	4.449651015E1	1.163952332E1
2.400000000E-1	4.448630580E1	1.163904234E1
2.800000000E-1	4.448263837E1	1.164406361E1
3.200000000E-1	4.448782588E1	1.164470618E1
3.600000000E-1	4.444543151E1	1.164764216E1
4.000000000E-1	4.439312208E1	1.167169077E1
4.400000000E-1	4.435939345E1	1.169512509E1
4.800000000E-1	4.434876445E1	1.169734801E1
5.200000000E-1	4.435563233E1	1.173184992E1
5.600000000E-1	4.436888872E1	1.170241828E1
6.000000000E-1	4.436398079E1	1.174869975E1
6.400000000E-1	4.436192972E1	1.178786400E1
6.800000000E-1	4.434357352E1	1.180996323E1
7.200000000E-1	4.427396179E1	1.191233042E1
7.600000000E-1	4.421670691E1	1.194575421E1
8.000000000E-1	4.417211989E1	1.201871183E1
8.400000000E-1	4.412479662E1	1.209741733E1
8.800000000E-1	4.408785307E1	1.214876500E1
9.200000000E-1	4.410189017E1	1.223389575E1
9.600000000E-1	4.425274844E1	1.238119504E1
1.000000000E0	4.453708213E1	1.265500192E1
1.040000000E0	4.506448064E1	1.301436440E1
1.080000000E0	4.589019457E1	1.345672752E1
1.120000000E0	4.703779845E1	1.383465702E1
1.160000000E0	4.832498374E1	1.417341779E1
1.200000000E0	4.986258430E1	1.430872868E1
1.240000000E0	5.143868605E1	1.441887220E1
1.280000000E0	5.298794354E1	1.456533611E1
1.320000000E0	5.620215981E1	1.439067972E1
1.360000000E0	5.604326285E1	1.444383183E1
1.400000000E0	5.745027779E1	1.427634585E1
1.440000000E0	5.876789012E1	1.384854962E1
1.480000000E0	6.006190836E1	1.351697720E1
1.520000000E0	6.129765872E1	1.312365856E1
1.560000000E0	6.233033608E1	1.306337592E1
1.600000000E0	6.323691095E1	1.302080391E1
1.640000000E0	6.414177313E1	1.295839899E1
1.680000000E0	6.489789630E1	1.275179795E1
1.720000000E0	6.556661737E1	1.265110505E1
1.760000000E0	6.605635278E1	1.263740796E1
1.800000000E0	6.640786837E1	1.256509173E1
1.840000000E0	6.665657064E1	1.256480784E1
1.880000000E0	6.681011753E1	1.260636268E1
1.920000000E0	6.669974177E1	1.283571821E1
1.960000000E0	6.621841411E1	1.341605682E1
2.000000000E0	6.518534508E1	1.439021063E1
2.040000000E0	6.362693305E1	1.542792830E1
2.080000000E0	6.148182247E1	1.636102081E1
2.120000000E0	5.885132208E1	1.706455549E1
2.160000000E0	5.600702245E1	1.731828238E1
2.200000000E0	5.303969617E1	1.724936705E1
2.240000000E0	5.035923836E1	1.679713260E1
2.280000000E0	4.806575380E1	1.603384603E1
2.320000000E0	4.624714281E1	1.511720684E1
2.360000000E0	4.488868005E1	1.421071055E1
2.400000000E0	4.390470572E1	1.335396728E1
2.440000000E0	4.327407775E1	1.264488060E1
2.480000000E0	4.295275297E1	1.212163626E1
2.520000000E0	4.286238469E1	1.193799276E1
2.560000000E0	4.290368147E1	1.208017082E1
2.600000000E0	4.312430618E1	1.208522867E1
2.640000000E0	4.334480437E1	1.199014691E1
2.680000000E0	4.346723521E1	1.195792584E1
2.720000000E0	4.347109564E1	1.192139546E1
2.760000000E0	4.343938532E1	1.189746514E1
2.800000000E0	4.335967874E1	1.191712215E1
2.840000000E0	4.330097546E1	1.190170741E1
2.880000000E0	4.325890971E1	1.189103422E1
2.920000000E0	4.318374734E1	1.191702989E1
2.960000000E0	4.317850454E1	1.191275169E1
3.000000000E0	4.316898839E1	1.193517462E1
3.040000000E0	4.316469279E1	1.194088678E1
3.080000000E0	4.316387121E1	1.196705336E1
3.120000000E0	4.317176066E1	1.206392045E1
3.160000000E0	4.331514779E1	1.220642019E1
3.200000000E0	4.377003314E1	1.237352846E1
3.240000000E0	4.456737336E1	1.279211197E1
3.280000000E0	4.571921896E1	1.340427174E1
3.320000000E0	4.724214965E1	1.384377247E1
3.360000000E0	4.897989731E1	1.398446099E1
3.400000000E0	5.083768563E1	1.392344861E1
3.440000000E0	5.264227101E1	1.358830856E1
3.480000000E0	5.424648572E1	1.337503539E1
3.520000000E0	5.585344803E1	1.325279210E1
3.560000000E0	5.724256697E1	1.341676495E1
3.600000000E0	5.864035827E1	1.360241537E1
3.640000000E0	6.005327676E1	1.342186542E1
3.680000000E0	6.142048529E1	1.312490288E1
3.720000000E0	6.264280471E1	1.305445792E1
3.760000000E0	6.381121322E1	1.300016602E1
3.800000000E0	6.475287155E1	1.289229029E1
3.840000000E0	6.558284179E1	1.280409158E1
3.880000000E0	6.622512905E1	1.274571374E1
3.920000000E0	6.698021178E1	1.274347505E1
3.960000000E0	6.697673173E1	1.274779619E1
4.000000000E0	6.701908886E1	1.294909164E1
4.040000000E0	6.666373353E1	1.339550525E1
4.080000000E0	6.583692692E1	1.405791331E1
4.120000000E0	6.446088446E1	1.485730538E1
4.160000000E0	6.267879769E1	1.554860122E1
4.200000000E0	6.046683151E1	1.606333769E1
4.240000000E0	5.797082503E1	1.639768547E1
4.280000000E0	5.540514548E1	1.640214450E1
4.320000000E0	5.307475236E1	1.603516917E1
4.360000000E0	5.098763459E1	1.547704385E1
4.400000000E0	4.929873175E1	1.479469873E1
4.440000000E0	4.793957416E1	1.398886279E1
4.480000000E0	4.690666710E1	1.337816522E1
4.520000000E0	4.624518352E1	1.276927146E1
4.560000000E0	4.586208221E1	1.240857806E1
4.600000000E0	4.566040503E1	1.231198464E1
4.640000000E0	4.580662286E1	1.220292002E1
4.680000000E0	4.581415226E1	1.219884199E1
4.720000000E0	4.587491781E1	1.222988034E1
4.760000000E0	4.588436135E1	1.228185791E1
4.800000000E0	4.584186819E1	1.231790355E1
4.840000000E0	4.579749817E1	1.232901220E1
4.880000000E0	4.573175145E1	1.235039648E1
4.920000000E0	4.570151630E1	1.233751203E1
4.960000000E0	4.568247600E1	1.231975536E1
5.000000000E0	4.569486944E1	1.229441347E1
5.040000000E0	4.569866264E1	1.230587993E1
5.080000000E0	4.569938221E1	1.231947560E1
5.120000000E0	4.569976905E1	1.232893522E1
5.160000000E0	4.570000183E1	1.233574641E1
5.200000000E0	4.571124806E1	1.234440099E1
5.240000000E0	4.584666585E1	1.237417995E1
5.280000000E0	4.616800431E1	1.250943378E1
5.320000000E0	4.677035831E1	1.277113628E1
5.360000000E0	4.770750204E1	1.307566397E1
5.400000000E0	4.894712909E1	1.324432607E1
5.440000000E0	5.043918565E1	1.312471368E1
5.480000000E0	5.202979050E1	1.301667230E1
5.520000000E0	5.362518016E1	1.290378292E1
5.560000000E0	5.520243577E1	1.292782769E1
5.600000000E0	5.669865252E1	1.310892672E1
5.640000000E0	5.813559286E1	1.328116713E1
5.680000000E0	5.959868264E1	1.329934904E1
5.720000000E0	6.106307323E1	1.320710976E1
5.760000000E0	6.247702093E1	1.318475816E1
5.800000000E0	6.382263929E1	1.309794732E1
5.840000000E0	6.500529119E1	1.298875130E1
5.880000000E0	6.596315761E1	1.295888674E1
5.920000000E0	6.671031334E1	1.291585118E1
5.960000000E0	6.717251882E1	1.293940830E1
6.000000000E0	6.723856452E1	1.309600879E1
6.040000000E0	6.623904392E1	1.384359257E1
6.080000000E0	6.623599211E1	1.384247680E1
6.120000000E0	6.516633173E1	1.440071932E1
6.160000000E0	6.368066575E1	1.498425121E1
6.200000000E0	6.184864485E1	1.550026290E1
6.240000000E0	5.965247694E1	1.584080303E1
6.280000000E0	5.720301542E1	1.590621162E1
6.320000000E0	5.469129302E1	1.567881226E1
6.360000000E0	5.227616446E1	1.524200880E1
6.400000000E0	5.003277235E1	1.471378682E1
6.440000000E0	4.806983558E1	1.415946968E1
6.480000000E0	4.632596043E1	1.361481936E1
6.520000000E0	4.482495715E1	1.307768600E1
6.560000000E0	4.367797131E1	1.236387628E1
6.600000000E0	4.297587798E1	1.191265567E1
6.640000000E0	4.275362522E1	1.164319883E1
6.680000000E0	4.286456743E1	1.155637570E1
6.720000000E0	4.314704466E1	1.165317597E1
6.760000000E0	4.339960021E1	1.177328411E1
6.800000000E0	4.359750672E1	1.190569022E1
6.840000000E0	4.369347726E1	1.200453039E1
6.880000000E0	4.368565176E1	1.206290555E1
6.920000000E0	4.364915059E1	1.207011170E1
6.960000000E0	4.354434082E1	1.200164068E1
7.000000000E0	4.355990542E1	1.201358229E1
7.040000000E0	4.350842679E1	1.202667440E1
7.080000000E0	4.346215033E1	1.201563121E1
7.120000000E0	4.345893236E1	1.202153249E1
7.160000000E0	4.345603726E1	1.201786167E1
7.200000000E0	4.345897208E1	1.204163359E1
7.240000000E0	4.346041419E1	1.205385607E1
7.280000000E0	4.345799198E1	1.205596387E1
7.320000000E0	4.345636093E1	1.205719588E1
7.360000000E0	4.345034284E1	1.205672762E1
7.400000000E0	4.344345302E1	1.205611610E1
7.440000000E0	4.344197377E1	1.206198155E1
7.480000000E0	4.343788364E1	1.206840634E1
7.520000000E0	4.344303875E1	1.208149019E1
7.560000000E0	4.344987291E1	1.211438519E1
7.600000000E0	4.353284681E1	1.218093555E1
7.640000000E0	4.355170705E1	1.219235803E1
7.680000000E0	4.361610454E1	1.226762423E1
7.720000000E0	4.389851008E1	1.239038750E1
7.760000000E0	4.449448713E1	1.266083608E1
7.800000000E0	4.554891390E1	1.309891149E1
7.840000000E0	4.716771766E1	1.349360457E1
7.880000000E0	4.928667769E1	1.353307956E1
7.920000000E0	5.150031071E1	1.338912243E1
7.960000000E0	5.386367816E1	1.317217420E1
8.000000000E0	5.591325497E1	1.322942479E1
8.040000000E0	5.779949328E1	1.355980171E1
8.080000000E0	5.969523921E1	1.369046962E1
8.120000000E0	6.152411428E1	1.337701309E1
8.160000000E0	6.322008737E1	1.304195809E1
8.200000000E0	6.469072042E1	1.294252546E1
8.240000000E0	6.586751444E1	1.292528000E1
8.280000000E0	6.678637871E1	1.284138865E1
8.320000000E0	6.736714173E1	1.282253882E1
8.360000000E0	6.752167258E1	1.304705317E1
8.400000000E0	6.719521723E1	1.341837069E1
8.440000000E0	6.627911029E1	1.408624933E1
8.480000000E0	6.490161229E1	1.479478449E1
8.520000000E0	6.306094860E1	1.546078037E1
8.560000000E0	6.082461551E1	1.597164501E1
8.600000000E0	5.829432051E1	1.627072227E1
8.640000000E0	5.562414369E1	1.623407697E1
8.680000000E0	5.300408355E1	1.582099140E1
8.720000000E0	4.815058875E1	1.434910658E1
8.760000000E0	4.804925062E1	1.428352760E1
8.800000000E0	4.607443248E1	1.343864602E1
8.840000000E0	4.452557955E1	1.258703456E1
8.880000000E0	4.345939862E1	1.216711911E1
8.920000000E0	4.281005428E1	1.203867220E1
8.960000000E0	4.270791184E1	1.176969261E1
9.000000000E0	4.307687483E1	1.173619019E1
9.040000000E0	4.308653875E1	1.173708984E1
9.080000000E0	4.327995932E1	1.186425128E1
9.120000000E0	4.342970701E1	1.194813765E1
9.160000000E0	4.347056972E1	1.203658168E1
9.200000000E0	4.343472718E1	1.205625841E1
9.240000000E0	4.339167274E1	1.204838446E1
9.280000000E0	4.330146638E1	1.204340734E1
9.320000000E0	4.324408511E1	1.202837635E1
9.360000000E0	4.320510243E1	1.199808680E1
9.400000000E0	4.316137076E1	1.200511099E1
9.440000000E0	4.313971174E1	1.201275028E1
9.480000000E0	4.317765635E1	1.202784050E1
9.520000000E0	4.330245489E1	1.217718691E1
9.560000000E0	4.352902665E1	1.227949627E1
9.600000000E0	4.398687496E1	1.232526894E1
9.640000000E0	4.398995347E1	1.232177375E1
9.680000000E0	4.400945646E1	1.230962120E1
9.720000000E0	4.398833386E1	1.229483335E1
9.760000000E0	4.391956180E1	1.231169598E1
9.800000000E0	4.388006901E1	1.232071734E1
9.840000000E0	4.387001807E1	1.233107604E1
9.880000000E0	4.386417886E1	1.233785139E1
9.920000000E0	4.385201422E1	1.232826625E1
9.960000000E0	4.383929229E1	1.231912931E1
1.000000000E1	4.384193429E1	1.234043844E1
1.004000000E1	4.384419223E1	1.234000423E1
1.008000000E1	4.387880176E1	1.236709092E1
1.012000000E1	4.402651649E1	1.247137392E1
1.016000000E1	4.439236598E1	1.264600019E1
1.020000000E1	4.504204456E1	1.298467855E1
1.024000000E1	4.606275457E1	1.340762951E1
1.028000000E1	4.748960188E1	1.365348501E1
1.032000000E1	4.922542765E1	1.371690545E1
1.036000000E1	5.120632310E1	1.370555293E1
1.040000000E1	5.327117538E1	1.353593076E1
1.044000000E1	5.524884380E1	1.324708141E1
1.048000000E1	5.711016771E1	1.303985526E1
1.052000000E1	5.887209611E1	1.309377822E1
1.056000000E1	6.063878605E1	1.308330430E1
1.060000000E1	6.233632880E1	1.294643184E1
1.064000000E1	6.380335462E1	1.284807788E1
1.068000000E1	6.501117534E1	1.288495618E1
1.072000000E1	6.587053960E1	1.290029766E1
1.076000000E1	6.621946415E1	1.303205406E1
1.080000000E1	6.615333372E1	1.326163728E1
1.084000000E1	6.565319581E1	1.368600382E1
1.088000000E1	6.468488847E1	1.425086417E1
1.092000000E1	6.331709607E1	1.485975877E1
1.096000000E1	6.148357183E1	1.544524808E1
1.100000000E1	5.936362431E1	1.589766293E1
1.104000000E1	5.705136099E1	1.615750868E1
1.108000000E1	5.465148637E1	1.608300041E1
1.112000000E1	5.229159063E1	1.572315248E1
1.116000000E1	5.017465042E1	1.522096785E1
1.120000000E1	4.827654943E1	1.458980439E1
1.124000000E1	4.671300777E1	1.379698406E1
1.128000000E1	4.541054311E1	1.308376164E1
1.132000000E1	4.441581105E1	1.269151614E1
1.136000000E1	4.379571715E1	1.248742276E1
1.140000000E1	4.357125166E1	1.232629460E1
1.144000000E1	4.368618282E1	1.220296662E1
1.148000000E1	4.388037978E1	1.218256513E1
1.152000000E1	4.411941567E1	1.217870942E1
1.156000000E1	4.429508732E1	1.220448795E1
1.160000000E1	4.431992014E1	1.228663979E1
1.164000000E1	4.431193982E1	1.234091173E1
1.168000000E1	4.426270875E1	1.233873528E1
1.172000000E1	4.417209818E1	1.235001118E1
1.176000000E1	4.413157216E1	1.233726772E1
1.180000000E1	4.407164887E1	1.234515587E1
1.184000000E1	4.404380372E1	1.234293431E1
1.188000000E1	4.403616805E1	1.234285477E1
1.192000000E1	4.404009500E1	1.234933256E1
1.196000000E1	4.403276220E1	1.234833847E1
1.200000000E1	4.401943360E1	1.234131204E1
1.204000000E1	4.401035260E1	1.234184555E1
1.208000000E1	4.400481220E1	1.234206847E1
1.212000000E1	4.400359826E1	1.234241577E1
1.216000000E1	4.400454342E1	1.234557650E1
1.220000000E1	4.403935701E1	1.239833614E1
1.224000000E1	4.416164430E1	1.247561844E1
1.228000000E1	4.433035834E1	1.250129401E1
1.232000000E1	4.458648322E1	1.253461158E1
1.236000000E1	4.488964437E1	1.264121904E1
1.240000000E1	4.540476041E1	1.288577730E1
1.244000000E1	4.638317592E1	1.309909577E1
1.248000000E1	4.770067745E1	1.337429331E1
1.252000000E1	4.926080504E1	1.370529595E1
1.256000000E1	5.104055236E1	1.401457752E1
1.260000000E1	5.298217661E1	1.405143777E1
1.264000000E1	5.483660397E1	1.407835086E1
1.268000000E1	5.671576220E1	1.397352623E1
1.272000000E1	5.843886452E1	1.368923776E1
1.276000000E1	5.997723795E1	1.354389684E1
1.280000000E1	6.146640985E1	1.340886934E1
1.284000000E1	6.274087568E1	1.337242823E1
1.288000000E1	6.381685567E1	1.337274395E1
1.292000000E1	6.478911273E1	1.333958700E1
1.296000000E1	6.557172644E1	1.327876806E1
1.300000000E1	6.604806141E1	1.318591428E1
1.304000000E1	6.630427013E1	1.317684468E1
1.308000000E1	6.625568970E1	1.324175089E1
1.312000000E1	6.586279863E1	1.340562666E1
1.316000000E1	6.502860731E1	1.381453707E1
1.320000000E1	6.376714419E1	1.434945827E1
1.324000000E1	6.211908915E1	1.488733364E1
1.328000000E1	6.010378767E1	1.534616305E1
1.332000000E1	5.785294117E1	1.550334017E1
1.336000000E1	5.551102192E1	1.537247160E1
1.340000000E1	5.310274280E1	1.512767758E1
1.344000000E1	5.092203470E1	1.475436929E1
1.348000000E1	4.898382161E1	1.433635292E1
1.352000000E1	4.734817550E1	1.378562317E1
1.356000000E1	4.609666318E1	1.310792809E1
1.360000000E1	4.521058731E1	1.239848779E1
1.364000000E1	4.462158141E1	1.215979932E1
1.368000000E1	4.435825869E1	1.206629015E1
1.372000000E1	4.435578958E1	1.200025655E1
1.376000000E1	4.449942873E1	1.198635718E1
1.380000000E1	4.466480334E1	1.201660060E1
1.384000000E1	4.478286119E1	1.205866681E1
1.388000000E1	4.479012946E1	1.208577114E1
1.392000000E1	4.474730996E1	1.206546282E1
1.396000000E1	4.462455155E1	1.205101450E1
1.400000000E1	4.461903568E1	1.204903387E1
1.404000000E1	4.460955364E1	1.204979619E1
1.408000000E1	4.460341412E1	1.205114246E1
1.412000000E1	4.460030221E1	1.204674339E1
1.416000000E1	4.459802837E1	1.204352922E1
1.420000000E1	4.459954004E1	1.204417490E1
1.424000000E1	4.460088592E1	1.204943287E1
1.428000000E1	4.459981222E1	1.204872939E1
1.432000000E1	4.459918233E1	1.204733984E1
1.436000000E1	4.460093824E1	1.204939366E1
1.440000000E1	4.460260827E1	1.205570830E1
1.444000000E1	4.463300762E1	1.210335707E1
1.448000000E1	4.473455573E1	1.217885042E1
1.452000000E1	4.488977065E1	1.221648408E1
1.456000000E1	4.505511780E1	1.229308916E1
1.460000000E1	4.539357706E1	1.245339520E1
1.464000000E1	4.609450919E1	1.277721833E1
1.468000000E1	4.726377945E1	1.312208270E1
1.472000000E1	4.879967637E1	1.332043826E1
1.476000000E1	5.060954272E1	1.333194108E1
1.480000000E1	5.254660241E1	1.329976730E1
1.484000000E1	5.446126027E1	1.310220912E1
1.488000000E1	5.629371411E1	1.302434266E1
1.492000000E1	5.809964203E1	1.296182311E1
1.496000000E1	5.974355363E1	1.298519801E1
1.500000000E1	6.124147810E1	1.304861025E1
1.504000000E1	6.266128833E1	1.302361237E1
1.508000000E1	6.392063155E1	1.301365198E1
1.512000000E1	6.501645447E1	1.303617649E1
1.516000000E1	6.593678716E1	1.304431282E1
1.520000000E1	6.663690895E1	1.304052112E1
1.524000000E1	6.710278294E1	1.305517827E1
1.528000000E1	6.720137315E1	1.317781095E1
1.532000000E1	6.682229818E1	1.349734521E1
1.536000000E1	6.606181406E1	1.395180646E1
1.540000000E1	6.497047063E1	1.444028674E1
1.544000000E1	6.345106330E1	1.486969883E1
1.548000000E1	6.155711501E1	1.527693136E1
1.552000000E1	5.940976621E1	1.544738786E1
1.556000000E1	5.696031045E1	1.542900357E1
1.560000000E1	5.431272275E1	1.516279868E1
1.564000000E1	5.167109114E1	1.470489019E1
1.568000000E1	4.924704177E1	1.412283089E1
1.572000000E1	4.716037569E1	1.349085908E1
1.576000000E1	4.556676108E1	1.282240160E1
1.580000000E1	4.436891856E1	1.238753005E1
1.584000000E1	4.357178644E1	1.222728643E1
1.588000000E1	4.323608310E1	1.206650795E1
1.592000000E1	4.322255347E1	1.201258391E1
1.596000000E1	4.338747228E1	1.204766561E1
1.600000000E1	4.361990074E1	1.210920432E1
1.604000000E1	4.381825997E1	1.216320137E1
1.608000000E1	4.395822295E1	1.224357627E1
1.612000000E1	4.395634096E1	1.228192430E1
1.616000000E1	4.391402526E1	1.229697357E1
1.620000000E1	4.383972786E1	1.227352678E1
1.624000000E1	4.379211771E1	1.222490940E1
1.628000000E1	4.373815492E1	1.221972094E1
1.632000000E1	4.372226972E1	1.220998562E1
1.636000000E1	4.372018485E1	1.220646018E1
1.640000000E1	4.372195017E1	1.220934995E1
1.644000000E1	4.371763860E1	1.220565543E1
1.648000000E1	4.371328394E1	1.220312922E1
1.652000000E1	4.370672820E1	1.220110397E1
1.656000000E1	4.370029430E1	1.219522424E1
1.660000000E1	4.371770288E1	1.225810406E1
1.664000000E1	4.371443733E1	1.223929553E1
1.668000000E1	4.383093030E1	1.232269064E1
1.672000000E1	4.401117543E1	1.239731288E1
1.676000000E1	4.431167214E1	1.249140380E1
1.680000000E1	4.477936598E1	1.276690983E1
1.684000000E1	4.553826899E1	1.311070476E1
1.688000000E1	4.656463324E1	1.343185647E1
1.692000000E1	4.780296875E1	1.367338284E1
1.696000000E1	4.915435424E1	1.382909881E1
1.700000000E1	5.057952687E1	1.381778534E1
1.704000000E1	5.202302070E1	1.365966725E1
1.708000000E1	5.342339540E1	1.350190363E1
1.712000000E1	5.476637314E1	1.324024626E1
1.716000000E1	5.609907493E1	1.292381393E1
1.720000000E1	5.747541262E1	1.277767333E1
1.724000000E1	5.892094083E1	1.291734101E1
1.728000000E1	6.044582576E1	1.302023235E1
1.732000000E1	6.200699413E1	1.290022961E1
1.736000000E1	6.345636138E1	1.272922535E1
1.740000000E1	6.473249911E1	1.273778967E1
1.744000000E1	6.577360040E1	1.271142571E1
1.748000000E1	6.647940838E1	1.272605843E1
1.752000000E1	6.676526271E1	1.286484456E1
1.756000000E1	6.665278773E1	1.310733785E1
1.760000000E1	6.616029721E1	1.346854800E1
1.764000000E1	6.524110151E1	1.402419139E1
1.768000000E1	6.375360662E1	1.467634628E1
1.772000000E1	6.180256110E1	1.528862952E1
1.776000000E1	5.945710464E1	1.583888571E1
1.780000000E1	5.674396636E1	1.610939835E1
1.784000000E1	5.392157543E1	1.613208850E1
1.788000000E1	5.123693481E1	1.590497713E1
1.792000000E1	4.881947249E1	1.546328383E1
1.796000000E1	4.683359519E1	1.487132403E1
1.800000000E1	4.531309421E1	1.428670738E1
1.804000000E1	4.426554373E1	1.365126669E1
1.808000000E1	4.373398600E1	1.296199995E1
1.812000000E1	4.353553723E1	1.264007028E1
1.816000000E1	4.361390578E1	1.261744507E1
1.820000000E1	4.388573576E1	1.250768902E1
1.824000000E1	4.412656393E1	1.243838735E1
1.828000000E1	4.419533565E1	1.245959441E1
1.832000000E1	4.417670652E1	1.247269330E1
1.836000000E1	4.412394487E1	1.245747323E1
1.840000000E1	4.401628209E1	1.245086852E1
1.844000000E1	4.397528955E1	1.244179934E1
1.848000000E1	4.396031690E1	1.244244428E1
1.852000000E1	4.395921545E1	1.244382052E1
1.856000000E1	4.396110692E1	1.245081159E1
1.860000000E1	4.397112588E1	1.245972006E1
1.864000000E1	4.397944343E1	1.246447692E1
1.868000000E1	4.398323560E1	1.246947379E1
1.872000000E1	4.398582075E1	1.247298457E1
1.876000000E1	4.397605847E1	1.247102072E1
1.880000000E1	4.396559551E1	1.246878236E1
1.884000000E1	4.397288084E1	1.246754584E1
1.888000000E1	4.397789367E1	1.246759163E1
1.892000000E1	4.398239153E1	1.247300680E1
1.896000000E1	4.398655708E1	1.247741838E1
1.900000000E1	4.398295630E1	1.248483637E1
1.904000000E1	4.402161339E1	1.253312734E1
1.908000000E1	4.401824591E1	1.251709130E1
1.912000000E1	4.416429436E1	1.259142885E1
1.916000000E1	4.443398160E1	1.263312838E1
1.920000000E1	4.483948455E1	1.277901384E1
1.924000000E1	4.547246016E1	1.295415674E1
1.928000000E1	4.636221887E1	1.308155866E1
1.932000000E1	4.746022179E1	1.316795366E1
1.936000000E1	4.876923725E1	1.328489764E1
1.940000000E1	5.015220075E1	1.349083216E1
1.944000000E1	5.174958868E1	1.349833836E1
1.948000000E1	5.340090140E1	1.342982851E1
1.952000000E1	5.494909896E1	1.346211769E1
1.956000000E1	5.662686499E1	1.352125752E1
1.960000000E1	5.832042193E1	1.347887759E1
1.964000000E1	6.005520100E1	1.334108031E1
1.968000000E1	6.172475116E1	1.320783769E1
1.972000000E1	6.334978275E1	1.296780394E1
1.976000000E1	6.470186872E1	1.289608506E1
1.980000000E1	6.584409988E1	1.283872988E1
1.984000000E1	6.660065451E1	1.283044266E1
1.988000000E1	6.691076033E1	1.297642004E1
1.992000000E1	6.668869334E1	1.328964720E1
1.996000000E1	6.593170636E1	1.378999037E1
2.000000000E1	6.483384596E1	1.430026249E1
2.004000000E1	6.337277796E1	1.478763503E1
2.008000000E1	6.152064258E1	1.527428748E1
2.012000000E1	5.947420209E1	1.568835540E1
2.016000000E1	5.499720891E1	1.591244747E1
2.020000000E1	5.511762992E1	1.552429514E1
2.024000000E1	5.291167509E1	1.535877970E1
2.028000000E1	5.088601513E1	1.497583324E1
2.032000000E1	4.902429578E1	1.461666294E1
2.036000000E1	4.748276010E1	1.421835340E1
2.040000000E1	4.628760345E1	1.383262275E1
2.044000000E1	4.538417918E1	1.344008961E1
2.048000000E1	4.483643132E1	1.287684623E1
2.052000000E1	4.449250349E1	1.239727838E1
2.056000000E1	4.442685264E1	1.210657170E1
2.060000000E1	4.445067220E1	1.209608349E1
2.064000000E1	4.461404074E1	1.207145935E1
2.068000000E1	4.480852195E1	1.249527099E1
2.072000000E1	4.484192181E1	1.249988409E1
2.076000000E1	4.481870390E1	1.249606877E1
2.080000000E1	4.479774956E1	1.248008690E1
2.084000000E1	4.470801585E1	1.246420574E1
2.088000000E1	4.466141684E1	1.243682231E1
2.092000000E1	4.465176696E1	1.244144409E1
2.096000000E1	4.465276172E1	1.245280490E1
2.100000000E1	4.465327861E1	1.246213355E1
2.104000000E1	4.465404907E1	1.246677193E1
2.108000000E1	4.465415052E1	1.246131314E1
2.112000000E1	4.465578649E1	1.247675858E1
2.116000000E1	4.465587569E1	1.248003056E1
2.120000000E1	4.465234015E1	1.248062175E1
2.124000000E1	4.464933557E1	1.248168365E1
2.128000000E1	4.466111788E1	1.249482386E1
2.132000000E1	4.480342539E1	1.254357575E1
2.136000000E1	4.515133683E1	1.272532944E1
2.140000000E1	4.586296929E1	1.307797108E1
2.144000000E1	4.689234962E1	1.347270834E1
2.148000000E1	4.810974449E1	1.360219971E1
2.152000000E1	4.940837672E1	1.354066465E1
2.156000000E1	5.078075116E1	1.350745222E1
2.160000000E1	5.216438223E1	1.349882622E1
2.164000000E1	5.353124009E1	1.349068430E1
2.168000000E1	5.485632669E1	1.338127718E1
2.172000000E1	5.607897038E1	1.327442669E1
2.176000000E1	5.730074495E1	1.318582482E1
2.180000000E1	5.852469938E1	1.317349398E1
2.184000000E1	5.978682670E1	1.319022112E1
2.188000000E1	6.109536593E1	1.317772965E1
2.192000000E1	6.245510048E1	1.311464995E1
2.196000000E1	6.370659081E1	1.298261226E1
2.200000000E1	6.482579454E1	1.287069640E1
2.204000000E1	6.568860527E1	1.289486732E1
2.208000000E1	6.629326761E1	1.294923876E1
2.212000000E1	6.662579654E1	1.298972500E1
2.216000000E1	6.667892830E1	1.299043100E1
2.220000000E1	6.641315922E1	1.305606012E1
2.224000000E1	6.576757818E1	1.328156494E1
2.228000000E1	6.461758168E1	1.367787736E1
2.232000000E1	6.306570283E1	1.417589359E1
2.236000000E1	6.114214608E1	1.473783616E1
2.240000000E1	5.902113006E1	1.505862691E1
2.244000000E1	5.667412708E1	1.534368294E1
2.248000000E1	5.437141999E1	1.536089550E1
2.252000000E1	5.214517513E1	1.521910759E1
2.256000000E1	5.009849291E1	1.496762622E1
2.260000000E1	4.836378734E1	1.461693705E1
2.264000000E1	4.691211663E1	1.418926024E1
2.268000000E1	4.586864118E1	1.364430158E1
2.272000000E1	4.514474737E1	1.322000364E1
2.276000000E1	4.468459108E1	1.289354420E1
2.280000000E1	4.445438364E1	1.272720941E1
2.284000000E1	4.450180731E1	1.258326618E1
2.288000000E1	4.450606131E1	1.259375595E1
2.292000000E1	4.466966096E1	1.259956754E1
2.296000000E1	4.477690615E1	1.263140151E1
2.300000000E1	4.480815592E1	1.266376902E1
2.304000000E1	4.479245627E1	1.265917053E1
2.308000000E1	4.471117811E1	1.265317781E1
2.312000000E1	4.466721665E1	1.263970873E1
2.316000000E1	4.464859377E1	1.263108272E1
2.320000000E1	4.465019798E1	1.263501728E1
2.324000000E1	4.465147114E1	1.263806540E1
2.328000000E1	4.464989766E1	1.263794908E1
2.332000000E1	4.464851345E1	1.263797040E1
2.336000000E1	4.464917202E1	1.264461155E1
2.340000000E1	4.465292179E1	1.264657346E1
2.344000000E1	4.465394045E1	1.264203452E1
2.348000000E1	4.465373988E1	1.263873069E1
2.352000000E1	4.465383508E1	1.263794189E1
2.356000000E1	4.465400215E1	1.263767107E1
2.360000000E1	4.465166376E1	1.263521722E1
2.364000000E1	4.465115474E1	1.263377603E1
2.368000000E1	4.465123048E1	1.263476117E1
2.372000000E1	4.465039399E1	1.263515987E1
2.376000000E1	4.465379688E1	1.264327467E1
2.380000000E1	4.465597460E1	1.264580162E1
2.384000000E1	4.465801383E1	1.265258973E1
2.388000000E1	4.466213964E1	1.266576333E1
2.392000000E1	4.477066895E1	1.268351929E1
2.396000000E1	4.491083562E1	1.268823974E1
2.400000000E1	4.521095412E1	1.281114528E1
2.404000000E1	4.580507501E1	1.302117994E1
2.408000000E1	4.686447729E1	1.326054806E1
2.412000000E1	4.819701575E1	1.345079401E1
2.416000000E1	4.973241482E1	1.354577279E1
2.420000000E1	5.143374909E1	1.355433007E1
2.424000000E1	5.323477181E1	1.354678430E1
2.428000000E1	5.510885456E1	1.338965721E1
2.432000000E1	5.692496382E1	1.318351159E1
2.436000000E1	5.867095711E1	1.305554884E1
2.440000000E1	6.039266094E1	1.306281741E1
2.444000000E1	6.197431020E1	1.307857377E1
2.448000000E1	6.340978809E1	1.310153322E1
2.452000000E1	6.468676767E1	1.305089127E1
2.456000000E1	6.576086758E1	1.294078036E1
2.460000000E1	6.661063489E1	1.289154467E1
2.464000000E1	6.721066982E1	1.279805593E1
2.468000000E1	6.726588709E1	1.287567336E1
2.472000000E1	6.682043747E1	1.317660425E1
2.476000000E1	6.591532287E1	1.353679648E1
2.480000000E1	6.459374861E1	1.393656890E1
2.484000000E1	6.294762592E1	1.428657918E1
2.488000000E1	6.097557831E1	1.443009120E1
2.492000000E1	5.874168338E1	1.444458012E1
2.496000000E1	5.642172045E1	1.442135215E1
2.500000000E1	5.406140547E1	1.416158065E1
2.504000000E1	5.182022224E1	1.382589035E1
2.508000000E1	4.981803706E1	1.346315544E1
2.512000000E1	4.811895358E1	1.307212715E1
2.516000000E1	4.680525204E1	1.290514782E1
2.520000000E1	4.591099672E1	1.281956538E1
2.524000000E1	4.534495888E1	1.264204791E1
2.528000000E1	4.509637705E1	1.249854205E1
2.532000000E1	4.507356074E1	1.241644721E1
2.536000000E1	4.512476776E1	1.239265723E1
2.540000000E1	4.521952235E1	1.238419746E1
2.544000000E1	4.527883963E1	1.242125669E1
2.548000000E1	4.527730120E1	1.244975986E1
2.552000000E1	4.525149417E1	1.245284036E1
2.556000000E1	4.521783034E1	1.244709275E1
2.560000000E1	4.518817599E1	1.243091956E1
2.564000000E1	4.517036001E1	1.244937457E1
2.568000000E1	4.514437715E1	1.245355771E1
2.572000000E1	4.512992378E1	1.245833515E1
2.576000000E1	4.512678046E1	1.247171631E1
2.580000000E1	4.512448842E1	1.247903778E1
2.584000000E1	4.511942444E1	1.247919559E1
2.588000000E1	4.511595887E1	1.247943308E1
2.592000000E1	4.511659330E1	1.248894645E1
2.596000000E1	4.514119194E1	1.249903534E1
2.600000000E1	4.526732847E1	1.251515783E1
2.604000000E1	4.554000430E1	1.257429018E1
2.608000000E1	4.601258407E1	1.266886859E1
2.612000000E1	4.675413331E1	1.284252177E1
2.616000000E1	4.783245715E1	1.293397579E1
2.620000000E1	4.910882174E1	1.279581676E1
2.624000000E1	5.046968552E1	1.272906578E1
2.628000000E1	5.196375503E1	1.271637110E1
2.632000000E1	5.347560817E1	1.289427400E1
2.636000000E1	5.503490394E1	1.319127937E1
2.640000000E1	5.671246652E1	1.333616462E1
2.644000000E1	5.837892664E1	1.335522307E1
2.648000000E1	6.003102424E1	1.332510375E1
2.652000000E1	6.162086338E1	1.321514390E1
2.656000000E1	6.305814342E1	1.307097864E1
2.660000000E1	6.429241952E1	1.294905270E1
2.664000000E1	6.532691429E1	1.288542142E1
2.668000000E1	6.616844908E1	1.288624034E1
2.672000000E1	6.671675952E1	1.289666806E1
2.676000000E1	6.691069104E1	1.295423433E1
2.680000000E1	6.667761813E1	1.317365174E1
2.684000000E1	6.606213719E1	1.341231464E1
2.688000000E1	6.504537333E1	1.380250313E1
2.692000000E1	6.366734248E1	1.414535159E1
2.696000000E1	6.187430495E1	1.455989676E1
2.700000000E1	5.975378268E1	1.488137567E1
2.704000000E1	5.733426167E1	1.507749317E1
2.708000000E1	5.465214978E1	1.511536303E1
2.712000000E1	5.194986257E1	1.499747351E1
2.716000000E1	4.937933323E1	1.466881806E1
2.720000000E1	4.711431276E1	1.424318628E1
2.724000000E1	4.536610979E1	1.357236658E1
2.728000000E1	4.410220587E1	1.274682227E1
2.732000000E1	4.342884036E1	1.219357666E1
2.736000000E1	4.318723804E1	1.195592183E1
2.740000000E1	4.330553534E1	1.186744808E1
2.744000000E1	4.355614811E1	1.198480842E1
2.748000000E1	4.379678160E1	1.217174350E1
2.752000000E1	4.395488690E1	1.225308975E1
2.756000000E1	4.401429475E1	1.233927609E1
2.760000000E1	4.398677353E1	1.237002212E1
2.764000000E1	4.394193126E1	1.238148514E1
2.768000000E1	4.390083632E1	1.235093059E1
2.772000000E1	4.382778370E1	1.234555863E1
2.776000000E1	4.376846393E1	1.234242126E1
2.780000000E1	4.374601262E1	1.233858525E1
2.784000000E1	4.372786360E1	1.233961331E1
2.788000000E1	4.373514007E1	1.234110039E1
2.792000000E1	4.374853985E1	1.235343744E1
2.796000000E1	4.375569921E1	1.236631533E1
2.800000000E1	4.376099309E1	1.240279916E1
2.804000000E1	4.377019124E1	1.242768968E1
2.808000000E1	4.382391139E1	1.246275870E1
2.812000000E1	4.389439989E1	1.247332453E1
2.816000000E1	4.401373002E1	1.251176752E1
2.820000000E1	4.423143065E1	1.265462125E1
2.824000000E1	4.470273398E1	1.283870995E1
2.828000000E1	4.659821881E1	1.330924309E1
2.832000000E1	4.660395316E1	1.327577349E1
2.836000000E1	4.801089385E1	1.341041524E1
2.840000000E1	4.966471046E1	1.350690404E1
2.844000000E1	5.143788890E1	1.354456510E1
2.848000000E1	5.323305614E1	1.358842657E1
2.852000000E1	5.508077844E1	1.340378009E1
2.856000000E1	5.691033770E1	1.322628681E1
2.860000000E1	5.860330852E1	1.320873812E1
2.864000000E1	6.015971161E1	1.329250354E1
2.868000000E1	6.161254956E1	1.332287100E1
2.872000000E1	6.299314994E1	1.324213232E1
2.876000000E1	6.424083894E1	1.312130264E1
2.880000000E1	6.528722493E1	1.306839378E1
2.884000000E1	6.612484107E1	1.306127831E1
2.888000000E1	6.665931852E1	1.300218947E1
2.892000000E1	6.687822970E1	1.305641990E1
2.896000000E1	6.675284328E1	1.322491576E1
2.900000000E1	6.624910670E1	1.356190076E1
2.904000000E1	6.538077981E1	1.395694260E1
2.908000000E1	6.413573560E1	1.443093466E1
2.912000000E1	6.251206139E1	1.491333714E1
2.916000000E1	6.055385296E1	1.536695453E1
2.920000000E1	5.836910317E1	1.562627464E1
2.924000000E1	5.610810787E1	1.565917097E1
2.928000000E1	5.381093365E1	1.551868214E1
2.932000000E1	5.162897065E1	1.526188913E1
2.936000000E1	4.962932229E1	1.491405617E1
2.940000000E1	4.786817876E1	1.436858878E1
2.944000000E1	4.645678885E1	1.367790249E1
2.948000000E1	4.537639803E1	1.294616204E1
2.952000000E1	4.466906572E1	1.264703766E1
2.956000000E1	4.425950343E1	1.253058531E1
2.960000000E1	4.431979962E1	1.238702591E1
2.964000000E1	4.432906385E1	1.237744222E1
2.968000000E1	4.451241673E1	1.237479199E1
2.972000000E1	4.467269438E1	1.239789496E1
2.976000000E1	4.477772284E1	1.243738015E1
2.980000000E1	4.479129054E1	1.246710339E1
2.984000000E1	4.477247276E1	1.246766075E1
2.988000000E1	4.474285166E1	1.246519110E1
2.992000000E1	4.469181620E1	1.246968573E1
2.996000000E1	4.466148493E1	1.246173055E1
3.000000000E1	4.464853959E1	1.245630536E1
3.004000000E1	4.464900065E1	1.247008512E1
3.008000000E1	4.464943284E1	1.247935012E1
3.012000000E1	4.466015403E1	1.248840693E1
3.016000000E1	4.467220911E1	1.249062772E1
3.020000000E1	4.479514643E1	1.248887973E1
3.024000000E1	4.503495988E1	1.251579748E1
3.028000000E1	4.631426311E1	1.318300755E1
3.032000000E1	4.631333652E1	1.320248519E1
3.036000000E1	4.758323393E1	1.339877914E1
3.040000000E1	4.913679251E1	1.374410358E1
3.044000000E1	5.080280763E1	1.383385054E1
3.048000000E1	5.259547846E1	1.371901292E1
3.052000000E1	5.430313899E1	1.343378391E1
3.056000000E1	5.586374775E1	1.332838645E1
3.060000000E1	5.743637699E1	1.308484837E1
3.064000000E1	5.891487104E1	1.313649214E1
3.068000000E1	6.041722946E1	1.324671633E1
3.072000000E1	6.186949413E1	1.307536974E1
3.076000000E1	6.318363516E1	1.286055376E1
3.080000000E1	6.430836606E1	1.282533952E1
3.084000000E1	6.519552921E1	1.281409641E1
3.088000000E1	6.582731893E1	1.286773355E1
3.092000000E1	6.626016464E1	1.292086301E1
3.096000000E1	6.652592319E1	1.295956473E1
3.100000000E1	6.658359509E1	1.302688034E1
3.104000000E1	6.647790904E1	1.307735880E1
3.108000000E1	6.606480386E1	1.328186721E1
3.112000000E1	6.532141343E1	1.366061925E1
3.116000000E1	6.426484582E1	1.409983672E1
3.120000000E1	6.289234082E1	1.462434146E1
3.124000000E1	6.114518712E1	1.517288071E1
3.128000000E1	5.913798267E1	1.559475162E1
3.132000000E1	5.701013535E1	1.581888689E1
3.136000000E1	5.479715137E1	1.578833067E1
3.140000000E1	5.058682687E1	1.529655522E1
3.144000000E1	5.060099177E1	1.515742073E1
3.148000000E1	4.875410009E1	1.480869427E1
3.152000000E1	4.721276438E1	1.427560656E1
3.156000000E1	4.607826129E1	1.366794823E1
3.160000000E1	4.524118945E1	1.305569430E1
3.164000000E1	4.478773457E1	1.270012814E1
3.168000000E1	4.456082504E1	1.263058092E1
3.172000000E1	4.462095558E1	1.256088927E1
3.176000000E1	4.480593699E1	1.254856072E1
3.180000000E1	4.495868267E1	1.256136803E1
3.184000000E1	4.502219034E1	1.264470298E1
3.188000000E1	4.501009073E1	1.266860807E1
3.192000000E1	4.495199717E1	1.262951602E1
3.196000000E1	4.488401131E1	1.258810270E1
3.200000000E1	4.483068142E1	1.259563981E1
3.204000000E1	4.480136294E1	1.260317789E1
3.208000000E1	4.480232628E1	1.261852430E1
3.212000000E1	4.480589629E1	1.262640299E1
3.216000000E1	4.480871361E1	1.263041747E1
3.220000000E1	4.481079976E1	1.263338471E1
3.224000000E1	4.481191059E1	1.263638966E1
3.228000000E1	4.481213450E1	1.263774426E1
3.232000000E1	4.481104834E1	1.263881908E1
3.236000000E1	4.480915895E1	1.263778212E1
3.240000000E1	4.480772518E1	1.263606988E1
3.244000000E1	4.480528903E1	1.263530550E1
3.248000000E1	4.480220113E1	1.263051408E1
3.252000000E1	4.480161082E1	1.262810576E1
3.256000000E1	4.480297578E1	1.263429553E1
3.260000000E1	4.480364362E1	1.263613872E1
3.264000000E1	4.480421041E1	1.263753580E1
3.268000000E1	4.480493437E1	1.263897885E1
3.272000000E1	4.480564816E1	1.263992781E1
3.276000000E1	4.480743411E1	1.264447394E1
3.280000000E1	4.480861841E1	1.264789369E1
3.284000000E1	4.493437492E1	1.268891187E1
3.288000000E1	4.522616911E1	1.278986005E1
3.292000000E1	4.575125616E1	1.295429057E1
3.296000000E1	4.657132910E1	1.319631277E1
3.300000000E1	4.934459819E1	1.352619097E1
3.304000000E1	4.932874897E1	1.352491309E1
3.308000000E1	5.099830780E1	1.347392905E1
3.312000000E1	5.285649612E1	1.344374222E1
3.316000000E1	5.468737069E1	1.339587878E1
3.320000000E1	5.636862407E1	1.345878517E1
3.324000000E1	5.806469835E1	1.365962195E1
3.328000000E1	5.973526957E1	1.352062930E1
3.332000000E1	6.133767082E1	1.326324412E1
3.336000000E1	6.274565445E1	1.303040276E1
3.340000000E1	6.404658388E1	1.292327684E1
3.344000000E1	6.517606229E1	1.282140868E1
3.348000000E1	6.603654711E1	1.274603256E1
3.352000000E1	6.656858680E1	1.276151995E1
3.356000000E1	6.665529513E1	1.290562373E1
3.360000000E1	6.628392709E1	1.317088089E1
3.364000000E1	6.556169693E1	1.355886811E1
3.368000000E1	6.440781796E1	1.410903548E1
3.372000000E1	6.276799786E1	1.468843464E1
3.376000000E1	6.072078771E1	1.527044787E1
3.380000000E1	5.842200258E1	1.566749877E1
3.384000000E1	5.591882626E1	1.577868196E1
3.388000000E1	5.335288248E1	1.559417917E1
3.392000000E1	5.095805283E1	1.507786646E1
3.396000000E1	4.881051337E1	1.448296252E1
3.400000000E1	4.698275593E1	1.385469572E1
3.404000000E1	4.561723182E1	1.326965476E1
3.408000000E1	4.461046266E1	1.308882038E1
3.412000000E1	4.407111780E1	1.289342247E1
3.416000000E1	4.397653617E1	1.271029019E1
3.420000000E1	4.409653008E1	1.265094245E1
3.424000000E1	4.431552587E1	1.264835640E1
3.428000000E1	4.452842442E1	1.265868177E1
3.432000000E1	4.466186083E1	1.268823936E1
3.436000000E1	4.467217699E1	1.271315250E1
3.440000000E1	4.463436759E1	1.268068562E1
3.444000000E1	4.454476907E1	1.266597459E1
3.448000000E1	4.450362720E1	1.265337618E1
3.452000000E1	4.449053735E1	1.265013384E1
3.456000000E1	4.448758782E1	1.264887427E1
3.460000000E1	4.450222935E1	1.265319041E1
3.464000000E1	4.451172324E1	1.265726303E1
3.468000000E1	4.450914725E1	1.265766950E1
3.472000000E1	4.450819857E1	1.265971615E1
3.476000000E1	4.450391254E1	1.266095921E1
3.480000000E1	4.449964071E1	1.266336571E1
3.484000000E1	4.449568004E1	1.266432025E1
3.488000000E1	4.450230684E1	1.266356943E1
3.492000000E1	4.452122378E1	1.272710145E1
3.496000000E1	4.464581434E1	1.276777949E1
3.500000000E1	4.480570536E1	1.279932367E1
3.504000000E1	4.502125435E1	1.283554688E1
3.508000000E1	4.528986084E1	1.290345065E1
3.512000000E1	4.567128744E1	1.297240218E1
3.516000000E1	4.613206564E1	1.311832522E1
3.520000000E1	4.677296955E1	1.322160767E1
3.524000000E1	4.776372519E1	1.323433184E1
3.528000000E1	4.901664691E1	1.331334236E1
3.532000000E1	5.050492673E1	1.344344588E1
3.536000000E1	5.222348987E1	1.352473335E1
3.540000000E1	5.398157787E1	1.357630706E1
3.544000000E1	5.576875651E1	1.364209034E1
3.548000000E1	5.756113308E1	1.354563318E1
3.552000000E1	5.930681358E1	1.328569360E1
3.556000000E1	6.089794249E1	1.311401702E1
3.560000000E1	6.235949508E1	1.312978110E1
3.564000000E1	6.372288942E1	1.309857142E1
3.568000000E1	6.589721819E1	1.296057328E1
3.572000000E1	6.589569457E1	1.295500804E1
3.576000000E1	6.656473079E1	1.294974572E1
3.580000000E1	6.680714904E1	1.306731014E1
3.584000000E1	6.653234908E1	1.335901216E1
3.588000000E1	6.581592485E1	1.376352506E1
3.592000000E1	6.469178642E1	1.426807784E1
3.596000000E1	6.311458614E1	1.482767120E1
3.600000000E1	6.123779661E1	1.533099984E1
3.604000000E1	5.908741567E1	1.567707560E1
3.608000000E1	5.675297967E1	1.579692950E1
3.612000000E1	5.439122383E1	1.576173599E1
3.616000000E1	5.204377886E1	1.549037486E1
3.620000000E1	4.991390608E1	1.499520887E1
3.624000000E1	4.802318157E1	1.443486575E1
3.628000000E1	4.644744216E1	1.377962290E1
3.632000000E1	4.525306753E1	1.299089859E1
3.636000000E1	4.446500311E1	1.266131883E1
3.640000000E1	4.402342194E1	1.260409874E1
3.644000000E1	4.397868298E1	1.251991545E1
3.648000000E1	4.441451633E1	1.251151858E1
3.652000000E1	4.440147512E1	1.250925320E1
3.656000000E1	4.459581535E1	1.252791733E1
3.660000000E1	4.466147592E1	1.260190499E1
3.664000000E1	4.462520671E1	1.258688586E1
3.668000000E1	4.454283611E1	1.255733725E1
3.672000000E1	4.449457005E1	1.251688213E1
3.676000000E1	4.444303899E1	1.250311610E1
3.680000000E1	4.445432512E1	1.250228272E1
3.684000000E1	4.447639858E1	1.249972187E1
3.688000000E1	4.448859843E1	1.250061067E1
3.692000000E1	4.450019585E1	1.250448342E1
3.696000000E1	4.450525682E1	1.250870670E1
3.700000000E1	4.450753684E1	1.252309351E1
3.704000000E1	4.450897380E1	1.251286541E1
3.708000000E1	4.452768106E1	1.252964834E1
3.712000000E1	4.464928124E1	1.256623376E1
3.716000000E1	4.480218756E1	1.263088103E1
3.720000000E1	4.509416893E1	1.268144622E1
3.724000000E1	4.561151843E1	1.285529172E1
3.728000000E1	4.645435358E1	1.314223704E1
3.732000000E1	4.766277154E1	1.339112811E1
3.736000000E1	4.919102201E1	1.339926781E1
3.740000000E1	5.250539662E1	1.343196198E1
3.744000000E1	5.249096073E1	1.342975314E1
3.748000000E1	5.424123599E1	1.325560945E1
3.752000000E1	5.590897159E1	1.329309565E1
3.756000000E1	5.759208805E1	1.355582784E1
3.760000000E1	5.929737832E1	1.360548880E1
3.764000000E1	6.100337067E1	1.352715427E1
3.768000000E1	6.261563950E1	1.333159289E1
3.772000000E1	6.405567700E1	1.328992192E1
3.776000000E1	6.524462086E1	1.320126925E1
3.780000000E1	6.610440262E1	1.316354671E1
3.784000000E1	6.662522740E1	1.316840361E1
3.788000000E1	6.678687345E1	1.320287420E1
3.792000000E1	6.646078465E1	1.341010121E1
3.796000000E1	6.571296238E1	1.380689014E1
3.800000000E1	6.456107222E1	1.421917211E1
3.804000000E1	6.305322778E1	1.463862222E1
3.808000000E1	6.120522232E1	1.506463185E1
3.812000000E1	5.907676383E1	1.535414740E1
3.816000000E1	5.682901015E1	1.544898514E1
3.820000000E1	5.459495733E1	1.540019780E1
3.824000000E1	5.246375361E1	1.507126541E1
3.828000000E1	5.045328793E1	1.459378254E1
3.832000000E1	4.869885996E1	1.399572041E1
3.836000000E1	4.723310254E1	1.333621280E1
3.840000000E1	4.615164767E1	1.282810284E1
3.844000000E1	4.541361684E1	1.281860646E1
3.848000000E1	4.503482040E1	1.272334588E1
3.852000000E1	4.495480777E1	1.263778218E1
3.856000000E1	4.497195366E1	1.260186472E1
3.860000000E1	4.504492129E1	1.260879661E1
3.864000000E1	4.512384835E1	1.262460793E1
3.868000000E1	4.512682818E1	1.264933269E1
3.872000000E1	4.512652423E1	1.267089554E1
3.876000000E1	4.510214236E1	1.265318675E1
3.880000000E1	4.507155261E1	1.264283781E1
3.884000000E1	4.505229504E1	1.263817167E1
3.888000000E1	4.502870126E1	1.265053369E1
3.892000000E1	4.499416707E1	1.264853394E1
3.896000000E1	4.499577589E1	1.264884728E1
3.900000000E1	4.500644883E1	1.265765669E1
3.904000000E1	4.499899937E1	1.266343918E1
3.908000000E1	4.499315170E1	1.266581447E1
3.912000000E1	4.498013959E1	1.265855453E1
3.916000000E1	4.497240584E1	1.265355826E1
3.920000000E1	4.497384929E1	1.265534319E1
3.924000000E1	4.496916228E1	1.265100278E1
3.928000000E1	4.496692274E1	1.264952133E1
3.932000000E1	4.496521200E1	1.264841416E1
3.936000000E1	4.496223722E1	1.264640271E1
3.940000000E1	4.496022422E1	1.264513472E1
3.944000000E1	4.495897659E1	1.264459619E1
3.948000000E1	4.495799490E1	1.264418266E1
3.952000000E1	4.495705285E1	1.264367486E1
3.956000000E1	4.495612876E1	1.264370657E1
3.960000000E1	4.495424236E1	1.264298080E1
3.964000000E1	4.495617053E1	1.264328827E1
3.968000000E1	4.495647409E1	1.264286680E1
3.972000000E1	4.495668434E1	1.264253379E1
3.976000000E1	4.495668522E1	1.264229064E1
3.980000000E1	4.495665974E1	1.264201174E1
3.984000000E1	4.495687823E1	1.264188084E1
3.988000000E1	4.495746965E1	1.264209710E1
3.992000000E1	4.495758612E1	1.264107450E1
3.996000000E1	4.495763877E1	1.264067159E1
4.000000000E1	4.496085959E1	1.263837137E1
4.004000000E1	4.496015930E1	1.263948819E1
4.008000000E1	4.495959522E1	1.264027614E1
4.012000000E1	4.495551245E1	1.263807644E1
4.016000000E1	4.495419670E1	1.263917903E1
4.020000000E1	4.495475121E1	1.263871408E1
4.024000000E1	4.495508883E1	1.263840278E1
4.028000000E1	4.495567334E1	1.263802711E1
4.032000000E1	4.495616556E1	1.263762738E1
4.036000000E1	4.495608479E1	1.263799872E1
4.040000000E1	4.495672506E1	1.263938485E1
4.044000000E1	4.495665815E1	1.263751073E1
4.048000000E1	4.495640882E1	1.263575748E1
4.052000000E1	4.495675638E1	1.263696983E1
4.056000000E1	4.495690983E1	1.263761833E1
4.060000000E1	4.495722066E1	1.263870910E1
