hand
t	x	y
0.000000000E0	3.837383169E1	1.481619519E1
4.000000000E-2	3.839006927E1	1.468960968E1
8.000000000E-2	3.850129350E1	1.451585082E1
1.200000000E-1	3.854114554E1	1.436960553E1
1.600000000E-1	3.857515050E1	1.421807563E1
2.000000000E-1	3.853454928E1	1.404207534E1
2.400000000E-1	3.849269010E1	1.383871635E1
2.800000000E-1	3.830912857E1	1.356098960E1
3.200000000E-1	3.811148087E1	1.328507570E1
3.600000000E-1	3.791862910E1	1.299785607E1
4.000000000E-1	3.768019717E1	1.273174701E1
4.400000000E-1	3.743049973E1	1.253775030E1
4.800000000E-1	3.722454665E1	1.256091226E1
5.200000000E-1	3.707130694E1	1.269044649E1
5.600000000E-1	3.712216297E1	1.282693185E1
6.000000000E-1	3.721912329E1	1.296611789E1
6.400000000E-1	3.733175450E1	1.314509737E1
6.800000000E-1	3.751871239E1	1.323130422E1
7.200000000E-1	3.769205833E1	1.332421033E1
7.600000000E-1	3.782940042E1	1.341039671E1
8.000000000E-1	3.794238512E1	1.346432556E1
8.400000000E-1	3.807485107E1	1.352639816E1
8.800000000E-1	3.822754962E1	1.360913295E1
9.200000000E-1	3.837488241E1	1.369955448E1
9.600000000E-1	3.849563087E1	1.377295044E1
1.000000000E0	3.850528950E1	1.377276424E1
1.040000000E0	3.850761779E1	1.374948395E1
1.080000000E0	3.849183942E1	1.372853766E1
1.120000000E0	3.847151854E1	1.372905712E1
1.160000000E0	3.849627212E1	1.367473958E1
1.200000000E0	3.853770504E1	1.363966243E1
1.240000000E0	3.853207832E1	1.365446166E1
1.280000000E0	3.853004629E1	1.371305075E1
1.320000000E0	3.852942237E1	1.372075830E1
1.360000000E0	3.853090747E1	1.374422355E1
1.400000000E0	3.852710243E1	1.376298042E1
1.440000000E0	3.854098400E1	1.381575898E1
1.480000000E0	3.869997793E1	1.404669831E1
1.520000000E0	3.920682540E1	1.462859745E1
1.560000000E0	4.014697118E1	1.563590778E1
1.600000000E0	4.189310585E1	1.703997331E1
1.640000000E0	4.432585912E1	1.860499759E1
1.680000000E0	4.771112827E1	2.003920937E1
1.720000000E0	5.178311849E1	2.118026552E1
1.760000000E0	5.619055147E1	2.185331124E1
1.800000000E0	6.069272633E1	2.216913518E1
1.840000000E0	6.503243642E1	2.198051171E1
1.880000000E0	6.886447678E1	2.120307159E1
1.920000000E0	7.186258907E1	2.029091485E1
1.960000000E0	7.417328807E1	1.926249874E1
2.000000000E0	7.583916129E1	1.820986463E1
2.040000000E0	7.696113778E1	1.730815576E1
2.080000000E0	7.770818454E1	1.647990861E1
2.120000000E0	7.814073306E1	1.588330005E1
2.160000000E0	7.842434250E1	1.551967725E1
2.200000000E0	7.856681334E1	1.511288887E1
2.240000000E0	7.861100178E1	1.475940810E1
2.280000000E0	7.862306390E1	1.441437339E1
2.320000000E0	7.852547298E1	1.418296397E1
2.360000000E0	7.834504665E1	1.416377716E1
2.400000000E0	7.805673207E1	1.417105806E1
2.440000000E0	7.764740451E1	1.420842188E1
2.480000000E0	7.712620005E1	1.429851908E1
2.520000000E0	7.644551032E1	1.419709427E1
2.560000000E0	7.571990870E1	1.416583631E1
2.600000000E0	7.496302429E1	1.402421372E1
2.640000000E0	7.420993369E1	1.400206173E1
2.680000000E0	7.343023620E1	1.401563967E1
2.720000000E0	7.267941809E1	1.402298983E1
2.760000000E0	7.193372921E1	1.402231457E1
2.800000000E0	7.121008863E1	1.402126839E1
2.840000000E0	7.049661645E1	1.404344435E1
2.880000000E0	6.980492957E1	1.408723965E1
2.920000000E0	6.920765496E1	1.405200877E1
2.960000000E0	6.861149501E1	1.407194442E1
3.000000000E0	6.804432280E1	1.415630022E1
3.040000000E0	6.756794496E1	1.421215546E1
3.080000000E0	6.712152350E1	1.430937123E1
3.120000000E0	6.673331223E1	1.433034574E1
3.160000000E0	6.655209898E1	1.433264984E1
3.200000000E0	6.644999728E1	1.433358616E1
3.240000000E0	6.639900508E1	1.433411331E1
3.280000000E0	6.633701169E1	1.433411806E1
3.320000000E0	6.621690535E1	1.434911902E1
3.360000000E0	6.607178564E1	1.440124577E1
3.400000000E0	6.594815094E1	1.437895944E1
3.440000000E0	6.593967452E1	1.435017928E1
3.480000000E0	6.594099523E1	1.432985035E1
3.520000000E0	6.595166379E1	1.431313995E1
3.560000000E0	6.593652759E1	1.431706966E1
3.600000000E0	6.589611235E1	1.423739600E1
3.640000000E0	6.583189233E1	1.417605755E1
3.680000000E0	6.574954332E1	1.430245158E1
3.720000000E0	6.564759807E1	1.433233357E1
3.760000000E0	6.550302778E1	1.445227892E1
3.800000000E0	6.535274785E1	1.460751594E1
3.840000000E0	6.518540960E1	1.474473408E1
3.880000000E0	6.494162219E1	1.490806898E1
3.920000000E0	6.473613069E1	1.501392356E1
3.960000000E0	6.457542328E1	1.505141175E1
4.000000000E0	6.442767665E1	1.508885247E1
4.040000000E0	6.431648184E1	1.513447978E1
4.080000000E0	6.442110585E1	1.518769447E1
4.120000000E0	6.471308656E1	1.532357072E1
4.160000000E0	6.534169548E1	1.553593321E1
4.200000000E0	6.637141670E1	1.582589812E1
4.240000000E0	6.765148596E1	1.626057811E1
4.280000000E0	6.919346875E1	1.659906023E1
4.320000000E0	7.086817352E1	1.684886772E1
4.360000000E0	7.265022895E1	1.698778497E1
4.400000000E0	7.432474120E1	1.692126147E1
4.440000000E0	7.583320020E1	1.665410045E1
4.480000000E0	7.716775760E1	1.619825855E1
4.520000000E0	7.826848410E1	1.555349784E1
4.560000000E0	7.901730035E1	1.485004624E1
4.600000000E0	7.962576368E1	1.428750531E1
4.640000000E0	7.999628391E1	1.391931565E1
4.680000000E0	8.024495090E1	1.365486967E1
4.720000000E0	8.042192760E1	1.338353308E1
4.760000000E0	8.048771936E1	1.311529814E1
4.800000000E0	8.048100917E1	1.285785050E1
4.840000000E0	8.035011374E1	1.266533998E1
4.880000000E0	8.005883982E1	1.264408870E1
4.920000000E0	7.959694147E1	1.277505759E1
4.960000000E0	7.896941966E1	1.283724351E1
5.000000000E0	7.821489628E1	1.291561090E1
5.040000000E0	7.735596898E1	1.295349287E1
5.080000000E0	7.646052615E1	1.296765804E1
5.120000000E0	7.550675380E1	1.294880129E1
5.160000000E0	7.451014851E1	1.293401305E1
5.200000000E0	7.359541534E1	1.280846308E1
5.240000000E0	7.279997239E1	1.278001022E1
5.280000000E0	7.205928027E1	1.271644535E1
5.320000000E0	7.137389456E1	1.269468297E1
5.360000000E0	7.070878974E1	1.265104624E1
5.400000000E0	7.004252483E1	1.265809823E1
5.440000000E0	6.946116081E1	1.271407072E1
5.480000000E0	6.891440318E1	1.268705982E1
5.520000000E0	6.834089634E1	1.272894082E1
5.560000000E0	6.775653586E1	1.293031956E1
5.600000000E0	6.724452339E1	1.297100401E1
5.640000000E0	6.683936188E1	1.298180133E1
5.680000000E0	6.656989470E1	1.306967830E1
5.720000000E0	6.650618036E1	1.308090224E1
5.760000000E0	6.653485612E1	1.300857634E1
5.800000000E0	6.657055014E1	1.299477129E1
5.840000000E0	6.656323645E1	1.302198143E1
5.880000000E0	6.654167754E1	1.297149920E1
5.920000000E0	6.642737406E1	1.294966787E1
5.960000000E0	6.631519582E1	1.294394290E1
6.000000000E0	6.621977329E1	1.293100618E1
6.040000000E0	6.611175916E1	1.292110465E1
6.080000000E0	6.605785684E1	1.291878830E1
6.120000000E0	6.597532810E1	1.291829316E1
6.160000000E0	6.594481169E1	1.290751876E1
6.200000000E0	6.591811665E1	1.293085186E1
6.240000000E0	6.583533389E1	1.296359559E1
6.280000000E0	6.568115934E1	1.306405465E1
6.320000000E0	6.551187510E1	1.318811521E1
6.360000000E0	6.538866679E1	1.326033458E1
6.400000000E0	6.531452123E1	1.327971485E1
6.440000000E0	6.532628185E1	1.334098257E1
6.480000000E0	6.554575645E1	1.342206377E1
6.520000000E0	6.594287297E1	1.354479997E1
6.560000000E0	6.655259005E1	1.369230124E1
6.600000000E0	6.733351681E1	1.395548308E1
6.640000000E0	6.828182673E1	1.418757518E1
6.680000000E0	6.926269104E1	1.445518411E1
6.720000000E0	7.031242013E1	1.472367604E1
6.760000000E0	7.146972825E1	1.489935606E1
6.800000000E0	7.268776642E1	1.510783656E1
6.840000000E0	7.388550287E1	1.523388323E1
6.880000000E0	7.501467944E1	1.536699175E1
6.920000000E0	7.609315657E1	1.545297038E1
6.960000000E0	7.707197382E1	1.535466953E1
7.000000000E0	7.787686201E1	1.518540587E1
7.040000000E0	7.853347763E1	1.502770735E1
7.080000000E0	7.901067519E1	1.476586993E1
7.120000000E0	7.932766248E1	1.446727064E1
7.160000000E0	7.946955240E1	1.411849171E1
7.200000000E0	7.949343213E1	1.370418476E1
7.240000000E0	7.944298928E1	1.336781378E1
7.280000000E0	7.934447631E1	1.306567748E1
7.320000000E0	7.918327019E1	1.279559349E1
7.360000000E0	7.899712650E1	1.283941496E1
7.400000000E0	7.875062856E1	1.295790142E1
7.440000000E0	7.841625105E1	1.312962672E1
7.480000000E0	7.796738176E1	1.331087672E1
7.520000000E0	7.735097362E1	1.339811530E1
7.560000000E0	7.659413998E1	1.348652757E1
7.600000000E0	7.571414760E1	1.351334794E1
7.640000000E0	7.479793601E1	1.341608762E1
7.680000000E0	7.384156936E1	1.339072430E1
7.720000000E0	7.284975335E1	1.332321767E1
7.760000000E0	7.182078752E1	1.321839532E1
7.800000000E0	7.075321908E1	1.321342313E1
7.840000000E0	6.971195911E1	1.326390463E1
7.880000000E0	6.874321412E1	1.331516802E1
7.920000000E0	6.778755859E1	1.331299318E1
7.960000000E0	6.700529537E1	1.327442651E1
8.000000000E0	6.643063136E1	1.335071740E1
8.040000000E0	6.612884490E1	1.336490002E1
8.080000000E0	6.605314385E1	1.337828522E1
8.120000000E0	6.611520726E1	1.339284720E1
8.160000000E0	6.622566062E1	1.340141983E1
8.200000000E0	6.628261516E1	1.348583910E1
8.240000000E0	6.632103498E1	1.359685128E1
8.280000000E0	6.627854625E1	1.368532990E1
8.320000000E0	6.619076386E1	1.383802300E1
8.360000000E0	6.600474716E1	1.398981561E1
8.400000000E0	6.575794769E1	1.414305458E1
8.440000000E0	6.537499719E1	1.430441058E1
8.480000000E0	6.494453900E1	1.444026450E1
8.520000000E0	6.450432704E1	1.451914682E1
8.560000000E0	6.405013557E1	1.458342068E1
8.600000000E0	6.358970490E1	1.458933509E1
8.640000000E0	6.312902157E1	1.459473470E1
8.680000000E0	6.276484774E1	1.459383158E1
8.720000000E0	6.238034379E1	1.462172118E1
8.760000000E0	6.207099252E1	1.464362647E1
8.800000000E0	6.180900587E1	1.473400978E1
8.840000000E0	6.163407598E1	1.488438045E1
8.880000000E0	6.152610359E1	1.494272383E1
8.920000000E0	6.144192691E1	1.504074819E1
8.960000000E0	6.133185785E1	1.515962315E1
9.000000000E0	6.130082252E1	1.521209072E1
9.040000000E0	6.122179772E1	1.532665601E1
9.080000000E0	6.117082311E1	1.547824638E1
9.120000000E0	6.118948689E1	1.555345206E1
9.160000000E0	6.119036024E1	1.565067155E1
9.200000000E0	6.130296468E1	1.571996657E1
9.240000000E0	6.146116363E1	1.580592001E1
9.280000000E0	6.174564013E1	1.590857234E1
9.320000000E0	6.214428964E1	1.603833306E1
9.360000000E0	6.277752296E1	1.613342200E1
9.400000000E0	6.356215840E1	1.626577094E1
9.440000000E0	6.462198923E1	1.642311459E1
9.480000000E0	6.591484692E1	1.664819145E1
9.520000000E0	6.743320096E1	1.676160919E1
9.560000000E0	6.906878370E1	1.685947807E1
9.600000000E0	7.075992356E1	1.688033587E1
9.640000000E0	7.237817681E1	1.673367057E1
9.680000000E0	7.389742946E1	1.644579974E1
9.720000000E0	7.514955245E1	1.614025580E1
9.760000000E0	7.619840200E1	1.581844692E1
9.800000000E0	7.704974410E1	1.549363498E1
9.840000000E0	7.770805766E1	1.515717759E1
9.880000000E0	7.815554861E1	1.481274757E1
9.920000000E0	7.843970589E1	1.444503328E1
9.960000000E0	7.861538788E1	1.407473130E1
1.000000000E1	7.867069729E1	1.373726156E1
1.004000000E1	7.856292898E1	1.346324683E1
1.008000000E1	7.833425807E1	1.320748609E1
1.012000000E1	7.795520814E1	1.320676829E1
1.016000000E1	7.744096368E1	1.327698553E1
1.020000000E1	7.671197239E1	1.340619030E1
1.024000000E1	7.593558212E1	1.353144534E1
1.028000000E1	7.505971746E1	1.353977234E1
1.032000000E1	7.404340294E1	1.350391550E1
1.036000000E1	7.309023471E1	1.347575988E1
1.040000000E1	7.212393608E1	1.339320256E1
1.044000000E1	7.123259651E1	1.328071100E1
1.048000000E1	7.030230536E1	1.311215426E1
1.052000000E1	6.940294343E1	1.295993551E1
1.056000000E1	6.851402347E1	1.282779834E1
1.060000000E1	6.778159703E1	1.266350960E1
1.064000000E1	6.728573411E1	1.265182966E1
1.068000000E1	6.687916273E1	1.269124558E1
1.072000000E1	6.667327359E1	1.274887330E1
1.076000000E1	6.656201739E1	1.279290329E1
1.080000000E1	6.643781228E1	1.266366687E1
1.084000000E1	6.628799447E1	1.263736635E1
1.088000000E1	6.614258278E1	1.271778684E1
1.092000000E1	6.600894342E1	1.287652555E1
1.096000000E1	6.587556840E1	1.300331678E1
1.100000000E1	6.579794930E1	1.314264364E1
1.104000000E1	6.575373902E1	1.322217088E1
1.108000000E1	6.579911829E1	1.338642327E1
1.112000000E1	6.597035723E1	1.358538802E1
1.116000000E1	6.622745615E1	1.383840132E1
1.120000000E1	6.653194751E1	1.398997603E1
1.124000000E1	6.680362561E1	1.413058099E1
1.128000000E1	6.701802893E1	1.419144969E1
1.132000000E1	6.713293557E1	1.422428531E1
1.136000000E1	6.713689228E1	1.419757378E1
1.140000000E1	6.713013062E1	1.418754720E1
1.144000000E1	6.706937611E1	1.426880744E1
1.148000000E1	6.704946789E1	1.432697368E1
1.152000000E1	6.705068996E1	1.443600671E1
1.156000000E1	6.715331514E1	1.450401214E1
1.160000000E1	6.731611565E1	1.466184984E1
1.164000000E1	6.758669152E1	1.485243022E1
1.168000000E1	6.805479600E1	1.507930373E1
1.172000000E1	6.868085400E1	1.540614084E1
1.176000000E1	6.954651063E1	1.570727663E1
1.180000000E1	7.050310138E1	1.606043431E1
1.184000000E1	7.164128742E1	1.625721611E1
1.188000000E1	7.273433165E1	1.640077886E1
1.192000000E1	7.386000476E1	1.642213284E1
1.196000000E1	7.491885513E1	1.638477923E1
1.200000000E1	7.585918600E1	1.624768827E1
1.204000000E1	7.671724250E1	1.608455039E1
1.208000000E1	7.749061424E1	1.581288307E1
1.212000000E1	7.814190669E1	1.556145815E1
1.216000000E1	7.865379755E1	1.521185836E1
1.220000000E1	7.896679511E1	1.483909620E1
1.224000000E1	7.912703895E1	1.432146606E1
1.228000000E1	7.908261807E1	1.391584057E1
1.232000000E1	7.892783098E1	1.349661521E1
1.236000000E1	7.869726372E1	1.323055058E1
1.240000000E1	7.833440468E1	1.311858709E1
1.244000000E1	7.779315449E1	1.307701444E1
1.248000000E1	7.706694515E1	1.308478429E1
1.252000000E1	7.625319751E1	1.321063199E1
1.256000000E1	7.525149256E1	1.329222777E1
1.260000000E1	7.415603530E1	1.340685201E1
1.264000000E1	7.295345360E1	1.344334447E1
1.268000000E1	7.164772043E1	1.341596290E1
1.272000000E1	7.029463915E1	1.339079469E1
1.276000000E1	6.896367079E1	1.327053959E1
1.280000000E1	6.777064335E1	1.311190397E1
1.284000000E1	6.675254573E1	1.309131796E1
1.288000000E1	6.605882434E1	1.296479059E1
1.292000000E1	6.563999480E1	1.295340071E1
1.296000000E1	6.550415611E1	1.297181438E1
1.300000000E1	6.552269281E1	1.294340713E1
1.304000000E1	6.562682711E1	1.294071211E1
1.308000000E1	6.571266159E1	1.295488793E1
1.312000000E1	6.576997919E1	1.292788687E1
1.316000000E1	6.577501329E1	1.299039878E1
1.320000000E1	6.572570080E1	1.299949486E1
1.324000000E1	6.565109708E1	1.298893037E1
1.328000000E1	6.551630642E1	1.310269954E1
1.332000000E1	6.539450980E1	1.324848272E1
1.336000000E1	6.521221153E1	1.341394769E1
1.340000000E1	6.494878194E1	1.364339820E1
1.344000000E1	6.472113047E1	1.387346206E1
1.348000000E1	6.445379256E1	1.415554090E1
1.352000000E1	6.416911150E1	1.443613742E1
1.356000000E1	6.400214686E1	1.467532647E1
1.360000000E1	6.387379404E1	1.485702678E1
1.364000000E1	6.390414472E1	1.505787240E1
1.368000000E1	6.406154787E1	1.520477082E1
1.372000000E1	6.433430345E1	1.535196991E1
1.376000000E1	6.475197626E1	1.548162956E1
1.380000000E1	6.523649631E1	1.564690330E1
1.384000000E1	6.584710752E1	1.579311022E1
1.388000000E1	6.655649446E1	1.596291832E1
1.392000000E1	6.729671703E1	1.618863228E1
1.396000000E1	6.810296133E1	1.635355954E1
1.400000000E1	6.896590541E1	1.656860124E1
1.404000000E1	6.987957140E1	1.675736865E1
1.408000000E1	7.088857656E1	1.696840060E1
1.412000000E1	7.195353060E1	1.703012358E1
1.416000000E1	7.301437935E1	1.713085830E1
1.420000000E1	7.407350052E1	1.714066097E1
1.424000000E1	7.511105718E1	1.701612191E1
1.428000000E1	7.602669600E1	1.686889822E1
1.432000000E1	7.687315347E1	1.664694939E1
1.436000000E1	7.761861366E1	1.638942388E1
1.440000000E1	7.826582401E1	1.607418225E1
1.444000000E1	7.880259262E1	1.567071888E1
1.448000000E1	7.917178906E1	1.529082618E1
1.452000000E1	7.944823869E1	1.484238969E1
1.456000000E1	7.961095420E1	1.431812033E1
1.460000000E1	7.962335370E1	1.387159145E1
1.464000000E1	7.957222496E1	1.354395137E1
1.468000000E1	7.942935166E1	1.330572341E1
1.472000000E1	7.914346063E1	1.309018930E1
1.476000000E1	7.870589107E1	1.306459559E1
1.480000000E1	7.809126794E1	1.304382171E1
1.484000000E1	7.732529272E1	1.312062160E1
1.488000000E1	7.630999303E1	1.336342616E1
1.492000000E1	7.524274554E1	1.335977478E1
1.496000000E1	7.406131477E1	1.337139429E1
1.500000000E1	7.286379813E1	1.331314243E1
1.504000000E1	7.161094202E1	1.316790661E1
1.508000000E1	7.031689337E1	1.294624352E1
1.512000000E1	6.921977476E1	1.282488554E1
1.516000000E1	6.819237575E1	1.282323431E1
1.520000000E1	6.731476610E1	1.292290448E1
1.524000000E1	6.670829180E1	1.294938940E1
1.528000000E1	6.633834059E1	1.288678620E1
1.532000000E1	6.609806860E1	1.288250002E1
1.536000000E1	6.607816949E1	1.291053931E1
1.540000000E1	6.609599637E1	1.296425534E1
1.544000000E1	6.612516371E1	1.299616580E1
1.548000000E1	6.615828005E1	1.299002874E1
1.552000000E1	6.613461710E1	1.299868605E1
1.556000000E1	6.610786553E1	1.300529110E1
1.560000000E1	6.608630843E1	1.296918148E1
1.564000000E1	6.603688534E1	1.295543980E1
1.568000000E1	6.598158871E1	1.297334311E1
1.572000000E1	6.596384654E1	1.299225456E1
1.576000000E1	6.596537504E1	1.310554375E1
1.580000000E1	6.597758331E1	1.317760905E1
1.584000000E1	6.601636372E1	1.322822265E1
1.588000000E1	6.609136238E1	1.326731981E1
1.592000000E1	6.610621245E1	1.335707821E1
1.596000000E1	6.613101835E1	1.342162340E1
1.600000000E1	6.616490797E1	1.356050123E1
1.604000000E1	6.621160046E1	1.370305334E1
1.608000000E1	6.628688973E1	1.386361932E1
1.612000000E1	6.639214291E1	1.400689171E1
1.616000000E1	6.653392815E1	1.411860483E1
1.620000000E1	6.672143927E1	1.421438419E1
1.624000000E1	6.697922125E1	1.427072110E1
1.628000000E1	6.730928239E1	1.430026941E1
1.632000000E1	6.775773204E1	1.433573531E1
1.636000000E1	6.824044721E1	1.444003451E1
1.640000000E1	6.890963625E1	1.449351643E1
1.644000000E1	6.966235268E1	1.458217134E1
1.648000000E1	7.055118364E1	1.460452070E1
1.652000000E1	7.151715699E1	1.462014562E1
1.656000000E1	7.268670916E1	1.466247943E1
1.660000000E1	7.389093121E1	1.476081495E1
1.664000000E1	7.508339337E1	1.485367615E1
1.668000000E1	7.628549972E1	1.480263209E1
1.672000000E1	7.731677350E1	1.469389797E1
1.676000000E1	7.812302806E1	1.453473765E1
1.680000000E1	7.880251098E1	1.425247496E1
1.684000000E1	7.928651080E1	1.398466817E1
1.688000000E1	7.953221596E1	1.369162916E1
1.692000000E1	7.954897961E1	1.346381345E1
1.696000000E1	7.938804979E1	1.331157367E1
1.700000000E1	7.904688057E1	1.311882283E1
1.704000000E1	7.856931089E1	1.307387418E1
1.708000000E1	7.796495603E1	1.307217630E1
1.712000000E1	7.726768180E1	1.302801438E1
1.716000000E1	7.646211083E1	1.305956270E1
1.720000000E1	7.551575691E1	1.299680703E1
1.724000000E1	7.448229458E1	1.301497770E1
1.728000000E1	7.331344096E1	1.309709176E1
1.732000000E1	7.215867547E1	1.313841797E1
1.736000000E1	7.102713899E1	1.314225368E1
1.740000000E1	6.995832517E1	1.315918723E1
1.744000000E1	6.898680914E1	1.325459568E1
1.748000000E1	6.817951982E1	1.326864550E1
1.752000000E1	6.744539986E1	1.340038750E1
1.756000000E1	6.698629298E1	1.329375494E1
1.760000000E1	6.669217156E1	1.311972863E1
1.764000000E1	6.652590521E1	1.305510419E1
1.768000000E1	6.652875898E1	1.295132594E1
1.772000000E1	6.655308347E1	1.295057475E1
1.776000000E1	6.657200644E1	1.305297995E1
1.780000000E1	6.659461937E1	1.311779345E1
1.784000000E1	6.655649589E1	1.322715362E1
1.788000000E1	6.645517384E1	1.340662548E1
1.792000000E1	6.628730841E1	1.351057721E1
1.796000000E1	6.610826044E1	1.366757442E1
1.800000000E1	6.591018604E1	1.381295086E1
1.804000000E1	6.567484901E1	1.399026913E1
1.808000000E1	6.547217280E1	1.412834790E1
1.812000000E1	6.525797347E1	1.428089444E1
1.816000000E1	6.508800497E1	1.439086826E1
1.820000000E1	6.495384387E1	1.445856698E1
1.824000000E1	6.488013662E1	1.446412226E1
1.828000000E1	6.482647376E1	1.450452734E1
1.832000000E1	6.478214922E1	1.450201513E1
1.836000000E1	6.477019258E1	1.444894357E1
1.840000000E1	6.478303855E1	1.436398295E1
1.844000000E1	6.477346872E1	1.429499305E1
1.848000000E1	6.475930937E1	1.423838583E1
1.852000000E1	6.475487906E1	1.421198070E1
1.856000000E1	6.474040126E1	1.417386648E1
1.860000000E1	6.470858975E1	1.416127967E1
1.864000000E1	6.464082681E1	1.416515171E1
1.868000000E1	6.460789764E1	1.414918299E1
1.872000000E1	6.458925316E1	1.413358236E1
1.876000000E1	6.457357209E1	1.412812707E1
1.880000000E1	6.455124907E1	1.412295521E1
1.884000000E1	6.452562440E1	1.414354679E1
1.888000000E1	6.448184501E1	1.414460231E1
1.892000000E1	6.450999152E1	1.416387349E1
1.896000000E1	6.455240627E1	1.424023363E1
1.900000000E1	6.461472776E1	1.443371257E1
1.904000000E1	6.475769396E1	1.459219381E1
1.908000000E1	6.503445916E1	1.479133065E1
1.912000000E1	6.538189979E1	1.507064785E1
1.916000000E1	6.592454541E1	1.537645697E1
1.920000000E1	6.656925732E1	1.569027819E1
1.924000000E1	6.739793385E1	1.597397121E1
1.928000000E1	6.834475381E1	1.625537511E1
1.932000000E1	6.940565701E1	1.654160059E1
1.936000000E1	7.057885835E1	1.661714133E1
1.940000000E1	7.169217502E1	1.667328118E1
1.944000000E1	7.284132782E1	1.658127884E1
1.948000000E1	7.387484756E1	1.652273746E1
1.952000000E1	7.482311239E1	1.636551465E1
1.956000000E1	7.568217126E1	1.621159612E1
1.960000000E1	7.643191929E1	1.603561177E1
1.964000000E1	7.714294384E1	1.578675055E1
1.968000000E1	7.771330941E1	1.551539791E1
1.972000000E1	7.813536002E1	1.516613198E1
1.976000000E1	7.853617228E1	1.473783826E1
1.980000000E1	7.880999751E1	1.430008166E1
1.984000000E1	7.896868143E1	1.396925803E1
1.988000000E1	7.901458544E1	1.364172184E1
1.992000000E1	7.897436379E1	1.334568866E1
1.996000000E1	7.878495889E1	1.307456323E1
2.000000000E1	7.843494967E1	1.304416417E1
2.004000000E1	7.790977253E1	1.308763006E1
2.008000000E1	7.720192239E1	1.315727933E1
2.012000000E1	7.635091701E1	1.335458144E1
2.016000000E1	7.541920487E1	1.339268942E1
2.020000000E1	7.445652067E1	1.339657010E1
2.024000000E1	7.345532516E1	1.341675711E1
2.028000000E1	7.249014420E1	1.342454609E1
2.032000000E1	7.150826753E1	1.350011169E1
2.036000000E1	7.062252097E1	1.345164581E1
2.040000000E1	6.972292067E1	1.341451817E1
2.044000000E1	6.890986705E1	1.341804570E1
2.048000000E1	6.818429427E1	1.340850795E1
2.052000000E1	6.759169158E1	1.341300506E1
2.056000000E1	6.714214460E1	1.341067177E1
2.060000000E1	6.679866429E1	1.328533092E1
2.064000000E1	6.654980701E1	1.313989693E1
2.068000000E1	6.627364816E1	1.306319706E1
2.072000000E1	6.612303081E1	1.285530342E1
2.076000000E1	6.605845784E1	1.276196708E1
2.080000000E1	6.601691927E1	1.268374073E1
2.084000000E1	6.598915957E1	1.261994068E1
2.088000000E1	6.598760240E1	1.256864571E1
2.092000000E1	6.595964518E1	1.255344897E1
2.096000000E1	6.593436559E1	1.253345483E1
2.100000000E1	6.590082413E1	1.251498902E1
2.104000000E1	6.583150172E1	1.250275465E1
2.108000000E1	6.580406441E1	1.248340997E1
2.112000000E1	6.578796418E1	1.246532883E1
2.116000000E1	6.569577333E1	1.246774468E1
2.120000000E1	6.566414408E1	1.247487015E1
2.124000000E1	6.564979757E1	1.249650812E1
2.128000000E1	6.564386784E1	1.266072629E1
2.132000000E1	6.566227289E1	1.283188089E1
2.136000000E1	6.577241512E1	1.309107756E1
2.140000000E1	6.595689625E1	1.338675033E1
2.144000000E1	6.625925241E1	1.351927414E1
2.148000000E1	6.665115482E1	1.364661569E1
2.152000000E1	6.711585883E1	1.374849765E1
2.156000000E1	6.758052064E1	1.398040991E1
2.160000000E1	6.811264490E1	1.429073459E1
2.164000000E1	6.873128962E1	1.458601407E1
2.168000000E1	6.940805335E1	1.487840340E1
2.172000000E1	7.015974656E1	1.510807286E1
2.176000000E1	7.099498321E1	1.521911863E1
2.180000000E1	7.185896136E1	1.534148001E1
2.184000000E1	7.275067959E1	1.534446887E1
2.188000000E1	7.360891427E1	1.532291902E1
2.192000000E1	7.447124539E1	1.520381863E1
2.196000000E1	7.524614150E1	1.510055794E1
2.200000000E1	7.596688576E1	1.493070741E1
2.204000000E1	7.656077760E1	1.475779122E1
2.208000000E1	7.704978571E1	1.458705929E1
2.212000000E1	7.751706934E1	1.434483741E1
2.216000000E1	7.785266181E1	1.414617709E1
2.220000000E1	7.809581312E1	1.384965590E1
2.224000000E1	7.826026945E1	1.351524882E1
2.228000000E1	7.838193825E1	1.312583961E1
2.232000000E1	7.834708253E1	1.280069855E1
2.236000000E1	7.816744832E1	1.258309582E1
2.240000000E1	7.786093291E1	1.264564476E1
2.244000000E1	7.745151980E1	1.278164855E1
2.248000000E1	7.688478497E1	1.305409178E1
2.252000000E1	7.619463477E1	1.325973782E1
2.256000000E1	7.543878489E1	1.336856753E1
2.260000000E1	7.466185037E1	1.340864193E1
2.264000000E1	7.385546491E1	1.342370336E1
2.268000000E1	7.299846365E1	1.341720683E1
2.272000000E1	7.212674719E1	1.343015141E1
2.276000000E1	7.124943859E1	1.338003100E1
2.280000000E1	7.044894181E1	1.314888926E1
2.284000000E1	6.958473319E1	1.309022551E1
2.288000000E1	6.889052404E1	1.307552490E1
2.292000000E1	6.833968432E1	1.330502460E1
2.296000000E1	6.790232991E1	1.355985088E1
2.300000000E1	6.761272117E1	1.368528333E1
2.304000000E1	6.752051925E1	1.368196401E1
2.308000000E1	6.753891414E1	1.352408088E1
2.312000000E1	6.757260337E1	1.338814568E1
2.316000000E1	6.758383632E1	1.334360805E1
2.320000000E1	6.761983764E1	1.332616109E1
2.324000000E1	6.760760829E1	1.338050588E1
2.328000000E1	6.770351004E1	1.337463304E1
2.332000000E1	6.788946160E1	1.335895756E1
2.336000000E1	6.805610759E1	1.333501492E1
2.340000000E1	6.820057226E1	1.334676820E1
2.344000000E1	6.821911797E1	1.335533204E1
2.348000000E1	6.807961330E1	1.327542068E1
2.352000000E1	6.778411443E1	1.321583288E1
2.356000000E1	6.745070594E1	1.309751144E1
2.360000000E1	6.698748315E1	1.306866851E1
2.364000000E1	6.649447776E1	1.306004460E1
2.368000000E1	6.595172699E1	1.306811985E1
2.372000000E1	6.546953802E1	1.309074784E1
2.376000000E1	6.510806561E1	1.313041952E1
2.380000000E1	6.490040074E1	1.318391851E1
2.384000000E1	6.483509354E1	1.323179704E1
2.388000000E1	6.486538476E1	1.325094696E1
2.392000000E1	6.490660103E1	1.325442352E1
2.396000000E1	6.495946911E1	1.325831212E1
2.400000000E1	6.503738637E1	1.326261436E1
2.404000000E1	6.507309512E1	1.331575958E1
2.408000000E1	6.511080944E1	1.343091358E1
2.412000000E1	6.521170163E1	1.356199310E1
2.416000000E1	6.546879270E1	1.383229216E1
2.420000000E1	6.593044557E1	1.413633129E1
2.424000000E1	6.668314365E1	1.449262184E1
2.428000000E1	6.767771143E1	1.489985968E1
2.432000000E1	6.892676960E1	1.532448786E1
2.436000000E1	7.028132633E1	1.571988427E1
2.440000000E1	7.168239746E1	1.594023182E1
2.444000000E1	7.305665890E1	1.597433973E1
2.448000000E1	7.436616145E1	1.599499829E1
2.452000000E1	7.554231113E1	1.581408811E1
2.456000000E1	7.652081506E1	1.552773220E1
2.460000000E1	7.732790363E1	1.519986050E1
2.464000000E1	7.792947699E1	1.477709677E1
2.468000000E1	7.836299146E1	1.437415643E1
2.472000000E1	7.866873741E1	1.399587983E1
2.476000000E1	7.880038817E1	1.362693221E1
2.480000000E1	7.879588662E1	1.320534222E1
2.484000000E1	7.864175019E1	1.290874264E1
2.488000000E1	7.837226275E1	1.281675690E1
2.492000000E1	7.792031217E1	1.289759088E1
2.496000000E1	7.732255170E1	1.308720820E1
2.500000000E1	7.658225689E1	1.326149688E1
2.504000000E1	7.569493691E1	1.335404243E1
2.508000000E1	7.479995425E1	1.339899412E1
2.512000000E1	7.377927367E1	1.339289534E1
2.516000000E1	7.278430889E1	1.332206330E1
2.520000000E1	7.179932901E1	1.321361706E1
2.524000000E1	7.078138165E1	1.308998058E1
2.528000000E1	6.975376400E1	1.295922901E1
2.532000000E1	6.882482227E1	1.302836617E1
2.536000000E1	6.805183007E1	1.324789864E1
2.540000000E1	6.743670968E1	1.327339187E1
2.544000000E1	6.698052868E1	1.323271339E1
2.548000000E1	6.664242673E1	1.312447899E1
2.552000000E1	6.640783372E1	1.301698749E1
2.556000000E1	6.624666827E1	1.295399025E1
2.560000000E1	6.604395583E1	1.292465655E1
2.564000000E1	6.584439820E1	1.287741706E1
2.568000000E1	6.571259696E1	1.281064287E1
2.572000000E1	6.563281284E1	1.278462185E1
2.576000000E1	6.557151613E1	1.280291579E1
2.580000000E1	6.550229623E1	1.282170445E1
2.584000000E1	6.540823905E1	1.294683747E1
2.588000000E1	6.534273604E1	1.307744728E1
2.592000000E1	6.526967224E1	1.322765820E1
2.596000000E1	6.520851191E1	1.337699657E1
2.600000000E1	6.519427805E1	1.345295722E1
2.604000000E1	6.519100002E1	1.353501073E1
2.608000000E1	6.522666465E1	1.356129368E1
2.612000000E1	6.534975467E1	1.356084839E1
2.616000000E1	6.551468160E1	1.359324795E1
2.620000000E1	6.578475101E1	1.369079250E1
2.624000000E1	6.617575133E1	1.381674224E1
2.628000000E1	6.686801542E1	1.389527729E1
2.632000000E1	6.777438250E1	1.403954199E1
2.636000000E1	6.893450397E1	1.417098115E1
2.640000000E1	7.026721721E1	1.436097786E1
2.644000000E1	7.161433846E1	1.456380330E1
2.648000000E1	7.301840337E1	1.466359862E1
2.652000000E1	7.433649962E1	1.459588600E1
2.656000000E1	7.553811726E1	1.443687260E1
2.660000000E1	7.658056628E1	1.428727204E1
2.664000000E1	7.746161430E1	1.408612235E1
2.668000000E1	7.814534062E1	1.398955587E1
2.672000000E1	7.867620478E1	1.386801223E1
2.676000000E1	7.896949652E1	1.381128620E1
2.680000000E1	7.909653456E1	1.371423152E1
2.684000000E1	7.909091250E1	1.355998376E1
2.688000000E1	7.895590668E1	1.338970674E1
2.692000000E1	7.866233906E1	1.320338828E1
2.696000000E1	7.825406697E1	1.309890250E1
2.700000000E1	7.778358870E1	1.313365357E1
2.704000000E1	7.716067787E1	1.319009138E1
2.708000000E1	7.643183574E1	1.325668318E1
2.712000000E1	7.565168422E1	1.340134590E1
2.716000000E1	7.476488106E1	1.340718911E1
2.720000000E1	7.387389418E1	1.343942962E1
2.724000000E1	7.297202439E1	1.342099532E1
2.728000000E1	7.203706312E1	1.334224999E1
2.732000000E1	7.117011569E1	1.312760603E1
2.736000000E1	7.029471809E1	1.303317042E1
2.740000000E1	6.955171887E1	1.296705433E1
2.744000000E1	6.889005018E1	1.288098148E1
2.748000000E1	6.838811501E1	1.286728808E1
2.752000000E1	6.795950170E1	1.283155652E1
2.756000000E1	6.760154238E1	1.281997419E1
2.760000000E1	6.734441100E1	1.280638843E1
2.764000000E1	6.729425498E1	1.275307647E1
2.768000000E1	6.733034126E1	1.267540424E1
2.772000000E1	6.741202215E1	1.265702713E1
2.776000000E1	6.746878139E1	1.269400627E1
2.780000000E1	6.750232787E1	1.278638024E1
2.784000000E1	6.756247401E1	1.283316692E1
2.788000000E1	6.758082874E1	1.292833344E1
2.792000000E1	6.753898582E1	1.305348831E1
2.796000000E1	6.744598126E1	1.317997458E1
2.800000000E1	6.729275958E1	1.338117282E1
2.804000000E1	6.702073919E1	1.366272113E1
2.808000000E1	6.665355914E1	1.394697936E1
2.812000000E1	6.610873496E1	1.435102469E1
2.816000000E1	6.538083397E1	1.477315819E1
2.820000000E1	6.454868131E1	1.518058480E1
2.824000000E1	6.368204371E1	1.549992429E1
2.828000000E1	6.289295942E1	1.569497773E1
2.832000000E1	6.222522631E1	1.586593156E1
2.836000000E1	6.176480418E1	1.590622378E1
2.840000000E1	6.149241938E1	1.580739236E1
2.844000000E1	6.140381793E1	1.564930918E1
2.848000000E1	6.138016891E1	1.547828998E1
2.852000000E1	6.134535802E1	1.532256730E1
2.856000000E1	6.137275540E1	1.509621515E1
2.860000000E1	6.132320666E1	1.500440149E1
2.864000000E1	6.127809176E1	1.490800496E1
2.868000000E1	6.117878642E1	1.488340828E1
2.872000000E1	6.114472223E1	1.480691611E1
2.876000000E1	6.109304165E1	1.478735749E1
2.880000000E1	6.111838727E1	1.481657591E1
2.884000000E1	6.115966468E1	1.489342445E1
2.888000000E1	6.130453527E1	1.493977263E1
2.892000000E1	6.146347594E1	1.505360878E1
2.896000000E1	6.174594565E1	1.516627307E1
2.900000000E1	6.218099337E1	1.535299657E1
2.904000000E1	6.280359092E1	1.552805247E1
2.908000000E1	6.359897464E1	1.570272500E1
2.912000000E1	6.460838322E1	1.589917182E1
2.916000000E1	6.579820149E1	1.595649688E1
2.920000000E1	6.710521484E1	1.595254181E1
2.924000000E1	6.847943759E1	1.593991056E1
2.928000000E1	6.987131306E1	1.577346777E1
2.932000000E1	7.125375380E1	1.559754318E1
2.936000000E1	7.259252389E1	1.535695986E1
2.940000000E1	7.381691295E1	1.522088289E1
2.944000000E1	7.495536639E1	1.509168511E1
2.948000000E1	7.596931346E1	1.507020781E1
2.952000000E1	7.682061082E1	1.514484432E1
2.956000000E1	7.757524746E1	1.515430830E1
2.960000000E1	7.815057383E1	1.515586547E1
2.964000000E1	7.864570295E1	1.495652489E1
2.968000000E1	7.899131018E1	1.465450957E1
2.972000000E1	7.916501717E1	1.427749011E1
2.976000000E1	7.917419024E1	1.385625375E1
2.980000000E1	7.898030670E1	1.348766672E1
2.984000000E1	7.860928457E1	1.328862488E1
2.988000000E1	7.809057082E1	1.316433622E1
2.992000000E1	7.733155403E1	1.310422902E1
2.996000000E1	7.641537994E1	1.308312138E1
3.000000000E1	7.539465617E1	1.310615240E1
3.004000000E1	7.427181990E1	1.309886430E1
3.008000000E1	7.314407968E1	1.309634487E1
3.012000000E1	7.203652325E1	1.308157591E1
3.016000000E1	7.100493644E1	1.308591806E1
3.020000000E1	7.001169597E1	1.310038363E1
3.024000000E1	6.911654107E1	1.309618000E1
3.028000000E1	6.834854643E1	1.310226096E1
3.032000000E1	6.770915157E1	1.303227699E1
3.036000000E1	6.719946485E1	1.294780740E1
3.040000000E1	6.677964429E1	1.283699784E1
3.044000000E1	6.647015491E1	1.282378169E1
3.048000000E1	6.625040638E1	1.285041016E1
3.052000000E1	6.619601408E1	1.292395703E1
3.056000000E1	6.623608968E1	1.296384050E1
3.060000000E1	6.623456961E1	1.299427839E1
3.064000000E1	6.623205325E1	1.300068834E1
3.068000000E1	6.612532501E1	1.320475615E1
3.072000000E1	6.596827991E1	1.347306548E1
3.076000000E1	6.569139227E1	1.381304552E1
3.080000000E1	6.525037266E1	1.417751594E1
3.084000000E1	6.462256561E1	1.458674746E1
3.088000000E1	6.384378613E1	1.501849600E1
3.092000000E1	6.295622304E1	1.536049958E1
3.096000000E1	6.202370771E1	1.564192037E1
3.100000000E1	6.102343154E1	1.589579587E1
3.104000000E1	6.009397642E1	1.600842521E1
3.108000000E1	5.923887251E1	1.606963904E1
3.112000000E1	5.852436124E1	1.602826090E1
3.116000000E1	5.796788993E1	1.587322583E1
3.120000000E1	5.758585821E1	1.568862560E1
3.124000000E1	5.734712559E1	1.547473381E1
3.128000000E1	5.726677360E1	1.531570656E1
3.132000000E1	5.732408770E1	1.515876931E1
3.136000000E1	5.747179882E1	1.507652019E1
3.140000000E1	5.772572884E1	1.510585679E1
3.144000000E1	5.808087671E1	1.523870292E1
3.148000000E1	5.855726921E1	1.536623463E1
3.152000000E1	5.922370493E1	1.550343779E1
3.156000000E1	6.013134194E1	1.567421831E1
3.160000000E1	6.131048585E1	1.592909736E1
3.164000000E1	6.274189356E1	1.604484157E1
3.168000000E1	6.436717421E1	1.621258402E1
3.172000000E1	6.611640214E1	1.635128308E1
3.176000000E1	6.798369514E1	1.653475975E1
3.180000000E1	6.983767916E1	1.654038556E1
3.184000000E1	7.156041399E1	1.640346223E1
3.188000000E1	7.314659663E1	1.632816073E1
3.192000000E1	7.462476434E1	1.621503942E1
3.196000000E1	7.586640151E1	1.597419295E1
3.200000000E1	7.696813079E1	1.583112453E1
3.204000000E1	7.791490850E1	1.548466507E1
3.208000000E1	7.867840808E1	1.504730379E1
3.212000000E1	7.918713360E1	1.470380842E1
3.216000000E1	7.955283396E1	1.427707188E1
3.220000000E1	7.974405929E1	1.396031280E1
3.224000000E1	7.975714109E1	1.368513723E1
3.228000000E1	7.962219855E1	1.346786358E1
3.232000000E1	7.940121809E1	1.333113577E1
3.236000000E1	7.904664588E1	1.324258883E1
3.240000000E1	7.854095611E1	1.324662679E1
3.244000000E1	7.788430058E1	1.337208968E1
3.248000000E1	7.706453787E1	1.351885054E1
3.252000000E1	7.612327683E1	1.349904637E1
3.256000000E1	7.506847710E1	1.340389442E1
3.260000000E1	7.394322070E1	1.322853958E1
3.264000000E1	7.283632423E1	1.306660191E1
3.268000000E1	7.179222814E1	1.281018921E1
3.272000000E1	7.083907221E1	1.265598028E1
3.276000000E1	6.998262462E1	1.264451185E1
3.280000000E1	6.921217936E1	1.263757766E1
3.284000000E1	6.857653799E1	1.266425294E1
3.288000000E1	6.801386108E1	1.266870280E1
3.292000000E1	6.746320712E1	1.269453253E1
3.296000000E1	6.699524724E1	1.271109933E1
3.300000000E1	6.657186941E1	1.276338605E1
3.304000000E1	6.624447152E1	1.277529467E1
3.308000000E1	6.597036118E1	1.278140826E1
3.312000000E1	6.583638434E1	1.271179690E1
3.316000000E1	6.580269347E1	1.265961731E1
3.320000000E1	6.577931318E1	1.259627548E1
3.324000000E1	6.578235866E1	1.260928381E1
3.328000000E1	6.572614459E1	1.264275152E1
3.332000000E1	6.565346122E1	1.270821573E1
3.336000000E1	6.542910048E1	1.293781943E1
3.340000000E1	6.509406876E1	1.323753062E1
3.344000000E1	6.468653056E1	1.345747717E1
3.348000000E1	6.415817686E1	1.372281101E1
3.352000000E1	6.350564151E1	1.396541369E1
3.356000000E1	6.283121241E1	1.418105589E1
3.360000000E1	6.225718774E1	1.436511596E1
3.364000000E1	6.185257387E1	1.446542123E1
3.368000000E1	6.167431189E1	1.460219935E1
3.372000000E1	6.171565646E1	1.473826432E1
3.376000000E1	6.197311967E1	1.475424932E1
3.380000000E1	6.239951415E1	1.475150419E1
3.384000000E1	6.306872231E1	1.477186800E1
3.388000000E1	6.392070476E1	1.487738041E1
3.392000000E1	6.505279676E1	1.491026898E1
3.396000000E1	6.638666720E1	1.502779643E1
3.400000000E1	6.786051006E1	1.512640773E1
3.404000000E1	6.950664138E1	1.524235484E1
3.408000000E1	7.114443324E1	1.533093692E1
3.412000000E1	7.276098814E1	1.537629111E1
3.416000000E1	7.431249542E1	1.533167162E1
3.420000000E1	7.568591858E1	1.518732188E1
3.424000000E1	7.688945002E1	1.506095905E1
3.428000000E1	7.791692864E1	1.487116300E1
3.432000000E1	7.871379851E1	1.458498880E1
3.436000000E1	7.930086987E1	1.427675921E1
3.440000000E1	7.970453819E1	1.389610535E1
3.444000000E1	7.985860107E1	1.357140700E1
3.448000000E1	7.975811125E1	1.331061394E1
3.452000000E1	7.944335604E1	1.306655313E1
3.456000000E1	7.899431407E1	1.296245787E1
3.460000000E1	7.837713598E1	1.296812230E1
3.464000000E1	7.761566001E1	1.307662521E1
3.468000000E1	7.674461287E1	1.317695980E1
3.472000000E1	7.576889843E1	1.320347950E1
3.476000000E1	7.473531123E1	1.317783515E1
3.480000000E1	7.364362811E1	1.297879923E1
3.484000000E1	7.256294203E1	1.281490443E1
3.488000000E1	7.151189788E1	1.275949907E1
3.492000000E1	7.058553879E1	1.265598240E1
3.496000000E1	6.974973405E1	1.273294045E1
3.500000000E1	6.909108437E1	1.268526056E1
3.504000000E1	6.850162308E1	1.267019446E1
3.508000000E1	6.792426961E1	1.264142725E1
3.512000000E1	6.740312191E1	1.248564093E1
3.516000000E1	6.692650619E1	1.237208744E1
3.520000000E1	6.666135726E1	1.236550693E1
3.524000000E1	6.649851447E1	1.236976652E1
3.528000000E1	6.642307645E1	1.238566968E1
3.532000000E1	6.640537724E1	1.238705738E1
3.536000000E1	6.637733232E1	1.241090720E1
3.540000000E1	6.627927719E1	1.246334652E1
3.544000000E1	6.613300588E1	1.262039427E1
3.548000000E1	6.595666995E1	1.277150113E1
3.552000000E1	6.569704916E1	1.299694182E1
3.556000000E1	6.537148935E1	1.325738684E1
3.560000000E1	6.503239798E1	1.351735122E1
3.564000000E1	6.465593615E1	1.368860258E1
3.568000000E1	6.429385263E1	1.381307115E1
3.572000000E1	6.400528706E1	1.387884273E1
3.576000000E1	6.372195634E1	1.389401281E1
3.580000000E1	6.353189947E1	1.388922981E1
3.584000000E1	6.339300543E1	1.387766554E1
3.588000000E1	6.334519292E1	1.386903575E1
3.592000000E1	6.335714086E1	1.386432478E1
3.596000000E1	6.341246613E1	1.386900024E1
3.600000000E1	6.352835967E1	1.389714332E1
3.604000000E1	6.366749639E1	1.399368826E1
3.608000000E1	6.387212816E1	1.413107837E1
3.612000000E1	6.429776502E1	1.419089379E1
3.616000000E1	6.489482979E1	1.432659645E1
3.620000000E1	6.572289204E1	1.445506276E1
3.624000000E1	6.678797638E1	1.458000103E1
3.628000000E1	6.807446579E1	1.475696163E1
3.632000000E1	6.955677513E1	1.489346791E1
3.636000000E1	7.111476061E1	1.491747175E1
3.640000000E1	7.266642075E1	1.495597106E1
3.644000000E1	7.417689360E1	1.497019455E1
3.648000000E1	7.554327645E1	1.492492516E1
3.652000000E1	7.674812188E1	1.486889444E1
3.656000000E1	7.777622717E1	1.468443231E1
3.660000000E1	7.860743258E1	1.444757800E1
3.664000000E1	7.920804295E1	1.429359804E1
3.668000000E1	7.962233078E1	1.410297868E1
3.672000000E1	7.988146049E1	1.395091263E1
3.676000000E1	8.000603953E1	1.373012497E1
3.680000000E1	8.000594937E1	1.358042028E1
3.684000000E1	7.986757922E1	1.340750409E1
3.688000000E1	7.963616884E1	1.322810552E1
3.692000000E1	7.939317087E1	1.306643458E1
3.696000000E1	7.910109986E1	1.294566311E1
3.700000000E1	7.870613562E1	1.294888225E1
3.704000000E1	7.825452162E1	1.295367679E1
3.708000000E1	7.768077726E1	1.300818350E1
3.712000000E1	7.699490473E1	1.307961899E1
3.716000000E1	7.614181641E1	1.302344193E1
3.720000000E1	7.524677340E1	1.296287560E1
3.724000000E1	7.427418305E1	1.293876794E1
3.728000000E1	7.329338203E1	1.295062977E1
3.732000000E1	7.227396287E1	1.294399011E1
3.736000000E1	7.134393485E1	1.294605253E1
3.740000000E1	7.046235277E1	1.309372663E1
3.744000000E1	6.969580251E1	1.314605543E1
3.748000000E1	6.896663308E1	1.314034424E1
3.752000000E1	6.835405359E1	1.313431986E1
3.756000000E1	6.789315770E1	1.307445104E1
3.760000000E1	6.756702081E1	1.286288437E1
3.764000000E1	6.731377128E1	1.273231586E1
3.768000000E1	6.718319954E1	1.265156127E1
3.772000000E1	6.711024230E1	1.258514429E1
3.776000000E1	6.710904811E1	1.255272855E1
3.780000000E1	6.708697348E1	1.252010577E1
3.784000000E1	6.705026922E1	1.251214358E1
3.788000000E1	6.701343955E1	1.250122061E1
3.792000000E1	6.698614024E1	1.251113314E1
3.796000000E1	6.693158245E1	1.254468763E1
3.800000000E1	6.686575411E1	1.262926967E1
3.804000000E1	6.683162259E1	1.278956220E1
3.808000000E1	6.673185197E1	1.290843221E1
3.812000000E1	6.663228395E1	1.307982631E1
3.816000000E1	6.641944147E1	1.327015581E1
3.820000000E1	6.611611072E1	1.358147275E1
3.824000000E1	6.572604266E1	1.396190863E1
3.828000000E1	6.527101195E1	1.432700857E1
3.832000000E1	6.474571410E1	1.468932984E1
3.836000000E1	6.420364545E1	1.504599997E1
3.840000000E1	6.365045936E1	1.535216282E1
3.844000000E1	6.310422516E1	1.563194130E1
3.848000000E1	6.264276375E1	1.588811804E1
3.852000000E1	6.235238214E1	1.609961066E1
3.856000000E1	6.221517427E1	1.629906644E1
3.860000000E1	6.220598478E1	1.651167957E1
3.864000000E1	6.235685287E1	1.657314539E1
3.868000000E1	6.263288468E1	1.661733349E1
3.872000000E1	6.295579309E1	1.668743558E1
3.876000000E1	6.340035070E1	1.671998330E1
3.880000000E1	6.392750035E1	1.674379881E1
3.884000000E1	6.459268143E1	1.672214561E1
3.888000000E1	6.536535321E1	1.669511208E1
3.892000000E1	6.632429453E1	1.658745912E1
3.896000000E1	6.731900347E1	1.650852934E1
3.900000000E1	6.844619080E1	1.639611666E1
3.904000000E1	6.958963377E1	1.624839162E1
3.908000000E1	7.075828514E1	1.609922337E1
3.912000000E1	7.191415063E1	1.597159461E1
3.916000000E1	7.303157985E1	1.585915663E1
3.920000000E1	7.406542233E1	1.568262120E1
3.924000000E1	7.506803674E1	1.561523086E1
3.928000000E1	7.604521527E1	1.550603965E1
3.932000000E1	7.695501658E1	1.537185337E1
3.936000000E1	7.770998201E1	1.519735449E1
3.940000000E1	7.837946154E1	1.476593029E1
3.944000000E1	7.887344640E1	1.433535815E1
3.948000000E1	7.915829128E1	1.398715035E1
3.952000000E1	7.931130428E1	1.363664974E1
3.956000000E1	7.930844470E1	1.338842757E1
3.960000000E1	7.917178210E1	1.326662623E1
3.964000000E1	7.895244709E1	1.308991572E1
3.968000000E1	7.858258196E1	1.308619707E1
3.972000000E1	7.809205767E1	1.308321179E1
3.976000000E1	7.741107889E1	1.303661575E1
3.980000000E1	7.660055446E1	1.297438671E1
3.984000000E1	7.568169843E1	1.282335143E1
3.988000000E1	7.471008123E1	1.277468329E1
3.992000000E1	7.374339680E1	1.277725913E1
3.996000000E1	7.276613666E1	1.278356020E1
4.000000000E1	7.180140799E1	1.279101898E1
4.004000000E1	7.087982490E1	1.275827178E1
4.008000000E1	6.999589457E1	1.275812373E1
4.012000000E1	6.921387627E1	1.267972218E1
4.016000000E1	6.849761439E1	1.265953303E1
4.020000000E1	6.787409831E1	1.250637939E1
4.024000000E1	6.733404676E1	1.234055545E1
4.028000000E1	6.687990230E1	1.222093472E1
4.032000000E1	6.656001185E1	1.218751910E1
4.036000000E1	6.639206247E1	1.218764549E1
4.040000000E1	6.627116770E1	1.219596417E1
4.044000000E1	6.626493699E1	1.219715452E1
4.048000000E1	6.626274014E1	1.220355671E1
4.052000000E1	6.624687477E1	1.221507452E1
4.056000000E1	6.622183588E1	1.227206708E1
4.060000000E1	6.612008721E1	1.238210285E1
4.064000000E1	6.598504146E1	1.250807079E1
4.068000000E1	6.579233280E1	1.260815482E1
4.072000000E1	6.555554164E1	1.274182029E1
4.076000000E1	6.535236058E1	1.281168092E1
4.080000000E1	6.510164959E1	1.294109208E1
4.084000000E1	6.486649125E1	1.303813364E1
4.088000000E1	6.465297889E1	1.311336690E1
4.092000000E1	6.448704332E1	1.314267870E1
4.096000000E1	6.435540882E1	1.315696298E1
4.100000000E1	6.430167315E1	1.312373102E1
4.104000000E1	6.430799250E1	1.311923361E1
4.108000000E1	6.441769006E1	1.310818284E1
4.112000000E1	6.465131864E1	1.317173774E1
4.116000000E1	6.505143039E1	1.330274656E1
4.120000000E1	6.565323234E1	1.348556345E1
4.124000000E1	6.655523616E1	1.371307089E1
4.128000000E1	6.761942255E1	1.401043400E1
4.132000000E1	6.893308511E1	1.430173483E1
4.136000000E1	7.034793172E1	1.459543156E1
4.140000000E1	7.185162571E1	1.476005164E1
4.144000000E1	7.336164480E1	1.466080824E1
4.148000000E1	7.474489631E1	1.456411006E1
4.152000000E1	7.601357275E1	1.445144421E1
4.156000000E1	7.710250978E1	1.420117164E1
4.160000000E1	7.795227543E1	1.397171294E1
4.164000000E1	7.862255541E1	1.373413302E1
4.168000000E1	7.904855599E1	1.350366616E1
4.172000000E1	7.930544161E1	1.317385693E1
4.176000000E1	7.938379306E1	1.292010929E1
4.180000000E1	7.926738594E1	1.277509209E1
4.184000000E1	7.894333167E1	1.279909064E1
4.188000000E1	7.844438189E1	1.289737054E1
4.192000000E1	7.781701166E1	1.295430278E1
4.196000000E1	7.706296157E1	1.308374588E1
4.200000000E1	7.615375704E1	1.310166063E1
4.204000000E1	7.516774341E1	1.310765202E1
4.208000000E1	7.414056015E1	1.312259375E1
4.212000000E1	7.308898845E1	1.308802790E1
4.216000000E1	7.208362658E1	1.297173842E1
4.220000000E1	7.106208215E1	1.284156625E1
4.224000000E1	7.015831958E1	1.267731769E1
4.228000000E1	6.938401043E1	1.271341238E1
4.232000000E1	6.866707389E1	1.280492607E1
4.236000000E1	6.808679640E1	1.280344716E1
4.240000000E1	6.762204026E1	1.275403339E1
4.244000000E1	6.721767932E1	1.262422754E1
4.248000000E1	6.687688785E1	1.241140832E1
4.252000000E1	6.661368992E1	1.226326763E1
4.256000000E1	6.643743393E1	1.220893866E1
4.260000000E1	6.639850433E1	1.218887757E1
4.264000000E1	6.639641350E1	1.217090594E1
4.268000000E1	6.641120907E1	1.210717390E1
4.272000000E1	6.640948731E1	1.208503261E1
4.276000000E1	6.638930935E1	1.216490383E1
4.280000000E1	6.628014675E1	1.230667338E1
4.284000000E1	6.613231264E1	1.248973962E1
4.288000000E1	6.593977163E1	1.265528433E1
4.292000000E1	6.562564454E1	1.289903967E1
4.296000000E1	6.525070236E1	1.306973532E1
4.300000000E1	6.485619250E1	1.321696400E1
4.304000000E1	6.442464425E1	1.335806303E1
4.308000000E1	6.399515370E1	1.350194387E1
4.312000000E1	6.355612112E1	1.358949417E1
4.316000000E1	6.309319847E1	1.369936222E1
4.320000000E1	6.264761411E1	1.376006707E1
4.324000000E1	6.218934940E1	1.378089845E1
4.328000000E1	6.174904971E1	1.382273241E1
4.332000000E1	6.131934548E1	1.384553046E1
4.336000000E1	6.096793424E1	1.384490517E1
4.340000000E1	6.061905395E1	1.385920460E1
4.344000000E1	6.032073821E1	1.385969566E1
4.348000000E1	6.010769038E1	1.385368145E1
4.352000000E1	5.996679209E1	1.385212166E1
4.356000000E1	5.983442701E1	1.384710724E1
4.360000000E1	5.981329229E1	1.374746184E1
4.364000000E1	5.977254962E1	1.364271413E1
4.368000000E1	5.975724532E1	1.357289265E1
4.372000000E1	5.969824518E1	1.356035569E1
4.376000000E1	5.967616131E1	1.354997008E1
4.380000000E1	5.966430728E1	1.354105748E1
4.384000000E1	5.965894683E1	1.352989825E1
4.388000000E1	5.965382806E1	1.351780806E1
4.392000000E1	5.965260402E1	1.352417749E1
4.396000000E1	5.965213809E1	1.352812609E1
4.400000000E1	5.965242292E1	1.350675795E1
4.404000000E1	5.965074867E1	1.351404863E1
4.408000000E1	5.964964670E1	1.352220981E1
4.412000000E1	5.965091973E1	1.347086326E1
4.416000000E1	5.963596219E1	1.341977948E1
4.420000000E1	5.958431870E1	1.338277847E1
4.424000000E1	5.953724342E1	1.338789663E1
4.428000000E1	5.951025144E1	1.338042490E1
4.432000000E1	5.948518882E1	1.336930968E1
4.436000000E1	5.945945177E1	1.337309503E1
4.440000000E1	5.941678838E1	1.339447168E1
4.444000000E1	5.937821353E1	1.339337004E1
4.448000000E1	5.936933518E1	1.339412243E1
4.452000000E1	5.936682603E1	1.339255659E1
4.456000000E1	5.936499308E1	1.339174845E1
4.460000000E1	5.936597423E1	1.339202833E1
4.464000000E1	5.936549350E1	1.339545575E1
4.468000000E1	5.937011411E1	1.339826680E1
4.472000000E1	5.937543573E1	1.340000385E1
4.476000000E1	5.936754140E1	1.340204142E1
4.480000000E1	5.936275631E1	1.340352778E1
4.484000000E1	5.936016664E1	1.340436814E1
4.488000000E1	5.935812624E1	1.340477741E1
4.492000000E1	5.935076032E1	1.340287989E1
4.496000000E1	5.934430242E1	1.340239296E1
4.500000000E1	5.933005991E1	1.339783999E1
4.504000000E1	5.932093538E1	1.339764833E1
4.508000000E1	5.926680241E1	1.340811834E1
4.512000000E1	5.922480481E1	1.340718131E1
4.516000000E1	5.921323498E1	1.340707287E1
4.520000000E1	5.921103956E1	1.340680802E1
4.524000000E1	5.920927740E1	1.340624586E1
4.528000000E1	5.920476205E1	1.340394214E1
4.532000000E1	5.919843217E1	1.340019946E1
4.536000000E1	5.919031732E1	1.339965874E1
4.540000000E1	5.917868399E1	1.339875871E1
4.544000000E1	5.916677303E1	1.339810389E1
4.548000000E1	5.915735017E1	1.339919435E1
4.552000000E1	5.913767149E1	1.340012696E1
4.556000000E1	5.911770958E1	1.341216816E1
4.560000000E1	5.909629595E1	1.341177093E1
4.564000000E1	5.906820472E1	1.340984843E1
4.568000000E1	5.906099358E1	1.340900602E1
4.572000000E1	5.905593619E1	1.340802248E1
4.576000000E1	5.905363056E1	1.340672996E1
4.580000000E1	5.905363866E1	1.340689777E1
4.584000000E1	5.904177693E1	1.340374775E1
4.588000000E1	5.903174220E1	1.340328564E1
4.592000000E1	5.903734911E1	1.340425934E1
4.596000000E1	5.904155739E1	1.340507582E1
4.600000000E1	5.904057782E1	1.340340628E1
4.604000000E1	5.904080367E1	1.340119108E1
4.608000000E1	5.902907585E1	1.340153197E1
4.612000000E1	5.903779897E1	1.340318707E1
4.616000000E1	5.904193803E1	1.340395594E1
4.620000000E1	5.904995917E1	1.340558715E1
4.624000000E1	5.905449981E1	1.340657633E1
4.628000000E1	5.906050709E1	1.340882049E1
4.632000000E1	5.906834437E1	1.341311032E1
4.636000000E1	5.907914373E1	1.342841950E1
4.640000000E1	5.906456609E1	1.357478631E1
4.644000000E1	5.891776562E1	1.379280907E1
4.648000000E1	5.863830120E1	1.417562280E1
4.652000000E1	5.819788717E1	1.466950651E1
4.656000000E1	5.752234662E1	1.524842466E1
4.660000000E1	5.650907455E1	1.591850464E1
4.664000000E1	5.522374975E1	1.652055886E1
4.668000000E1	5.376959915E1	1.696323425E1
4.672000000E1	5.215602717E1	1.717058166E1
4.676000000E1	5.039373248E1	1.718270544E1
4.680000000E1	4.852497190E1	1.700698750E1
4.684000000E1	4.663792848E1	1.666074042E1
4.688000000E1	4.487703073E1	1.613310205E1
4.692000000E1	4.321421208E1	1.542139482E1
4.696000000E1	4.171308991E1	1.472899456E1
4.700000000E1	4.038161786E1	1.415022628E1
4.704000000E1	3.921027125E1	1.368102032E1
4.708000000E1	3.827619907E1	1.325829280E1
4.712000000E1	3.755104297E1	1.280876807E1
4.716000000E1	3.696325907E1	1.248878178E1
4.720000000E1	3.658403475E1	1.224036215E1
4.724000000E1	3.639458013E1	1.212566404E1
