axel
t	x	y
0.000000000E0	1.269762211E1	3.800730180E1
4.000000000E-2	1.269929626E1	3.800197286E1
8.000000000E-2	1.270723572E1	3.800352859E1
1.200000000E-1	1.272240220E1	3.800646695E1
1.600000000E-1	1.271233283E1	3.800694660E1
2.000000000E-1	1.269913209E1	3.800947492E1
2.400000000E-1	1.268483971E1	3.801623098E1
2.800000000E-1	1.264468727E1	3.801656517E1
3.200000000E-1	1.257665615E1	3.801627352E1
3.600000000E-1	1.254265872E1	3.800754670E1
4.000000000E-1	1.244958974E1	3.800012222E1
4.400000000E-1	1.239272045E1	3.798053063E1
4.800000000E-1	1.229661386E1	3.792219092E1
5.200000000E-1	1.223348484E1	3.785816873E1
5.600000000E-1	1.212866542E1	3.781387497E1
6.000000000E-1	1.209780881E1	3.778924094E1
6.400000000E-1	1.208201112E1	3.777429006E1
6.800000000E-1	1.210444723E1	3.775021574E1
7.200000000E-1	1.213039348E1	3.774331448E1
7.600000000E-1	1.223478285E1	3.777465176E1
8.000000000E-1	1.228932186E1	3.774523613E1
8.400000000E-1	1.228603986E1	3.774011197E1
8.800000000E-1	1.225021799E1	3.772296348E1
9.200000000E-1	1.223125072E1	3.770763550E1
9.600000000E-1	1.220796662E1	3.771319032E1
1.000000000E0	1.222654156E1	3.767046608E1
1.040000000E0	1.224083034E1	3.762056743E1
1.080000000E0	1.225378656E1	3.756937907E1
1.120000000E0	1.227913695E1	3.754023279E1
1.160000000E0	1.230099863E1	3.744935577E1
1.200000000E0	1.229114188E1	3.740519323E1
1.240000000E0	1.227554233E1	3.737412849E1
1.280000000E0	1.226477509E1	3.737432072E1
1.320000000E0	1.225113515E1	3.738737183E1
1.360000000E0	1.224442587E1	3.740747497E1
1.400000000E0	1.223542543E1	3.742139518E1
1.440000000E0	1.221877226E1	3.745962053E1
1.480000000E0	1.214991638E1	3.755928034E1
1.520000000E0	1.209735844E1	3.771459323E1
1.560000000E0	1.198920721E1	3.799203861E1
1.600000000E0	1.190112551E1	3.830084189E1
1.640000000E0	1.184804039E1	3.860040585E1
1.680000000E0	1.198114654E1	3.887329115E1
1.720000000E0	1.236516752E1	3.905076169E1
1.760000000E0	1.298063194E1	3.914463635E1
1.800000000E0	1.377944912E1	3.923194153E1
1.840000000E0	1.466925120E1	3.930946065E1
1.880000000E0	1.567805564E1	3.935154776E1
1.920000000E0	1.673958608E1	3.935314179E1
1.960000000E0	1.777352984E1	3.935757532E1
2.000000000E0	1.874782074E1	3.937963579E1
2.040000000E0	1.955853569E1	3.941767678E1
2.080000000E0	2.021696740E1	3.941551055E1
2.120000000E0	2.068273864E1	3.938177593E1
2.160000000E0	2.099926557E1	3.935633889E1
2.200000000E0	2.120848976E1	3.934564748E1
2.240000000E0	2.133896562E1	3.934544079E1
2.280000000E0	2.143102433E1	3.935351465E1
2.320000000E0	2.143327903E1	3.935167914E1
2.360000000E0	2.132208686E1	3.934040460E1
2.400000000E0	2.111524257E1	3.934443414E1
2.440000000E0	2.087985870E1	3.934191933E1
2.480000000E0	2.061248503E1	3.934657318E1
2.520000000E0	2.027220352E1	3.935357692E1
2.560000000E0	1.992364567E1	3.936140195E1
2.600000000E0	1.954300055E1	3.935837517E1
2.640000000E0	1.917092874E1	3.936834960E1
2.680000000E0	1.882125670E1	3.937865273E1
2.720000000E0	1.840169561E1	3.946129049E1
2.760000000E0	1.815626067E1	3.953181761E1
2.800000000E0	1.791551435E1	3.953181673E1
2.840000000E0	1.760408340E1	3.958619290E1
2.880000000E0	1.742347777E1	3.963506037E1
2.920000000E0	1.726059026E1	3.966424866E1
2.960000000E0	1.708500229E1	3.966660929E1
3.000000000E0	1.692623712E1	3.967114841E1
3.040000000E0	1.678108422E1	3.968365684E1
3.080000000E0	1.665343721E1	3.967522538E1
3.120000000E0	1.649304408E1	3.967091098E1
3.160000000E0	1.637624972E1	3.965699255E1
3.200000000E0	1.629301930E1	3.965169443E1
3.240000000E0	1.623009194E1	3.963856799E1
3.280000000E0	1.626135097E1	3.964289560E1
3.320000000E0	1.627606723E1	3.964512262E1
3.360000000E0	1.625586615E1	3.964394787E1
3.400000000E0	1.617509679E1	3.964753352E1
3.440000000E0	1.610868093E1	3.962508812E1
3.480000000E0	1.602912691E1	3.962124948E1
3.520000000E0	1.612555618E1	3.954001002E1
3.560000000E0	1.612964633E1	3.951221049E1
3.600000000E0	1.614006956E1	3.949985993E1
3.640000000E0	1.615335795E1	3.949261845E1
3.680000000E0	1.614223241E1	3.947650430E1
3.720000000E0	1.612966454E1	3.946696374E1
3.760000000E0	1.611904918E1	3.947586822E1
3.800000000E0	1.610255838E1	3.947324121E1
3.840000000E0	1.604810904E1	3.949130722E1
3.880000000E0	1.600047976E1	3.948603482E1
3.920000000E0	1.596357578E1	3.947742757E1
3.960000000E0	1.588981052E1	3.948827935E1
4.000000000E0	1.584075926E1	3.948038505E1
4.040000000E0	1.581805969E1	3.947280805E1
4.080000000E0	1.580151309E1	3.946446087E1
4.120000000E0	1.580964171E1	3.943975227E1
4.160000000E0	1.582615398E1	3.944470570E1
4.200000000E0	1.605001620E1	3.939342196E1
4.240000000E0	1.628524585E1	3.936710375E1
4.280000000E0	1.667693957E1	3.937018697E1
4.320000000E0	1.715199281E1	3.937398624E1
4.360000000E0	1.770123236E1	3.938300012E1
4.400000000E0	1.834687327E1	3.935611059E1
4.440000000E0	1.911699721E1	3.936235754E1
4.480000000E0	1.989992590E1	3.936970655E1
4.520000000E0	2.067423161E1	3.937853014E1
4.560000000E0	2.136269297E1	3.937803734E1
4.600000000E0	2.200109288E1	3.936851541E1
4.640000000E0	2.248149455E1	3.935891503E1
4.680000000E0	2.280323926E1	3.934035754E1
4.720000000E0	2.296869303E1	3.929361320E1
4.760000000E0	2.323250120E1	3.924862531E1
4.800000000E0	2.331285337E1	3.921044399E1
4.840000000E0	2.333937497E1	3.921088112E1
4.880000000E0	2.322989784E1	3.921533234E1
4.920000000E0	2.305216938E1	3.924612975E1
4.960000000E0	2.264383751E1	3.933742705E1
5.000000000E0	2.227124291E1	3.935668753E1
5.040000000E0	2.166928670E1	3.946348516E1
5.080000000E0	2.123966742E1	3.950916768E1
5.120000000E0	2.064881144E1	3.964635435E1
5.160000000E0	2.022074047E1	3.968871331E1
5.200000000E0	1.977996999E1	3.969747750E1
5.240000000E0	1.939914986E1	3.967771118E1
5.280000000E0	1.902033338E1	3.968171386E1
5.320000000E0	1.864588207E1	3.973057061E1
5.360000000E0	1.847385601E1	3.982198094E1
5.400000000E0	1.818431630E1	3.993454941E1
5.440000000E0	1.799284490E1	3.996070782E1
5.480000000E0	1.778214406E1	3.995914152E1
5.520000000E0	1.758359481E1	3.995792626E1
5.560000000E0	1.740628183E1	3.997191473E1
5.600000000E0	1.724037972E1	3.996568790E1
5.640000000E0	1.706528890E1	3.995666704E1
5.680000000E0	1.690982215E1	3.993607008E1
5.720000000E0	1.676066294E1	3.990524194E1
5.760000000E0	1.669182933E1	3.988856975E1
5.800000000E0	1.672779974E1	3.991785678E1
5.840000000E0	1.676226309E1	3.993686033E1
5.880000000E0	1.679650024E1	3.994510708E1
5.920000000E0	1.677647231E1	3.994679792E1
5.960000000E0	1.674463930E1	3.994482700E1
6.000000000E0	1.668661570E1	3.993623208E1
6.040000000E0	1.662176092E1	3.994431318E1
6.080000000E0	1.659326567E1	3.993931105E1
6.120000000E0	1.659466393E1	3.994719929E1
6.160000000E0	1.659515182E1	3.994815289E1
6.200000000E0	1.659594866E1	3.994910540E1
6.240000000E0	1.659563209E1	3.994890890E1
6.280000000E0	1.658065486E1	3.994565732E1
6.320000000E0	1.651244705E1	3.994565800E1
6.360000000E0	1.645206126E1	3.993987924E1
6.400000000E0	1.641576582E1	3.993291996E1
6.440000000E0	1.636423807E1	3.993543738E1
6.480000000E0	1.630941265E1	3.992221174E1
6.520000000E0	1.631084496E1	3.991402367E1
6.560000000E0	1.649341539E1	3.983847209E1
6.600000000E0	1.660082749E1	3.980414079E1
6.640000000E0	1.677134213E1	3.979445552E1
6.680000000E0	1.701857771E1	3.977576829E1
6.720000000E0	1.729993602E1	3.977553910E1
6.760000000E0	1.758903502E1	3.975648017E1
6.800000000E0	1.807485361E1	3.967860935E1
6.840000000E0	1.850249599E1	3.962423978E1
6.880000000E0	1.903389224E1	3.961329766E1
6.920000000E0	1.961063756E1	3.961229699E1
6.960000000E0	2.022043427E1	3.963970646E1
7.000000000E0	2.081462006E1	3.965079323E1
7.040000000E0	2.131798017E1	3.964735021E1
7.080000000E0	2.175050759E1	3.965541988E1
7.120000000E0	2.203743255E1	3.964981788E1
7.160000000E0	2.223800148E1	3.964173083E1
7.200000000E0	2.231552528E1	3.962575477E1
7.240000000E0	2.246195874E1	3.951217583E1
7.280000000E0	2.259461912E1	3.936359672E1
7.320000000E0	2.254511592E1	3.933599876E1
7.360000000E0	2.245080917E1	3.933573202E1
7.400000000E0	2.230478511E1	3.933775287E1
7.440000000E0	2.215991036E1	3.934503482E1
7.480000000E0	2.202716759E1	3.936307810E1
7.520000000E0	2.180799548E1	3.936753899E1
7.560000000E0	2.151567540E1	3.937896025E1
7.600000000E0	2.113924980E1	3.939457896E1
7.640000000E0	2.072617442E1	3.937041074E1
7.680000000E0	2.034085701E1	3.938390060E1
7.720000000E0	1.996542375E1	3.941411221E1
7.760000000E0	1.938382479E1	3.945770689E1
7.800000000E0	1.911152995E1	3.951565264E1
7.840000000E0	1.875929946E1	3.955543075E1
7.880000000E0	1.839953616E1	3.954891277E1
7.920000000E0	1.794339929E1	3.962401775E1
7.960000000E0	1.765766861E1	3.963633551E1
8.000000000E0	1.735105902E1	3.962253316E1
8.040000000E0	1.720451690E1	3.953391379E1
8.080000000E0	1.701706791E1	3.948692067E1
8.120000000E0	1.694596257E1	3.948362353E1
8.160000000E0	1.693306619E1	3.947482365E1
8.200000000E0	1.694930198E1	3.947140485E1
8.240000000E0	1.694513209E1	3.946566359E1
8.280000000E0	1.689754310E1	3.945588246E1
8.320000000E0	1.684026065E1	3.945265706E1
8.360000000E0	1.673583700E1	3.947043518E1
8.400000000E0	1.664251359E1	3.948876316E1
8.440000000E0	1.656449604E1	3.949078643E1
8.480000000E0	1.645032306E1	3.949564357E1
8.520000000E0	1.630874278E1	3.948852263E1
8.560000000E0	1.617052143E1	3.947421524E1
8.600000000E0	1.616889421E1	3.940342727E1
8.640000000E0	1.606883805E1	3.935924295E1
8.680000000E0	1.599008421E1	3.931426221E1
8.720000000E0	1.591513640E1	3.933106228E1
8.760000000E0	1.582467436E1	3.930198952E1
8.800000000E0	1.573010535E1	3.931382113E1
8.840000000E0	1.567011995E1	3.929895722E1
8.880000000E0	1.561375782E1	3.932587503E1
8.920000000E0	1.557263618E1	3.934087966E1
8.960000000E0	1.555469957E1	3.934607691E1
9.000000000E0	1.553302240E1	3.934499295E1
9.040000000E0	1.551160366E1	3.934579039E1
9.080000000E0	1.549830230E1	3.935037380E1
9.120000000E0	1.550149962E1	3.935054573E1
9.160000000E0	1.553452681E1	3.935463259E1
9.200000000E0	1.555128622E1	3.935822244E1
9.240000000E0	1.557010037E1	3.935999255E1
9.280000000E0	1.559821631E1	3.936165874E1
9.320000000E0	1.564838667E1	3.935166493E1
9.360000000E0	1.569303794E1	3.935359035E1
9.400000000E0	1.572079632E1	3.935681724E1
9.440000000E0	1.584128782E1	3.935151280E1
9.480000000E0	1.601529823E1	3.935453012E1
9.520000000E0	1.630552809E1	3.935380768E1
9.560000000E0	1.667106279E1	3.934613473E1
9.600000000E0	1.717945756E1	3.935424407E1
9.640000000E0	1.778441390E1	3.936394883E1
9.680000000E0	1.842015889E1	3.938140381E1
9.720000000E0	1.907996525E1	3.937142395E1
9.760000000E0	1.972551636E1	3.937456443E1
9.800000000E0	2.029273016E1	3.936174501E1
9.840000000E0	2.078801133E1	3.936445263E1
9.880000000E0	2.121336953E1	3.935544370E1
9.920000000E0	2.153689194E1	3.935177197E1
9.960000000E0	2.175509003E1	3.935375966E1
1.000000000E1	2.190939910E1	3.934762928E1
1.004000000E1	2.194074064E1	3.933273161E1
1.008000000E1	2.193783132E1	3.933166448E1
1.012000000E1	2.185748031E1	3.934564382E1
1.016000000E1	2.171643392E1	3.935399596E1
1.020000000E1	2.148912953E1	3.935422410E1
1.024000000E1	2.122962176E1	3.937247356E1
1.028000000E1	2.087236257E1	3.937454943E1
1.032000000E1	2.047840750E1	3.938832850E1
1.036000000E1	1.989824320E1	3.946929077E1
1.040000000E1	1.948965389E1	3.950342043E1
1.044000000E1	1.913334595E1	3.951226548E1
1.048000000E1	1.866716407E1	3.960199345E1
1.052000000E1	1.840714385E1	3.964985318E1
1.056000000E1	1.815350637E1	3.968791793E1
1.060000000E1	1.784426983E1	3.967606000E1
1.064000000E1	1.759331480E1	3.965288557E1
1.068000000E1	1.740561007E1	3.966041626E1
1.072000000E1	1.727934774E1	3.964681590E1
1.076000000E1	1.722219326E1	3.965711849E1
1.080000000E1	1.719519645E1	3.966227887E1
1.084000000E1	1.719529377E1	3.967331813E1
1.088000000E1	1.719095324E1	3.967360401E1
1.092000000E1	1.717812818E1	3.966431752E1
1.096000000E1	1.716315281E1	3.965986547E1
1.100000000E1	1.715524881E1	3.965405483E1
1.104000000E1	1.716927502E1	3.964922753E1
1.108000000E1	1.717602007E1	3.964878923E1
1.112000000E1	1.719089414E1	3.964894787E1
1.116000000E1	1.719285048E1	3.965037925E1
1.120000000E1	1.718730255E1	3.965259493E1
1.124000000E1	1.717406525E1	3.965578781E1
1.128000000E1	1.716762302E1	3.965677706E1
1.132000000E1	1.713848945E1	3.965466815E1
1.136000000E1	1.706976616E1	3.965863667E1
1.140000000E1	1.702708865E1	3.965069671E1
1.144000000E1	1.695420212E1	3.964850138E1
1.148000000E1	1.687851308E1	3.962351758E1
1.152000000E1	1.700415718E1	3.952161612E1
1.156000000E1	1.700682391E1	3.950494251E1
1.160000000E1	1.701693498E1	3.949556333E1
1.164000000E1	1.702867587E1	3.949079913E1
1.168000000E1	1.706154491E1	3.949197927E1
1.172000000E1	1.708808128E1	3.947013562E1
1.176000000E1	1.735250010E1	3.937353577E1
1.180000000E1	1.757017588E1	3.934298353E1
1.184000000E1	1.786195919E1	3.934986930E1
1.188000000E1	1.822940128E1	3.934040340E1
1.192000000E1	1.867726725E1	3.934085375E1
1.196000000E1	1.917194183E1	3.934509806E1
1.200000000E1	1.968977764E1	3.932964710E1
1.204000000E1	2.019792825E1	3.933413048E1
1.208000000E1	2.072586207E1	3.932498906E1
1.212000000E1	2.122790449E1	3.932834070E1
1.216000000E1	2.169300804E1	3.933380649E1
1.220000000E1	2.210388769E1	3.934017810E1
1.224000000E1	2.235225907E1	3.934364318E1
1.228000000E1	2.245804868E1	3.932343221E1
1.232000000E1	2.242867215E1	3.931174474E1
1.236000000E1	2.233346070E1	3.931631819E1
1.240000000E1	2.220202491E1	3.932942904E1
1.244000000E1	2.201215805E1	3.934085117E1
1.248000000E1	2.180820155E1	3.934456819E1
1.252000000E1	2.152385384E1	3.935613138E1
1.256000000E1	2.119936839E1	3.937136307E1
1.260000000E1	2.061256354E1	3.949990019E1
1.264000000E1	2.007264292E1	3.963227381E1
1.268000000E1	1.972036625E1	3.965109547E1
1.272000000E1	1.937921000E1	3.967307434E1
1.276000000E1	1.883081887E1	3.976976571E1
1.280000000E1	1.850041520E1	3.977324741E1
1.284000000E1	1.808982901E1	3.975949278E1
1.288000000E1	1.786581192E1	3.969014107E1
1.292000000E1	1.751334740E1	3.961090413E1
1.296000000E1	1.745748218E1	3.948665236E1
1.300000000E1	1.750328806E1	3.939020368E1
1.304000000E1	1.752628119E1	3.935238736E1
1.308000000E1	1.758246695E1	3.933476108E1
1.312000000E1	1.761856961E1	3.935662908E1
1.316000000E1	1.762770159E1	3.935524600E1
1.320000000E1	1.758511199E1	3.932091751E1
1.324000000E1	1.751304535E1	3.934135421E1
1.328000000E1	1.746922304E1	3.933812505E1
1.332000000E1	1.744255497E1	3.934004310E1
1.336000000E1	1.744459362E1	3.934657815E1
1.340000000E1	1.742869974E1	3.934871871E1
1.344000000E1	1.737541776E1	3.939609131E1
1.348000000E1	1.732919829E1	3.934999026E1
1.352000000E1	1.722260694E1	3.935066817E1
1.356000000E1	1.716349994E1	3.934315932E1
1.360000000E1	1.706065268E1	3.934910740E1
1.364000000E1	1.700464532E1	3.935972544E1
1.368000000E1	1.695326498E1	3.937546943E1
1.372000000E1	1.692529293E1	3.934689104E1
1.376000000E1	1.694974574E1	3.935096739E1
1.380000000E1	1.699475158E1	3.933924453E1
1.384000000E1	1.704462956E1	3.934501469E1
1.388000000E1	1.709857214E1	3.934893393E1
1.392000000E1	1.720675104E1	3.934548935E1
1.396000000E1	1.733518004E1	3.934242619E1
1.400000000E1	1.747839270E1	3.933920307E1
1.404000000E1	1.766179722E1	3.933967345E1
1.408000000E1	1.790524700E1	3.932974307E1
1.412000000E1	1.822504669E1	3.933712986E1
1.416000000E1	1.862222564E1	3.934807739E1
1.420000000E1	1.907945569E1	3.935349038E1
1.424000000E1	1.954610905E1	3.937082498E1
1.428000000E1	2.002960163E1	3.940096491E1
1.432000000E1	2.052648811E1	3.940793228E1
1.436000000E1	2.106429542E1	3.935769264E1
1.440000000E1	2.156205540E1	3.934674670E1
1.444000000E1	2.197743531E1	3.932479730E1
1.448000000E1	2.238790637E1	3.929968598E1
1.452000000E1	2.288095546E1	3.921863533E1
1.456000000E1	2.307881925E1	3.919587865E1
1.460000000E1	2.338783412E1	3.908302185E1
1.464000000E1	2.341135272E1	3.910205532E1
1.468000000E1	2.338410545E1	3.906307566E1
1.472000000E1	2.331803428E1	3.904159523E1
1.476000000E1	2.322049877E1	3.904916910E1
1.480000000E1	2.303544981E1	3.905652974E1
1.484000000E1	2.259347993E1	3.916470000E1
1.488000000E1	2.232384960E1	3.919710630E1
1.492000000E1	2.195787610E1	3.920082230E1
1.496000000E1	2.161096111E1	3.922516749E1
1.500000000E1	2.118019198E1	3.921155765E1
1.504000000E1	2.074986397E1	3.922457844E1
1.508000000E1	2.030810631E1	3.922920850E1
1.512000000E1	1.973271469E1	3.930163165E1
1.516000000E1	1.933687969E1	3.936048032E1
1.520000000E1	1.882091090E1	3.945194026E1
1.524000000E1	1.850123573E1	3.947031077E1
1.528000000E1	1.826820801E1	3.946989792E1
1.532000000E1	1.826016348E1	3.940012779E1
1.536000000E1	1.821279172E1	3.934271767E1
1.540000000E1	1.821932794E1	3.934247321E1
1.544000000E1	1.825386813E1	3.934321854E1
1.548000000E1	1.828316413E1	3.934989453E1
1.552000000E1	1.826523604E1	3.934674705E1
1.556000000E1	1.821715180E1	3.933910205E1
1.560000000E1	1.813725784E1	3.934771116E1
1.564000000E1	1.807685034E1	3.934094815E1
1.568000000E1	1.800180415E1	3.934670750E1
1.572000000E1	1.793889263E1	3.934091348E1
1.576000000E1	1.792000157E1	3.933744805E1
1.580000000E1	1.789336131E1	3.933416886E1
1.584000000E1	1.786953355E1	3.933278373E1
1.588000000E1	1.785018629E1	3.934844912E1
1.592000000E1	1.781999804E1	3.934799772E1
1.596000000E1	1.779729735E1	3.934658982E1
1.600000000E1	1.778910051E1	3.934574440E1
1.604000000E1	1.778140218E1	3.934572642E1
1.608000000E1	1.777321696E1	3.934536066E1
1.612000000E1	1.776453265E1	3.934470537E1
1.616000000E1	1.775322120E1	3.934401944E1
1.620000000E1	1.774127301E1	3.934149773E1
1.624000000E1	1.769589606E1	3.935305708E1
1.628000000E1	1.768662605E1	3.934929550E1
1.632000000E1	1.771217477E1	3.934872552E1
1.636000000E1	1.777716019E1	3.933668639E1
1.640000000E1	1.791617349E1	3.933511246E1
1.644000000E1	1.808367186E1	3.933801542E1
1.648000000E1	1.829638443E1	3.934431434E1
1.652000000E1	1.856070392E1	3.933906180E1
1.656000000E1	1.896809175E1	3.933135159E1
1.660000000E1	1.944692361E1	3.933463979E1
1.664000000E1	2.000185392E1	3.932259054E1
1.668000000E1	2.064063289E1	3.933084246E1
1.672000000E1	2.131679550E1	3.933220833E1
1.676000000E1	2.200995006E1	3.935361136E1
1.680000000E1	2.260800125E1	3.935875937E1
1.684000000E1	2.307173717E1	3.935109816E1
1.688000000E1	2.338789498E1	3.934460318E1
1.692000000E1	2.356275656E1	3.932103690E1
1.696000000E1	2.363018327E1	3.933499884E1
1.700000000E1	2.356170690E1	3.932830619E1
1.704000000E1	2.342973461E1	3.933738280E1
1.708000000E1	2.320547484E1	3.934899980E1
1.712000000E1	2.293232898E1	3.935929515E1
1.716000000E1	2.266129653E1	3.938334528E1
1.720000000E1	2.228311159E1	3.937469098E1
1.724000000E1	2.192432816E1	3.936988822E1
1.728000000E1	2.132508712E1	3.946919924E1
1.732000000E1	2.090076018E1	3.950281708E1
1.736000000E1	2.048949294E1	3.953880224E1
1.740000000E1	1.991052688E1	3.962351428E1
1.744000000E1	1.954706554E1	3.963684893E1
1.748000000E1	1.926857968E1	3.964862677E1
1.752000000E1	1.901390980E1	3.966312644E1
1.756000000E1	1.877834065E1	3.965409449E1
1.760000000E1	1.858273324E1	3.965284197E1
1.764000000E1	1.844163619E1	3.964160262E1
1.768000000E1	1.835139181E1	3.960183923E1
1.772000000E1	1.832340013E1	3.958698032E1
1.776000000E1	1.845280865E1	3.956866839E1
1.780000000E1	1.842044315E1	3.951707364E1
1.784000000E1	1.838863224E1	3.949574793E1
1.788000000E1	1.836046918E1	3.948132682E1
1.792000000E1	1.827904574E1	3.948592255E1
1.796000000E1	1.819527891E1	3.946931910E1
1.800000000E1	1.810392268E1	3.947925013E1
1.804000000E1	1.804057490E1	3.947583143E1
1.808000000E1	1.795907759E1	3.949184143E1
1.812000000E1	1.783422189E1	3.949515498E1
1.816000000E1	1.774700810E1	3.948718148E1
1.820000000E1	1.766078287E1	3.949448673E1
1.824000000E1	1.760978269E1	3.948719216E1
1.828000000E1	1.757783507E1	3.948104806E1
1.832000000E1	1.755525291E1	3.948722443E1
1.836000000E1	1.752669426E1	3.948799407E1
1.840000000E1	1.751068434E1	3.948641108E1
1.844000000E1	1.750734687E1	3.948544631E1
1.848000000E1	1.750266115E1	3.948586124E1
1.852000000E1	1.749669855E1	3.948714617E1
1.856000000E1	1.748763145E1	3.948836052E1
1.860000000E1	1.747770530E1	3.948943103E1
1.864000000E1	1.746490411E1	3.948883563E1
1.868000000E1	1.743992665E1	3.948637812E1
1.872000000E1	1.742154424E1	3.948475956E1
1.876000000E1	1.739347993E1	3.949766214E1
1.880000000E1	1.735882657E1	3.949445159E1
1.884000000E1	1.734280102E1	3.949222176E1
1.888000000E1	1.732895134E1	3.948904316E1
1.892000000E1	1.732842952E1	3.949090450E1
1.896000000E1	1.732615372E1	3.949186577E1
1.900000000E1	1.732823332E1	3.949283166E1
1.904000000E1	1.733529511E1	3.949655573E1
1.908000000E1	1.734361804E1	3.950115483E1
1.912000000E1	1.736752088E1	3.950549689E1
1.916000000E1	1.743754241E1	3.950113064E1
1.920000000E1	1.750025954E1	3.950692349E1
1.924000000E1	1.750538942E1	3.933732719E1
1.928000000E1	1.765093993E1	3.933690706E1
1.932000000E1	1.782012266E1	3.933982791E1
1.936000000E1	1.809450369E1	3.933918021E1
1.940000000E1	1.839247637E1	3.934135179E1
1.944000000E1	1.876161830E1	3.935650516E1
1.948000000E1	1.918167016E1	3.936202768E1
1.952000000E1	1.962247548E1	3.938029140E1
1.956000000E1	2.005783462E1	3.939987324E1
1.960000000E1	2.048725427E1	3.940007377E1
1.964000000E1	2.093416103E1	3.939811606E1
1.968000000E1	2.136463864E1	3.939618676E1
1.972000000E1	2.174483970E1	3.937891259E1
1.976000000E1	2.209337298E1	3.934762467E1
1.980000000E1	2.237184061E1	3.932564933E1
1.984000000E1	2.257467405E1	3.929716872E1
1.988000000E1	2.272752103E1	3.929080689E1
1.992000000E1	2.289848544E1	3.924142949E1
1.996000000E1	2.289819762E1	3.921940979E1
2.000000000E1	2.281597025E1	3.923598588E1
2.004000000E1	2.255930620E1	3.927129808E1
2.008000000E1	2.229085771E1	3.931656201E1
2.012000000E1	2.195627467E1	3.933749597E1
2.016000000E1	2.158172742E1	3.938705722E1
2.020000000E1	2.106237142E1	3.947424593E1
2.024000000E1	2.065229370E1	3.953213576E1
2.028000000E1	2.016161669E1	3.958868947E1
2.032000000E1	1.982403973E1	3.963042957E1
2.036000000E1	1.948747216E1	3.964730356E1
2.040000000E1	1.918372509E1	3.968655231E1
2.044000000E1	1.882722415E1	3.976442534E1
2.048000000E1	1.859170640E1	3.979476254E1
2.052000000E1	1.833724720E1	3.978351713E1
2.056000000E1	1.811769621E1	3.978820435E1
2.060000000E1	1.792812841E1	3.976136255E1
2.064000000E1	1.780588095E1	3.973680404E1
2.068000000E1	1.779837528E1	3.967346638E1
2.072000000E1	1.773022253E1	3.965814978E1
2.076000000E1	1.767131044E1	3.963405875E1
2.080000000E1	1.763231321E1	3.962044090E1
2.084000000E1	1.763549741E1	3.962365225E1
2.088000000E1	1.764280582E1	3.962990141E1
2.092000000E1	1.764310710E1	3.963157770E1
2.096000000E1	1.764227197E1	3.963281708E1
2.100000000E1	1.762894467E1	3.963212021E1
2.104000000E1	1.761563751E1	3.963209673E1
2.108000000E1	1.760318499E1	3.963230473E1
2.112000000E1	1.760681872E1	3.962957580E1
2.116000000E1	1.762054054E1	3.963471341E1
2.120000000E1	1.762559047E1	3.963468535E1
2.124000000E1	1.762638735E1	3.963408388E1
2.128000000E1	1.763447532E1	3.963239286E1
2.132000000E1	1.764408567E1	3.963067998E1
2.136000000E1	1.764563072E1	3.961427000E1
2.140000000E1	1.766714744E1	3.962007918E1
2.144000000E1	1.766181781E1	3.961647489E1
2.148000000E1	1.765278009E1	3.961500768E1
2.152000000E1	1.764854712E1	3.961611011E1
2.156000000E1	1.765107179E1	3.961943660E1
2.160000000E1	1.767782809E1	3.962100248E1
2.164000000E1	1.774191890E1	3.959589389E1
2.168000000E1	1.782547596E1	3.960756058E1
2.172000000E1	1.796011951E1	3.960204002E1
2.176000000E1	1.813448596E1	3.960747251E1
2.180000000E1	1.834329327E1	3.958146205E1
2.184000000E1	1.856519450E1	3.959316456E1
2.188000000E1	1.884371547E1	3.958639969E1
2.192000000E1	1.919146819E1	3.960548388E1
2.196000000E1	1.957515083E1	3.959954808E1
2.200000000E1	1.996805910E1	3.961054826E1
2.204000000E1	2.035005327E1	3.959129237E1
2.208000000E1	2.071961699E1	3.959573300E1
2.212000000E1	2.116069567E1	3.955768945E1
2.216000000E1	2.146322788E1	3.952751500E1
2.220000000E1	2.170372832E1	3.948755013E1
2.224000000E1	2.191472919E1	3.948502405E1
2.228000000E1	2.207355088E1	3.946839889E1
2.232000000E1	2.213037941E1	3.943800957E1
2.236000000E1	2.214010098E1	3.944021826E1
2.240000000E1	2.209295738E1	3.944929785E1
2.244000000E1	2.193536807E1	3.946266267E1
2.248000000E1	2.171399220E1	3.948641802E1
2.252000000E1	2.145687800E1	3.955216781E1
2.256000000E1	2.101203242E1	3.965683275E1
2.260000000E1	2.053902082E1	3.975128974E1
2.264000000E1	2.021660405E1	3.978020137E1
2.268000000E1	1.988875863E1	3.979099165E1
2.272000000E1	1.957755849E1	3.980784774E1
2.276000000E1	1.913811969E1	3.989260717E1
2.280000000E1	1.887658635E1	3.993762551E1
2.284000000E1	1.867830108E1	3.995361886E1
2.288000000E1	1.846665746E1	3.998095633E1
2.292000000E1	1.827036298E1	3.996676071E1
2.296000000E1	1.809386096E1	3.996108637E1
2.300000000E1	1.795302880E1	3.996811512E1
2.304000000E1	1.783386168E1	3.996338851E1
2.308000000E1	1.782386240E1	3.995710682E1
2.312000000E1	1.785718798E1	3.995110119E1
2.316000000E1	1.793080796E1	3.993584143E1
2.320000000E1	1.795545520E1	3.993226923E1
2.324000000E1	1.796034818E1	3.992409823E1
2.328000000E1	1.791599307E1	3.989640322E1
2.332000000E1	1.786371188E1	3.991025708E1
2.336000000E1	1.783434308E1	3.990389390E1
2.340000000E1	1.788730419E1	3.988372905E1
2.344000000E1	1.796542986E1	3.992614716E1
2.348000000E1	1.803335673E1	3.992499295E1
2.352000000E1	1.806970107E1	3.993323220E1
2.356000000E1	1.804957949E1	3.993118807E1
2.360000000E1	1.796412075E1	3.993839975E1
2.364000000E1	1.791516745E1	3.993198993E1
2.368000000E1	1.781592960E1	3.993634247E1
2.372000000E1	1.767853863E1	3.993729450E1
2.376000000E1	1.757778105E1	3.993257421E1
2.380000000E1	1.746771070E1	3.990354261E1
2.384000000E1	1.735996559E1	3.990497874E1
2.388000000E1	1.732197232E1	3.990163727E1
2.392000000E1	1.732769238E1	3.990101138E1
2.396000000E1	1.734775769E1	3.991182524E1
2.400000000E1	1.734953780E1	3.990837514E1
2.404000000E1	1.734402295E1	3.990638461E1
2.408000000E1	1.733929208E1	3.990775364E1
2.412000000E1	1.731953313E1	3.989410514E1
2.416000000E1	1.729400234E1	3.987382907E1
2.420000000E1	1.729263496E1	3.988160626E1
2.424000000E1	1.733596220E1	3.990720347E1
2.428000000E1	1.747503491E1	3.991023976E1
2.432000000E1	1.768799453E1	3.992455551E1
2.436000000E1	1.806820185E1	3.991202904E1
2.440000000E1	1.852204963E1	3.990862055E1
2.444000000E1	1.902484459E1	3.991482242E1
2.448000000E1	1.958437616E1	3.990730934E1
2.452000000E1	2.014298264E1	3.990568444E1
2.456000000E1	2.069695037E1	3.992197315E1
2.460000000E1	2.118228147E1	3.991478013E1
2.464000000E1	2.163352990E1	3.991666990E1
2.468000000E1	2.204758152E1	3.992673522E1
2.472000000E1	2.235672400E1	3.992419864E1
2.476000000E1	2.258700404E1	3.989435374E1
2.480000000E1	2.270481409E1	3.987761843E1
2.484000000E1	2.274767988E1	3.988339359E1
2.488000000E1	2.269288364E1	3.987380138E1
2.492000000E1	2.255008979E1	3.990265032E1
2.496000000E1	2.235422118E1	3.995394393E1
2.500000000E1	2.198736449E1	4.004310392E1
2.504000000E1	2.162681063E1	4.006077312E1
2.508000000E1	2.129730860E1	4.009895482E1
2.512000000E1	2.091563801E1	4.010268792E1
2.516000000E1	2.045490337E1	4.017759920E1
2.520000000E1	2.012282327E1	4.023146067E1
2.524000000E1	1.975941781E1	4.023489264E1
2.528000000E1	1.945007928E1	4.024779411E1
2.532000000E1	1.915270371E1	4.025338869E1
2.536000000E1	1.885591814E1	4.024611016E1
2.540000000E1	1.855830397E1	4.023954473E1
2.544000000E1	1.834434352E1	4.022625931E1
2.548000000E1	1.821670694E1	4.022755509E1
2.552000000E1	1.810807305E1	4.020667706E1
2.556000000E1	1.811540365E1	4.013516932E1
2.560000000E1	1.809644469E1	4.008562680E1
2.564000000E1	1.806499764E1	4.005247948E1
2.568000000E1	1.799996424E1	4.005255046E1
2.572000000E1	1.793380071E1	4.002177058E1
2.576000000E1	1.797847166E1	4.000223049E1
2.580000000E1	1.794607423E1	3.996388149E1
2.584000000E1	1.794814008E1	3.995073477E1
2.588000000E1	1.794876368E1	3.994297661E1
2.592000000E1	1.793279903E1	3.993109134E1
2.596000000E1	1.788992523E1	3.991490691E1
2.600000000E1	1.783391283E1	3.992775610E1
2.604000000E1	1.781091918E1	3.992579176E1
2.608000000E1	1.780157539E1	3.992517485E1
2.612000000E1	1.780063862E1	3.992600477E1
2.616000000E1	1.781246089E1	3.991669882E1
2.620000000E1	1.782020227E1	3.991966858E1
2.624000000E1	1.781944027E1	3.990233655E1
2.628000000E1	1.797772779E1	3.984461906E1
2.632000000E1	1.808050165E1	3.981169475E1
2.636000000E1	1.825213071E1	3.979822071E1
2.640000000E1	1.855787879E1	3.979330237E1
2.644000000E1	1.897137693E1	3.977329785E1
2.648000000E1	1.944913549E1	3.977285719E1
2.652000000E1	1.996924168E1	3.977466030E1
2.656000000E1	2.057760297E1	3.975720491E1
2.660000000E1	2.115373100E1	3.976910931E1
2.664000000E1	2.170558217E1	3.976140902E1
2.668000000E1	2.221007846E1	3.976845796E1
2.672000000E1	2.258090019E1	3.976374145E1
2.676000000E1	2.285343848E1	3.976245237E1
2.680000000E1	2.304488036E1	3.977069845E1
2.684000000E1	2.307757882E1	3.976969660E1
2.688000000E1	2.305292955E1	3.976175110E1
2.692000000E1	2.298847846E1	3.974370439E1
2.696000000E1	2.286992669E1	3.975723141E1
2.700000000E1	2.272028977E1	3.977095332E1
2.704000000E1	2.252258714E1	3.979811648E1
2.708000000E1	2.228817724E1	3.980906172E1
2.712000000E1	2.188323238E1	3.990891552E1
2.716000000E1	2.156943618E1	3.993952868E1
2.720000000E1	2.122877131E1	3.995797357E1
2.724000000E1	2.078921567E1	4.003988345E1
2.728000000E1	2.048324272E1	4.006691539E1
2.732000000E1	2.017522576E1	4.007617354E1
2.736000000E1	1.988279874E1	4.007984029E1
2.740000000E1	1.960157333E1	4.008488382E1
2.744000000E1	1.933891747E1	4.008773676E1
2.748000000E1	1.912818146E1	4.008037472E1
2.752000000E1	1.898182538E1	4.007948679E1
2.756000000E1	1.886957513E1	4.008387250E1
2.760000000E1	1.876204343E1	4.008338641E1
2.764000000E1	1.865645707E1	4.004812175E1
2.768000000E1	1.868874781E1	3.999275022E1
2.772000000E1	1.865839066E1	3.994015756E1
2.776000000E1	1.866700819E1	3.993086992E1
2.780000000E1	1.867675983E1	3.993306113E1
2.784000000E1	1.867485361E1	3.992885629E1
2.788000000E1	1.865665766E1	3.992274246E1
2.792000000E1	1.859810188E1	3.993413649E1
2.796000000E1	1.855274531E1	3.992741375E1
2.800000000E1	1.849715149E1	3.991962456E1
2.804000000E1	1.843691968E1	3.994115318E1
2.808000000E1	1.840315816E1	3.994651521E1
2.812000000E1	1.835968454E1	3.996227398E1
2.816000000E1	1.815169188E1	4.008029140E1
2.820000000E1	1.802474312E1	4.011571619E1
2.824000000E1	1.782942901E1	4.011455816E1
2.828000000E1	1.761864362E1	4.009205468E1
2.832000000E1	1.738872149E1	4.009243451E1
2.836000000E1	1.720592538E1	4.007239808E1
2.840000000E1	1.706656301E1	4.006972204E1
2.844000000E1	1.704318896E1	4.006461645E1
2.848000000E1	1.703182792E1	4.005953062E1
2.852000000E1	1.705002863E1	4.005749847E1
2.856000000E1	1.707121939E1	4.005861767E1
2.860000000E1	1.708570424E1	4.006515326E1
2.864000000E1	1.709931421E1	4.006785330E1
2.868000000E1	1.718449405E1	3.996198677E1
2.872000000E1	1.715807766E1	3.993909972E1
2.876000000E1	1.712759647E1	3.996389933E1
2.880000000E1	1.708528777E1	3.995060711E1
2.884000000E1	1.707852079E1	3.994647139E1
2.888000000E1	1.707423261E1	3.994350174E1
2.892000000E1	1.706859103E1	3.993930872E1
2.896000000E1	1.706476793E1	3.993620553E1
2.900000000E1	1.706176184E1	3.993798293E1
2.904000000E1	1.706118897E1	3.992959926E1
2.908000000E1	1.706575838E1	3.993108397E1
2.912000000E1	1.712484918E1	3.993634637E1
2.916000000E1	1.729151527E1	3.992255775E1
2.920000000E1	1.749909489E1	3.992989394E1
2.924000000E1	1.775828112E1	3.992457734E1
2.928000000E1	1.806266359E1	3.992336022E1
2.932000000E1	1.843645820E1	3.993348446E1
2.936000000E1	1.886061746E1	3.993024098E1
2.940000000E1	1.931853635E1	3.993123012E1
2.944000000E1	1.982991507E1	3.991217361E1
2.948000000E1	2.032744389E1	3.990291098E1
2.952000000E1	2.081750580E1	3.988295273E1
2.956000000E1	2.126583964E1	3.987297342E1
2.960000000E1	2.166759812E1	3.986052238E1
2.964000000E1	2.201434037E1	3.987760582E1
2.968000000E1	2.230914572E1	3.987831226E1
2.972000000E1	2.248470525E1	3.988891590E1
2.976000000E1	2.258807635E1	3.988806649E1
2.980000000E1	2.259677490E1	3.989930932E1
2.984000000E1	2.246627267E1	3.990678521E1
2.988000000E1	2.225627551E1	3.990326349E1
2.992000000E1	2.200266500E1	3.992805350E1
2.996000000E1	2.170469756E1	3.993671819E1
3.000000000E1	2.136512645E1	3.994949663E1
3.004000000E1	2.095656430E1	3.995453100E1
3.008000000E1	2.054664075E1	3.996204347E1
3.012000000E1	2.013702218E1	3.994352410E1
3.016000000E1	1.976818517E1	3.994692942E1
3.020000000E1	1.944424520E1	3.995069499E1
3.024000000E1	1.919268089E1	3.996923893E1
3.028000000E1	1.898432745E1	3.997825556E1
3.032000000E1	1.867265691E1	4.002109098E1
3.036000000E1	1.853682959E1	4.007304165E1
3.040000000E1	1.841352316E1	4.008847326E1
3.044000000E1	1.830608783E1	4.009842438E1
3.048000000E1	1.822930558E1	4.007765191E1
3.052000000E1	1.815025771E1	4.006914910E1
3.056000000E1	1.813365510E1	4.007097865E1
3.060000000E1	1.812915438E1	4.008335231E1
3.064000000E1	1.812780290E1	4.008895142E1
3.068000000E1	1.811188618E1	4.008947745E1
3.072000000E1	1.810006424E1	4.009069154E1
3.076000000E1	1.808152618E1	4.009924698E1
3.080000000E1	1.790812332E1	4.016284400E1
3.084000000E1	1.783115858E1	4.022346034E1
3.088000000E1	1.777449574E1	4.021880832E1
3.092000000E1	1.765460906E1	4.022824204E1
3.096000000E1	1.750591593E1	4.022847089E1
3.100000000E1	1.734939483E1	4.021321500E1
3.104000000E1	1.718966381E1	4.019930681E1
3.108000000E1	1.703772224E1	4.018236838E1
3.112000000E1	1.703052161E1	4.010156630E1
3.116000000E1	1.690726344E1	4.005715452E1
3.120000000E1	1.691103885E1	3.998620584E1
3.124000000E1	1.685216754E1	3.994052038E1
3.128000000E1	1.682758967E1	3.994443915E1
3.132000000E1	1.681007858E1	3.993847583E1
3.136000000E1	1.682422123E1	3.993904698E1
3.140000000E1	1.685753928E1	3.992196061E1
3.144000000E1	1.689162064E1	3.993046775E1
3.148000000E1	1.690950421E1	3.993535269E1
3.152000000E1	1.691810093E1	3.993787820E1
3.156000000E1	1.692378702E1	3.993682024E1
3.160000000E1	1.700852246E1	3.993125403E1
3.164000000E1	1.718504064E1	3.994125197E1
3.168000000E1	1.740102441E1	3.997546864E1
3.172000000E1	1.773250412E1	3.995638175E1
3.176000000E1	1.815211104E1	3.999673835E1
3.180000000E1	1.853947031E1	4.003267759E1
3.184000000E1	1.907645169E1	4.008549552E1
3.188000000E1	1.962247811E1	4.008560401E1
3.192000000E1	2.015391067E1	4.005653075E1
3.196000000E1	2.069477805E1	4.005502560E1
3.200000000E1	2.125346343E1	4.003667571E1
3.204000000E1	2.175665977E1	4.002594072E1
3.208000000E1	2.226308287E1	3.998749881E1
3.212000000E1	2.267469554E1	3.995018407E1
3.216000000E1	2.294903359E1	3.993124046E1
3.220000000E1	2.315660920E1	3.989089976E1
3.224000000E1	2.328182872E1	3.987058883E1
3.228000000E1	2.332823257E1	3.988872140E1
3.232000000E1	2.330594919E1	3.990242861E1
3.236000000E1	2.320123869E1	3.993143232E1
3.240000000E1	2.303584478E1	3.995041611E1
3.244000000E1	2.270770704E1	4.004124402E1
3.248000000E1	2.243660943E1	4.012407665E1
3.252000000E1	2.198004222E1	4.021329348E1
3.256000000E1	2.159363850E1	4.024332582E1
3.260000000E1	2.117816014E1	4.024333432E1
3.264000000E1	2.078508066E1	4.024727753E1
3.268000000E1	2.036950393E1	4.024860389E1
3.272000000E1	2.001703968E1	4.023886499E1
3.276000000E1	1.971264039E1	4.023742104E1
3.280000000E1	1.947062655E1	4.024238283E1
3.284000000E1	1.929060914E1	4.024297886E1
3.288000000E1	1.915320562E1	4.025574910E1
3.292000000E1	1.904204866E1	4.027395405E1
3.296000000E1	1.894037638E1	4.025862640E1
3.300000000E1	1.883405012E1	4.026162178E1
3.304000000E1	1.870901512E1	4.025703974E1
3.308000000E1	1.860151242E1	4.025813153E1
3.312000000E1	1.854342261E1	4.023742757E1
3.316000000E1	1.850691734E1	4.022656483E1
3.320000000E1	1.850534605E1	4.022024537E1
3.324000000E1	1.851743499E1	4.022372216E1
3.328000000E1	1.850847549E1	4.022377969E1
3.332000000E1	1.850058303E1	4.022459164E1
3.336000000E1	1.848938147E1	4.022479541E1
3.340000000E1	1.847365007E1	4.024048960E1
3.344000000E1	1.839675131E1	4.023090819E1
3.348000000E1	1.830555750E1	4.023279030E1
3.352000000E1	1.823529523E1	4.022440698E1
3.356000000E1	1.810310864E1	4.021960754E1
3.360000000E1	1.795494850E1	4.020064733E1
3.364000000E1	1.792194361E1	4.009548968E1
3.368000000E1	1.781464105E1	4.007876265E1
3.372000000E1	1.774756668E1	4.004941737E1
3.376000000E1	1.777329284E1	4.005531305E1
3.380000000E1	1.781784028E1	4.007001330E1
3.384000000E1	1.789516346E1	4.003850161E1
3.388000000E1	1.795997180E1	4.005694945E1
3.392000000E1	1.803410853E1	4.002243579E1
3.396000000E1	1.821564197E1	4.004277101E1
3.400000000E1	1.843813207E1	4.006748743E1
3.404000000E1	1.879732538E1	4.004897680E1
3.408000000E1	1.925085042E1	4.005389923E1
3.412000000E1	1.977908933E1	4.007547312E1
3.416000000E1	2.036648952E1	4.007730510E1
3.420000000E1	2.096464560E1	4.007579572E1
3.424000000E1	2.154526626E1	4.007139806E1
3.428000000E1	2.209253327E1	4.006429911E1
3.432000000E1	2.261404040E1	4.007057757E1
3.436000000E1	2.307997170E1	4.007487718E1
3.440000000E1	2.340346520E1	4.007638537E1
3.444000000E1	2.360492762E1	4.006917584E1
3.448000000E1	2.365653188E1	4.007222522E1
3.452000000E1	2.359035441E1	4.006414288E1
3.456000000E1	2.345536751E1	4.006895641E1
3.460000000E1	2.323355267E1	4.008285267E1
3.464000000E1	2.294631234E1	4.011116460E1
3.468000000E1	2.253987277E1	4.021899699E1
3.472000000E1	2.210325490E1	4.033343536E1
3.476000000E1	2.179949704E1	4.036384132E1
3.480000000E1	2.141776690E1	4.038320481E1
3.484000000E1	2.107345786E1	4.038872099E1
3.488000000E1	2.070625942E1	4.041150521E1
3.492000000E1	2.034244562E1	4.040982943E1
3.496000000E1	2.002081074E1	4.041489819E1
3.500000000E1	1.975381404E1	4.043850286E1
3.504000000E1	1.943380455E1	4.047727338E1
3.508000000E1	1.929733694E1	4.051435964E1
3.512000000E1	1.921010801E1	4.054450629E1
3.516000000E1	1.913816965E1	4.053825331E1
3.520000000E1	1.904637423E1	4.053288073E1
3.524000000E1	1.894081312E1	4.049500572E1
3.528000000E1	1.887497467E1	4.050780918E1
3.532000000E1	1.882622195E1	4.049296460E1
3.536000000E1	1.881449268E1	4.048826661E1
3.540000000E1	1.880334127E1	4.048832569E1
3.544000000E1	1.875931235E1	4.051786925E1
3.548000000E1	1.871726563E1	4.051563122E1
3.552000000E1	1.867540685E1	4.050244633E1
3.556000000E1	1.860061815E1	4.051125674E1
3.560000000E1	1.852709912E1	4.047871341E1
3.564000000E1	1.843891660E1	4.049695866E1
3.568000000E1	1.845139496E1	4.044460063E1
3.572000000E1	1.836567467E1	4.039420651E1
3.576000000E1	1.827420456E1	4.039129701E1
3.580000000E1	1.820425713E1	4.036131349E1
3.584000000E1	1.814338292E1	4.038273923E1
3.588000000E1	1.810046527E1	4.037209112E1
3.592000000E1	1.807816471E1	4.036235532E1
3.596000000E1	1.805977101E1	4.035267136E1
3.600000000E1	1.806496148E1	4.035304661E1
3.604000000E1	1.807731564E1	4.034977992E1
3.608000000E1	1.808866778E1	4.035079287E1
3.612000000E1	1.811016345E1	4.035013752E1
3.616000000E1	1.827109170E1	4.028052369E1
3.620000000E1	1.839051279E1	4.025189907E1
3.624000000E1	1.856640540E1	4.024953669E1
3.628000000E1	1.887215813E1	4.024612227E1
3.632000000E1	1.928139323E1	4.023476044E1
3.636000000E1	1.973130013E1	4.022531424E1
3.640000000E1	2.021986489E1	4.022056579E1
3.644000000E1	2.079267823E1	4.021098671E1
3.648000000E1	2.140254956E1	4.021298087E1
3.652000000E1	2.199777968E1	4.021945009E1
3.656000000E1	2.255623149E1	4.022834041E1
3.660000000E1	2.305079740E1	4.024265232E1
3.664000000E1	2.344012429E1	4.023400496E1
3.668000000E1	2.377181517E1	4.025544913E1
3.672000000E1	2.401342230E1	4.027278140E1
3.676000000E1	2.412500689E1	4.025115621E1
3.680000000E1	2.418568763E1	4.023100199E1
3.684000000E1	2.419444398E1	4.022861723E1
3.688000000E1	2.412326227E1	4.022589505E1
3.692000000E1	2.404025361E1	4.021964861E1
3.696000000E1	2.392926210E1	4.022524009E1
3.700000000E1	2.379538196E1	4.023537300E1
3.704000000E1	2.363952499E1	4.024532909E1
3.708000000E1	2.345598205E1	4.025177296E1
3.712000000E1	2.322968530E1	4.029029073E1
3.716000000E1	2.294798533E1	4.029749481E1
3.720000000E1	2.249778042E1	4.038025074E1
3.724000000E1	2.214584902E1	4.036710002E1
3.728000000E1	2.181615744E1	4.036797049E1
3.732000000E1	2.146693796E1	4.039455978E1
3.736000000E1	2.110891028E1	4.039426226E1
3.740000000E1	2.078721926E1	4.039486707E1
3.744000000E1	2.049036530E1	4.040522185E1
3.748000000E1	2.022455741E1	4.042218803E1
3.752000000E1	1.998860479E1	4.041365139E1
3.756000000E1	1.976117666E1	4.041907874E1
3.760000000E1	1.957408276E1	4.040113149E1
3.764000000E1	1.940674935E1	4.039100505E1
3.768000000E1	1.929630887E1	4.038096624E1
3.772000000E1	1.919468032E1	4.038139331E1
3.776000000E1	1.914912891E1	4.037031824E1
3.780000000E1	1.911465767E1	4.035990403E1
3.784000000E1	1.906103968E1	4.037053029E1
3.788000000E1	1.900693065E1	4.035739117E1
3.792000000E1	1.894074826E1	4.032264480E1
3.796000000E1	1.887564516E1	4.034710234E1
3.800000000E1	1.882544582E1	4.032689112E1
3.804000000E1	1.888622602E1	4.030472164E1
3.808000000E1	1.884217285E1	4.026387388E1
3.812000000E1	1.881629182E1	4.023887961E1
3.816000000E1	1.876655675E1	4.026902006E1
3.820000000E1	1.871897507E1	4.025288125E1
3.824000000E1	1.868946127E1	4.024400886E1
3.828000000E1	1.859915253E1	4.026751347E1
3.832000000E1	1.851857640E1	4.025315954E1
3.836000000E1	1.841681808E1	4.027239330E1
3.840000000E1	1.830326993E1	4.028546473E1
3.844000000E1	1.819954258E1	4.025128987E1
3.848000000E1	1.809360138E1	4.025405786E1
3.852000000E1	1.797086529E1	4.024913912E1
3.856000000E1	1.790016562E1	4.023302544E1
3.860000000E1	1.784341554E1	4.024949939E1
3.864000000E1	1.783596310E1	4.025354971E1
3.868000000E1	1.787256589E1	4.026435032E1
3.872000000E1	1.791442695E1	4.024240312E1
3.876000000E1	1.794086092E1	4.024124935E1
3.880000000E1	1.795694927E1	4.023966349E1
3.884000000E1	1.797628219E1	4.024067072E1
3.888000000E1	1.806783494E1	4.023039573E1
3.892000000E1	1.812080578E1	4.023747221E1
3.896000000E1	1.824857892E1	4.023571182E1
3.900000000E1	1.842125253E1	4.023991991E1
3.904000000E1	1.866434088E1	4.022979722E1
3.908000000E1	1.888984711E1	4.023905988E1
3.912000000E1	1.917255616E1	4.023492641E1
3.916000000E1	1.950696094E1	4.023966412E1
3.920000000E1	1.988220106E1	4.023080441E1
3.924000000E1	2.029448194E1	4.022464658E1
3.928000000E1	2.069787009E1	4.023783883E1
3.932000000E1	2.113313524E1	4.023524928E1
3.936000000E1	2.157239598E1	4.023966842E1
3.940000000E1	2.200853742E1	4.024852567E1
3.944000000E1	2.242922006E1	4.025220798E1
3.948000000E1	2.274766299E1	4.021485773E1
3.952000000E1	2.302967132E1	4.011894927E1
3.956000000E1	2.314092116E1	4.007745452E1
3.960000000E1	2.318294293E1	4.007847771E1
3.964000000E1	2.314706924E1	4.007984540E1
3.968000000E1	2.304285367E1	4.009728808E1
3.972000000E1	2.288772214E1	4.010302977E1
3.976000000E1	2.257307979E1	4.019709254E1
3.980000000E1	2.234184809E1	4.024723600E1
3.984000000E1	2.204186178E1	4.024873035E1
3.988000000E1	2.170564314E1	4.023494986E1
3.992000000E1	2.137328146E1	4.021810708E1
3.996000000E1	1.865932252E1	4.028523334E1
4.000000000E1	2.071476437E1	4.026212770E1
4.004000000E1	2.042033594E1	4.029693434E1
4.008000000E1	2.006207224E1	4.035272488E1
4.012000000E1	1.980435076E1	4.039667439E1
4.016000000E1	1.955924226E1	4.038268570E1
4.020000000E1	1.934343712E1	4.042946934E1
4.024000000E1	1.919452045E1	4.043422888E1
4.028000000E1	1.912687215E1	4.041249867E1
4.032000000E1	1.905574392E1	4.041444350E1
4.036000000E1	1.898898461E1	4.038283239E1
4.040000000E1	1.892275950E1	4.038001736E1
4.044000000E1	1.889078236E1	4.037240736E1
4.048000000E1	1.888783191E1	4.036758920E1
4.052000000E1	1.888023843E1	4.037422963E1
4.056000000E1	1.887443609E1	4.037413373E1
4.060000000E1	1.885787396E1	4.037129349E1
4.064000000E1	1.884217117E1	4.036599048E1
4.068000000E1	1.879052965E1	4.035008086E1
4.072000000E1	1.873013732E1	4.036988504E1
4.076000000E1	1.868182018E1	4.035575553E1
4.080000000E1	1.862666574E1	4.037016201E1
4.084000000E1	1.854292455E1	4.034992707E1
4.088000000E1	1.845337142E1	4.036307810E1
4.092000000E1	1.838792981E1	4.033851962E1
4.096000000E1	1.844093571E1	4.029638310E1
4.100000000E1	1.840544172E1	4.026398033E1
4.104000000E1	1.838212653E1	4.023991573E1
4.108000000E1	1.836126942E1	4.022431284E1
4.112000000E1	1.870719030E1	3.953632359E1
4.116000000E1	1.870551118E1	3.953041599E1
4.120000000E1	1.874304053E1	3.953015930E1
4.124000000E1	1.883989585E1	3.952478785E1
4.128000000E1	1.901194541E1	3.952867042E1
4.132000000E1	1.924346254E1	3.951697224E1
4.136000000E1	1.954870784E1	3.950830255E1
4.140000000E1	1.996920821E1	3.952204829E1
4.144000000E1	2.043620440E1	3.948668182E1
4.148000000E1	2.097035122E1	3.950052769E1
4.152000000E1	2.155778869E1	3.949047422E1
4.156000000E1	2.211359624E1	3.947281195E1
4.160000000E1	2.260699505E1	3.948331714E1
4.164000000E1	2.302014182E1	3.948684101E1
4.168000000E1	2.332428584E1	3.948637750E1
4.172000000E1	2.351288106E1	3.950448274E1
4.176000000E1	2.359263979E1	3.948506625E1
4.180000000E1	2.359859945E1	3.949114270E1
4.184000000E1	2.351939085E1	3.950474981E1
4.188000000E1	2.339851145E1	3.951776379E1
4.192000000E1	2.323289969E1	3.952969848E1
4.196000000E1	2.302329638E1	3.953363715E1
4.200000000E1	2.276295552E1	3.955849166E1
4.204000000E1	2.245858619E1	3.956602438E1
4.208000000E1	2.212064974E1	3.956830737E1
4.212000000E1	2.156111732E1	3.970015234E1
4.216000000E1	2.106965280E1	3.979331123E1
4.220000000E1	2.076665556E1	3.982677947E1
4.224000000E1	2.048461944E1	3.983748206E1
4.228000000E1	2.023390508E1	3.985233097E1
4.232000000E1	2.003250922E1	3.985478831E1
4.236000000E1	1.984710805E1	3.986158595E1
4.240000000E1	1.974328823E1	3.987799097E1
4.244000000E1	1.954176453E1	3.992559322E1
4.248000000E1	1.949686782E1	3.996906738E1
4.252000000E1	1.948127751E1	3.997082503E1
4.256000000E1	1.942972665E1	3.993775365E1
4.260000000E1	1.950239719E1	3.989669794E1
4.264000000E1	1.948384873E1	3.987089618E1
4.268000000E1	1.948536263E1	3.985583306E1
4.272000000E1	1.947889082E1	3.985098008E1
4.276000000E1	1.948643763E1	3.984455513E1
4.280000000E1	1.948000492E1	3.984254032E1
4.284000000E1	1.946238051E1	3.983677044E1
4.288000000E1	1.942881563E1	3.983226414E1
4.292000000E1	1.933225615E1	3.983811007E1
4.296000000E1	1.927685108E1	3.982997463E1
4.300000000E1	1.918447036E1	3.982917611E1
4.304000000E1	1.907833005E1	3.983790999E1
4.308000000E1	1.899660389E1	3.982937727E1
4.312000000E1	1.887863862E1	3.983342149E1
4.316000000E1	1.879815782E1	3.982158367E1
4.320000000E1	1.871214165E1	3.982407284E1
4.324000000E1	1.860098821E1	3.982671277E1
4.328000000E1	1.853627219E1	3.980706728E1
4.332000000E1	1.842982975E1	3.979233538E1
4.336000000E1	1.847230573E1	3.975978203E1
4.340000000E1	1.841529938E1	3.969958686E1
4.344000000E1	1.838448966E1	3.967986578E1
4.348000000E1	1.835773643E1	3.966841121E1
4.352000000E1	1.834545227E1	3.966314125E1
4.356000000E1	1.832274033E1	3.969163742E1
4.360000000E1	1.831546877E1	3.969171561E1
4.364000000E1	1.832855384E1	3.970243878E1
4.368000000E1	1.829354632E1	3.968323645E1
4.372000000E1	1.828278741E1	3.968468464E1
4.376000000E1	1.827904538E1	3.968383360E1
4.380000000E1	1.827084548E1	3.968109776E1
4.384000000E1	1.827683593E1	3.968502841E1
4.388000000E1	1.828288125E1	3.968752753E1
4.392000000E1	1.826932560E1	3.968516822E1
4.396000000E1	1.826117779E1	3.968374923E1
4.400000000E1	1.826418733E1	3.968320673E1
4.404000000E1	1.824939840E1	3.967797792E1
4.408000000E1	1.825072703E1	3.967872880E1
4.412000000E1	1.824355033E1	3.967617503E1
4.416000000E1	1.823664053E1	3.967423747E1
4.420000000E1	1.822500618E1	3.966895696E1
4.424000000E1	1.821394328E1	3.966250113E1
4.428000000E1	1.821373172E1	3.966558318E1
4.432000000E1	1.822225091E1	3.966901372E1
4.436000000E1	1.822856291E1	3.967165133E1
4.440000000E1	1.823368141E1	3.967375960E1
4.444000000E1	1.823485617E1	3.967459392E1
4.448000000E1	1.823893046E1	3.967625394E1
4.452000000E1	1.824161044E1	3.967717142E1
4.456000000E1	1.823820673E1	3.967382638E1
4.460000000E1	1.824077660E1	3.967664645E1
4.464000000E1	1.824619387E1	3.967896998E1
4.468000000E1	1.825273326E1	3.968120355E1
4.472000000E1	1.825763203E1	3.968278999E1
4.476000000E1	1.825965630E1	3.968480850E1
4.480000000E1	1.825906153E1	3.968386177E1
4.484000000E1	1.825946180E1	3.968500288E1
4.488000000E1	1.825839862E1	3.968346325E1
4.492000000E1	1.825829605E1	3.968484586E1
4.496000000E1	1.825928877E1	3.968598817E1
4.500000000E1	1.825558252E1	3.968393626E1
4.504000000E1	1.825660871E1	3.968532387E1
4.508000000E1	1.825615743E1	3.968940868E1
4.512000000E1	1.825308208E1	3.968430540E1
4.516000000E1	1.825388849E1	3.968421543E1
4.520000000E1	1.825567633E1	3.968522106E1
4.524000000E1	1.825691681E1	3.968605989E1
4.528000000E1	1.825742374E1	3.968626731E1
4.532000000E1	1.825752166E1	3.968631895E1
4.536000000E1	1.825673753E1	3.968587636E1
4.540000000E1	1.825596138E1	3.968547619E1
4.544000000E1	1.825718453E1	3.968909627E1
4.548000000E1	1.825611308E1	3.968519105E1
4.552000000E1	1.825589697E1	3.968508453E1
4.556000000E1	1.825599708E1	3.968491061E1
4.560000000E1	1.825673817E1	3.968524675E1
4.564000000E1	1.825525726E1	3.968332942E1
4.568000000E1	1.825599726E1	3.968471281E1
4.572000000E1	1.825614896E1	3.968561835E1
4.576000000E1	1.825192151E1	3.968420463E1
4.580000000E1	1.824631914E1	3.968326394E1
4.584000000E1	1.823503564E1	3.968155945E1
4.588000000E1	1.821329273E1	3.967950938E1
4.592000000E1	1.819239488E1	3.967689059E1
4.596000000E1	1.816908287E1	3.969084112E1
4.600000000E1	1.813959439E1	3.968474668E1
4.604000000E1	1.812862403E1	3.968486208E1
4.608000000E1	1.810959530E1	3.968170224E1
4.612000000E1	1.810281961E1	3.968002368E1
4.616000000E1	1.809648424E1	3.967814503E1
4.620000000E1	1.808486004E1	3.967482403E1
4.624000000E1	1.806793480E1	3.967239574E1
4.628000000E1	1.802786483E1	3.968350585E1
4.632000000E1	1.799755864E1	3.968350892E1
4.636000000E1	1.798443519E1	3.968094051E1
4.640000000E1	1.797955393E1	3.968183413E1
4.644000000E1	1.795986672E1	3.967711920E1
4.648000000E1	1.795039764E1	3.966482584E1
4.652000000E1	1.794335630E1	3.967046270E1
4.656000000E1	1.793896954E1	3.966930788E1
4.660000000E1	1.794820648E1	3.968006377E1
4.664000000E1	1.793981823E1	3.968313704E1
4.668000000E1	1.782881986E1	3.969015470E1
4.672000000E1	1.778177372E1	3.968285761E1
4.676000000E1	1.765487718E1	3.968134978E1
4.680000000E1	1.749928281E1	3.966783255E1
4.684000000E1	1.738420633E1	3.957036257E1
4.688000000E1	1.722633562E1	3.944522715E1
4.692000000E1	1.695963367E1	3.938840555E1
4.696000000E1	1.671138414E1	3.920336576E1
4.700000000E1	1.645597485E1	3.910012451E1
4.704000000E1	1.612035963E1	3.891452064E1
4.708000000E1	1.576483274E1	3.874647462E1
4.712000000E1	1.546435996E1	3.859461403E1
4.716000000E1	1.527482676E1	3.845158714E1
4.720000000E1	1.513204640E1	3.833065658E1
4.724000000E1	1.507325218E1	3.828322026E1
