axel
t	x	y
0.000000000E0	1.382354439E1	3.729257592E1
4.000000000E-2	1.382243645E1	3.730075643E1
8.000000000E-2	1.382346394E1	3.727109818E1
1.200000000E-1	1.382478523E1	3.727645155E1
1.600000000E-1	1.382584356E1	3.728018548E1
2.000000000E-1	1.382544119E1	3.728466205E1
2.400000000E-1	1.382459846E1	3.728776668E1
2.800000000E-1	1.382418381E1	3.728990918E1
3.200000000E-1	1.382383644E1	3.729156265E1
3.600000000E-1	1.382457637E1	3.732365741E1
4.000000000E-1	1.382426925E1	3.729048550E1
4.400000000E-1	1.382416559E1	3.729091846E1
4.800000000E-1	1.382438093E1	3.732231926E1
5.200000000E-1	1.382462398E1	3.731706213E1
5.600000000E-1	1.382488202E1	3.731264389E1
6.000000000E-1	1.382455025E1	3.729336634E1
6.400000000E-1	1.382401184E1	3.731173449E1
6.800000000E-1	1.382452404E1	3.730959423E1
7.200000000E-1	1.382478312E1	3.729454983E1
7.600000000E-1	1.382462591E1	3.729431322E1
8.000000000E-1	1.382451172E1	3.729406937E1
8.400000000E-1	1.382609572E1	3.731884310E1
8.800000000E-1	1.382582153E1	3.731408284E1
9.200000000E-1	1.382796265E1	3.731094037E1
9.600000000E-1	1.382787387E1	3.730802550E1
1.000000000E0	1.383246632E1	3.730676085E1
1.040000000E0	1.383260349E1	3.730073513E1
1.080000000E0	1.383475369E1	3.730769384E1
1.120000000E0	1.384611039E1	3.731525571E1
1.160000000E0	1.387424386E1	3.735054502E1
1.200000000E0	1.395338327E1	3.740815293E1
1.240000000E0	1.398200079E1	3.757027698E1
1.280000000E0	1.404069203E1	3.774263212E1
1.320000000E0	1.412347582E1	3.792172591E1
1.360000000E0	1.414901220E1	3.818692948E1
1.400000000E0	1.422946792E1	3.836995161E1
1.440000000E0	1.436969912E1	3.862291532E1
1.480000000E0	1.461732668E1	3.877124779E1
1.520000000E0	1.489010046E1	3.891017157E1
1.560000000E0	1.511358579E1	3.902927732E1
1.600000000E0	1.531735249E1	3.915598298E1
1.640000000E0	1.547569244E1	3.924699518E1
1.680000000E0	1.564450031E1	3.936422338E1
1.720000000E0	1.590274338E1	3.946510412E1
1.760000000E0	1.622382085E1	3.954966280E1
1.800000000E0	1.654181490E1	3.965048553E1
1.840000000E0	1.679973971E1	3.968426474E1
1.880000000E0	1.698591980E1	3.971349215E1
1.920000000E0	1.715974836E1	3.973678987E1
1.960000000E0	1.736152024E1	3.974917872E1
2.000000000E0	1.756987489E1	3.977936493E1
2.040000000E0	1.782243766E1	3.977655799E1
2.080000000E0	1.815127478E1	3.978383484E1
2.120000000E0	1.850368777E1	3.980205892E1
2.160000000E0	1.885078422E1	3.981104692E1
2.200000000E0	1.920763661E1	3.980290699E1
2.240000000E0	1.948968064E1	3.981272903E1
2.280000000E0	1.973272970E1	3.982591475E1
2.320000000E0	1.988990221E1	3.982753723E1
2.360000000E0	2.000624389E1	3.983421389E1
2.400000000E0	2.010163611E1	3.983318720E1
2.440000000E0	2.014770168E1	3.985318668E1
2.480000000E0	2.014205373E1	3.985252257E1
2.520000000E0	2.021430057E1	3.985958960E1
2.560000000E0	2.029071409E1	3.987396900E1
2.600000000E0	2.040973809E1	3.985629871E1
2.640000000E0	2.051874846E1	3.984052111E1
2.680000000E0	2.060346849E1	3.984084481E1
2.720000000E0	2.068142103E1	3.982928752E1
2.760000000E0	2.067291234E1	3.982981249E1
2.800000000E0	2.063691854E1	3.987116508E1
2.840000000E0	2.038084291E1	3.996193177E1
2.880000000E0	2.014832817E1	4.000087932E1
2.920000000E0	1.974149664E1	4.012125724E1
2.960000000E0	1.939122891E1	4.017638853E1
3.000000000E0	1.891629510E1	4.026429686E1
3.040000000E0	1.845787370E1	4.023688223E1
3.080000000E0	1.804021467E1	4.016024490E1
3.120000000E0	1.762671371E1	4.023429089E1
3.160000000E0	1.726506378E1	3.999239259E1
3.200000000E0	1.696674614E1	3.968932038E1
3.240000000E0	1.663378034E1	3.934695529E1
3.280000000E0	1.638103245E1	3.913002108E1
3.320000000E0	1.614810826E1	3.887999314E1
3.360000000E0	1.595218669E1	3.870692716E1
3.400000000E0	1.574347852E1	3.847734237E1
3.440000000E0	1.533918397E1	3.818975169E1
3.480000000E0	1.533437721E1	3.818250190E1
3.520000000E0	1.519272401E1	3.803842546E1
3.560000000E0	1.514091670E1	3.790449885E1
3.600000000E0	1.508259453E1	3.789951852E1
3.640000000E0	1.505958483E1	3.789664539E1
3.680000000E0	1.504707037E1	3.783284263E1
3.720000000E0	1.502791329E1	3.788601657E1
3.760000000E0	1.496639811E1	3.785493471E1
3.800000000E0	1.488120755E1	3.785802787E1
3.840000000E0	1.484147397E1	3.779637768E1
3.880000000E0	1.477738767E1	3.777099851E1
3.920000000E0	1.474359185E1	3.774361234E1
3.960000000E0	1.472804839E1	3.774309259E1
4.000000000E0	1.472009349E1	3.773729019E1
4.040000000E0	1.471321518E1	3.773497543E1
4.080000000E0	1.469438128E1	3.771766542E1
4.120000000E0	1.470233409E1	3.768986625E1
4.160000000E0	1.470869131E1	3.771502552E1
4.200000000E0	1.471674549E1	3.774354145E1
4.240000000E0	1.472794649E1	3.775514790E1
4.280000000E0	1.476080575E1	3.779032688E1
4.320000000E0	1.478624816E1	3.784827272E1
4.360000000E0	1.487225453E1	3.791390731E1
4.400000000E0	1.488101905E1	3.804892703E1
4.440000000E0	1.490582754E1	3.820225990E1
4.480000000E0	1.493559770E1	3.848843501E1
4.520000000E0	1.507253854E1	3.865249733E1
4.560000000E0	1.527133650E1	3.886672032E1
4.600000000E0	1.558134621E1	3.901375697E1
4.640000000E0	1.585924529E1	3.919495128E1
4.680000000E0	1.609635645E1	3.937903903E1
4.720000000E0	1.632240965E1	3.948903937E1
4.760000000E0	1.667303048E1	3.958356209E1
4.800000000E0	1.703655365E1	3.963556256E1
4.840000000E0	1.747433681E1	3.965711968E1
4.880000000E0	1.794578420E1	3.965803031E1
4.920000000E0	1.845765390E1	3.963923119E1
4.960000000E0	1.900502376E1	3.959429267E1
5.000000000E0	1.946350971E1	3.955087572E1
5.040000000E0	1.985802738E1	3.954300470E1
5.080000000E0	2.013008165E1	3.950243334E1
5.120000000E0	2.036211697E1	3.949960734E1
5.160000000E0	2.052449441E1	3.951560118E1
5.200000000E0	2.058703123E1	3.953038712E1
5.240000000E0	2.058940164E1	3.954782893E1
5.280000000E0	2.054998275E1	3.956658525E1
5.320000000E0	2.032363989E1	3.965795401E1
5.360000000E0	2.011757271E1	3.970280842E1
5.400000000E0	1.973592279E1	3.980025987E1
5.440000000E0	1.936662364E1	3.981875424E1
5.480000000E0	1.889737133E1	3.980452674E1
5.520000000E0	1.799943392E1	3.970173863E1
5.560000000E0	1.800100141E1	3.969594206E1
5.600000000E0	1.752330086E1	3.965071890E1
5.640000000E0	1.715232380E1	3.957474997E1
5.680000000E0	1.667981032E1	3.938180667E1
5.720000000E0	1.624464616E1	3.911335080E1
5.760000000E0	1.584742318E1	3.883450076E1
5.800000000E0	1.549182229E1	3.855960660E1
5.840000000E0	1.519138126E1	3.834745183E1
5.880000000E0	1.502443302E1	3.809928639E1
5.920000000E0	1.487906069E1	3.787679213E1
5.960000000E0	1.487942758E1	3.788580618E1
6.000000000E0	1.487250428E1	3.783083664E1
6.040000000E0	1.488766668E1	3.785384311E1
6.080000000E0	1.490758996E1	3.786949785E1
6.120000000E0	1.490716756E1	3.789732095E1
6.160000000E0	1.487696209E1	3.789140902E1
6.200000000E0	1.484425647E1	3.788082208E1
6.240000000E0	1.477639917E1	3.789813322E1
6.280000000E0	1.475868533E1	3.794837214E1
6.320000000E0	1.481800149E1	3.800775036E1
6.360000000E0	1.483326344E1	3.804876856E1
6.400000000E0	1.485983257E1	3.816959192E1
6.440000000E0	1.486634970E1	3.833139974E1
6.480000000E0	1.487376885E1	3.847158377E1
6.520000000E0	1.490012059E1	3.865952730E1
6.560000000E0	1.501390236E1	3.882203021E1
6.600000000E0	1.517980579E1	3.898982466E1
6.640000000E0	1.534629064E1	3.920239057E1
6.680000000E0	1.563226914E1	3.933948076E1
6.720000000E0	1.599201009E1	3.943533699E1
6.760000000E0	1.625868659E1	3.953680475E1
6.800000000E0	1.658189782E1	3.959298141E1
6.840000000E0	1.691978853E1	3.965565735E1
6.880000000E0	1.733620927E1	3.969975781E1
6.920000000E0	1.776979710E1	3.967732826E1
6.960000000E0	1.820386832E1	3.967656420E1
7.000000000E0	1.864043880E1	3.965361346E1
7.040000000E0	1.908922129E1	3.966053545E1
7.080000000E0	1.950510921E1	3.966397255E1
7.120000000E0	2.023139600E1	3.958551067E1
7.160000000E0	2.022650460E1	3.957544525E1
7.200000000E0	2.046565512E1	3.957005638E1
7.240000000E0	2.059217141E1	3.958256872E1
7.280000000E0	2.063138990E1	3.958613730E1
7.320000000E0	2.057480022E1	3.956463595E1
7.360000000E0	2.038402958E1	3.962221323E1
7.400000000E0	2.019894629E1	3.967876886E1
7.440000000E0	1.998730277E1	3.974412521E1
7.480000000E0	1.964959450E1	3.979814341E1
7.520000000E0	1.891498561E1	3.984439881E1
7.560000000E0	1.892096841E1	3.983992986E1
7.600000000E0	1.844672352E1	3.982564563E1
7.640000000E0	1.802553730E1	3.975338427E1
7.680000000E0	1.754447373E1	3.965118378E1
7.720000000E0	1.712805723E1	3.953057227E1
7.760000000E0	1.668463678E1	3.935730590E1
7.800000000E0	1.632848926E1	3.910288423E1
7.840000000E0	1.595596284E1	3.894244878E1
7.880000000E0	1.564287009E1	3.869120430E1
7.920000000E0	1.533061826E1	3.850505433E1
7.960000000E0	1.508019651E1	3.834631349E1
8.000000000E0	1.492340393E1	3.818704650E1
8.040000000E0	1.485553506E1	3.807540589E1
8.080000000E0	1.485464844E1	3.804659359E1
8.120000000E0	1.490046472E1	3.804549589E1
8.160000000E0	1.495058347E1	3.801923979E1
8.200000000E0	1.491902181E1	3.801081319E1
8.240000000E0	1.489471564E1	3.795296425E1
8.280000000E0	1.482384379E1	3.791361539E1
8.320000000E0	1.476039778E1	3.791057806E1
8.360000000E0	1.474453442E1	3.788344357E1
8.400000000E0	1.474847037E1	3.788484941E1
8.440000000E0	1.477951804E1	3.789253598E1
8.480000000E0	1.482516321E1	3.787841840E1
8.520000000E0	1.484413730E1	3.792377275E1
8.560000000E0	1.485720939E1	3.792614004E1
8.600000000E0	1.485814657E1	3.791158968E1
8.640000000E0	1.486363702E1	3.793717495E1
8.680000000E0	1.484066548E1	3.803054710E1
8.720000000E0	1.488674439E1	3.819745641E1
8.760000000E0	1.488785411E1	3.817592018E1
8.800000000E0	1.489514347E1	3.832682677E1
8.840000000E0	1.497488562E1	3.836449968E1
8.880000000E0	1.497828860E1	3.859382343E1
8.920000000E0	1.511296362E1	3.878107917E1
8.960000000E0	1.560159442E1	3.921292291E1
9.000000000E0	1.560649492E1	3.921639693E1
9.040000000E0	1.591350423E1	3.938767424E1
9.080000000E0	1.622524969E1	3.955299793E1
9.120000000E0	1.658540490E1	3.970270158E1
9.160000000E0	1.696880448E1	3.979445345E1
9.200000000E0	1.747166850E1	3.986815726E1
9.240000000E0	1.802079321E1	3.987458831E1
9.280000000E0	1.862562416E1	3.983720792E1
9.320000000E0	1.920139722E1	3.978958545E1
9.360000000E0	1.983601688E1	3.973465965E1
9.400000000E0	2.041484450E1	3.970112232E1
9.440000000E0	2.091688836E1	3.967757845E1
9.480000000E0	2.128252789E1	3.965901470E1
9.520000000E0	2.169033400E1	3.974909044E1
9.560000000E0	2.168457495E1	3.970771259E1
9.600000000E0	2.160964750E1	3.977529907E1
9.640000000E0	2.148060183E1	3.981539473E1
9.680000000E0	2.125203571E1	3.983247568E1
9.720000000E0	2.093138316E1	3.986454941E1
9.760000000E0	2.055583640E1	3.987213197E1
9.800000000E0	2.005833280E1	3.992640746E1
9.840000000E0	1.967224064E1	3.995527906E1
9.880000000E0	1.937479889E1	3.989735365E1
9.920000000E0	1.899875745E1	3.980319866E1
9.960000000E0	1.831752192E1	3.963691342E1
1.000000000E1	1.831303149E1	3.965641107E1
1.004000000E1	1.796124267E1	3.948116941E1
1.008000000E1	1.764948347E1	3.926594641E1
1.012000000E1	1.719901127E1	3.906560863E1
1.016000000E1	1.685428605E1	3.882412733E1
1.020000000E1	1.643973089E1	3.862184827E1
1.024000000E1	1.614206511E1	3.841083940E1
1.028000000E1	1.579494398E1	3.823707225E1
1.032000000E1	1.548635888E1	3.814516049E1
1.036000000E1	1.527572493E1	3.806379532E1
1.040000000E1	1.528954343E1	3.808737199E1
1.044000000E1	1.527354539E1	3.805515670E1
1.048000000E1	1.525075469E1	3.805589951E1
1.052000000E1	1.519997505E1	3.804477345E1
1.056000000E1	1.516288093E1	3.803024994E1
1.060000000E1	1.508240892E1	3.801156639E1
1.064000000E1	1.501584478E1	3.796787734E1
1.068000000E1	1.501689481E1	3.795792645E1
1.072000000E1	1.501766442E1	3.792694068E1
1.076000000E1	1.502172610E1	3.792560543E1
1.080000000E1	1.502973251E1	3.795256528E1
1.084000000E1	1.501043950E1	3.798344018E1
1.088000000E1	1.502700037E1	3.801658748E1
1.092000000E1	1.502929210E1	3.803538095E1
1.096000000E1	1.503610953E1	3.805397220E1
1.100000000E1	1.506633736E1	3.808194024E1
1.104000000E1	1.505461971E1	3.814904316E1
1.108000000E1	1.515110665E1	3.815552510E1
1.112000000E1	1.519112974E1	3.820196057E1
1.116000000E1	1.526600698E1	3.826849274E1
1.120000000E1	1.534272827E1	3.835667507E1
1.124000000E1	1.545379452E1	3.843837322E1
1.128000000E1	1.550920152E1	3.859553919E1
1.132000000E1	1.560813880E1	3.873400463E1
1.136000000E1	1.569463077E1	3.892376419E1
1.140000000E1	1.583893759E1	3.914302261E1
1.144000000E1	1.596857939E1	3.936663395E1
1.148000000E1	1.625706051E1	3.952181698E1
1.152000000E1	1.658321814E1	3.966340827E1
1.156000000E1	1.698341991E1	3.974976898E1
1.160000000E1	1.738606679E1	3.982505473E1
1.164000000E1	1.788049765E1	3.989199923E1
1.168000000E1	1.837002186E1	3.994016914E1
1.172000000E1	1.900062365E1	3.993826507E1
1.176000000E1	1.959124189E1	3.996346709E1
1.180000000E1	2.020095796E1	3.992882150E1
1.184000000E1	2.078216236E1	3.993190850E1
1.188000000E1	2.130909193E1	3.990031725E1
1.192000000E1	2.169784962E1	3.984582739E1
1.196000000E1	2.195071004E1	3.987368626E1
1.200000000E1	2.205192383E1	3.984536446E1
1.204000000E1	2.205560556E1	3.986580135E1
1.208000000E1	2.193822845E1	3.987556803E1
1.212000000E1	2.166751761E1	3.993618442E1
1.216000000E1	2.137246697E1	3.997746447E1
1.220000000E1	2.107057747E1	3.998950496E1
1.224000000E1	2.071733320E1	3.998593642E1
1.228000000E1	2.034431304E1	3.998289710E1
1.232000000E1	1.994628589E1	3.995406803E1
1.236000000E1	1.944706577E1	3.992525273E1
1.240000000E1	1.895978939E1	3.981969381E1
1.244000000E1	1.846630656E1	3.969024779E1
1.248000000E1	1.797266960E1	3.947066772E1
1.252000000E1	1.748509226E1	3.930955679E1
1.256000000E1	1.636275416E1	3.874787339E1
1.260000000E1	1.635714542E1	3.874534340E1
1.264000000E1	1.587887656E1	3.845989954E1
1.268000000E1	1.545050343E1	3.826713033E1
1.272000000E1	1.515500653E1	3.819452419E1
1.276000000E1	1.497970141E1	3.815282581E1
1.280000000E1	1.498089154E1	3.817982521E1
1.284000000E1	1.504359801E1	3.820147687E1
1.288000000E1	1.511990463E1	3.818908000E1
1.292000000E1	1.515060025E1	3.821883684E1
1.296000000E1	1.510436572E1	3.818867167E1
1.300000000E1	1.503346964E1	3.820593943E1
1.304000000E1	1.499425599E1	3.818958797E1
1.308000000E1	1.498873036E1	3.818070726E1
1.312000000E1	1.501593558E1	3.818275218E1
1.316000000E1	1.503938493E1	3.820555443E1
1.320000000E1	1.504764559E1	3.828443901E1
1.324000000E1	1.511726491E1	3.832664806E1
1.328000000E1	1.514181656E1	3.844703098E1
1.332000000E1	1.518648018E1	3.853462906E1
1.336000000E1	1.523570434E1	3.864592817E1
1.340000000E1	1.553290208E1	3.900991470E1
1.344000000E1	1.552176954E1	3.899087352E1
1.348000000E1	1.604242735E1	3.928595319E1
1.352000000E1	1.625204007E1	3.948094898E1
1.356000000E1	1.624324867E1	3.948594990E1
1.360000000E1	1.652505739E1	3.963228964E1
1.364000000E1	1.681691070E1	3.977968038E1
1.368000000E1	1.720616060E1	3.984493977E1
1.372000000E1	1.764902209E1	3.985548354E1
1.376000000E1	1.802254908E1	3.992658208E1
1.380000000E1	1.858465429E1	3.989118048E1
1.384000000E1	1.911232661E1	3.985940053E1
1.388000000E1	1.963846882E1	3.980535097E1
1.392000000E1	2.021698087E1	3.973248981E1
1.396000000E1	2.074612341E1	3.972727007E1
1.400000000E1	2.153204671E1	3.968319694E1
1.404000000E1	2.150248783E1	3.969976277E1
1.408000000E1	2.175238833E1	3.968867812E1
1.412000000E1	2.189796888E1	3.968882152E1
1.416000000E1	2.192216016E1	3.972187352E1
1.420000000E1	2.172184222E1	3.980747734E1
1.424000000E1	2.148894636E1	3.986475160E1
1.428000000E1	2.114135180E1	3.988431953E1
1.432000000E1	2.065737928E1	3.995666388E1
1.436000000E1	2.023996803E1	3.997943295E1
1.440000000E1	1.930370614E1	3.992930437E1
1.444000000E1	1.931427898E1	3.994689803E1
1.448000000E1	1.885412885E1	3.981785354E1
1.452000000E1	1.836828069E1	3.969980979E1
1.456000000E1	1.781804182E1	3.948346988E1
1.460000000E1	1.737713269E1	3.919939780E1
1.464000000E1	1.694545643E1	3.891511781E1
1.468000000E1	1.649187554E1	3.864714063E1
1.472000000E1	1.600527200E1	3.844427232E1
1.476000000E1	1.563414180E1	3.823580997E1
1.480000000E1	1.531705570E1	3.804999423E1
1.484000000E1	1.508105262E1	3.800681569E1
1.488000000E1	1.503302154E1	3.791914032E1
1.492000000E1	1.507023077E1	3.793599801E1
1.496000000E1	1.516083132E1	3.789642377E1
1.500000000E1	1.532548690E1	3.795423987E1
1.504000000E1	1.532485814E1	3.791946421E1
1.508000000E1	1.532412722E1	3.791191999E1
1.512000000E1	1.529054410E1	3.789431799E1
1.516000000E1	1.519592924E1	3.789132017E1
1.520000000E1	1.516832998E1	3.787898044E1
1.524000000E1	1.514509412E1	3.786628050E1
1.528000000E1	1.513756735E1	3.786339364E1
1.532000000E1	1.512873177E1	3.785972965E1
1.536000000E1	1.513133455E1	3.786632070E1
1.540000000E1	1.513914017E1	3.786959671E1
1.544000000E1	1.514343557E1	3.787347363E1
1.548000000E1	1.514674307E1	3.787637893E1
1.552000000E1	1.515298546E1	3.788031808E1
1.556000000E1	1.515829795E1	3.788369053E1
1.560000000E1	1.516443634E1	3.788830281E1
1.564000000E1	1.517064231E1	3.789879791E1
1.568000000E1	1.516403025E1	3.804549247E1
1.572000000E1	1.516970910E1	3.818665393E1
1.576000000E1	1.520259051E1	3.835697921E1
1.580000000E1	1.532381782E1	3.853777050E1
1.584000000E1	1.548735410E1	3.879730644E1
1.588000000E1	1.576705647E1	3.901846653E1
1.592000000E1	1.614633621E1	3.924423221E1
1.596000000E1	1.660174255E1	3.937945374E1
1.600000000E1	1.709492437E1	3.952241149E1
1.604000000E1	1.754819015E1	3.962342341E1
1.608000000E1	1.803931767E1	3.970973173E1
1.612000000E1	1.845952821E1	3.976502392E1
1.616000000E1	1.899849885E1	3.979520971E1
1.620000000E1	1.955411771E1	3.984400891E1
1.624000000E1	2.009034795E1	3.982922290E1
1.628000000E1	2.061361720E1	3.983270026E1
1.632000000E1	2.110665883E1	3.980628260E1
1.636000000E1	2.150896519E1	3.980446736E1
1.640000000E1	2.181612777E1	3.980170093E1
1.644000000E1	2.204449283E1	3.979827097E1
1.648000000E1	2.216877340E1	3.980683000E1
1.652000000E1	2.217799150E1	3.984703079E1
1.656000000E1	2.209626461E1	3.988323048E1
1.660000000E1	2.179567275E1	3.994958041E1
1.664000000E1	2.153282701E1	3.999473911E1
1.668000000E1	2.118617077E1	4.001608507E1
1.672000000E1	2.083562705E1	4.001866216E1
1.676000000E1	2.040159301E1	3.999760433E1
1.680000000E1	1.992482160E1	3.995005028E1
1.684000000E1	1.945721347E1	3.982976923E1
1.688000000E1	1.896928865E1	3.970140797E1
1.692000000E1	1.844827869E1	3.950794457E1
1.696000000E1	1.803010552E1	3.930772162E1
1.700000000E1	1.756022855E1	3.909548495E1
1.704000000E1	1.719462319E1	3.885730728E1
1.708000000E1	1.682410426E1	3.863565181E1
1.712000000E1	1.656270731E1	3.839049285E1
1.716000000E1	1.626096431E1	3.825108090E1
1.720000000E1	1.599136486E1	3.816449826E1
1.724000000E1	1.590443156E1	3.807762183E1
1.728000000E1	1.590002121E1	3.806417149E1
1.732000000E1	1.590356092E1	3.806979734E1
1.736000000E1	1.589826000E1	3.807083152E1
1.740000000E1	1.581472917E1	3.809002237E1
1.744000000E1	1.575580732E1	3.806081832E1
1.748000000E1	1.565785546E1	3.806736012E1
1.752000000E1	1.561592548E1	3.804803989E1
1.756000000E1	1.559618415E1	3.804644469E1
1.760000000E1	1.558721180E1	3.805319325E1
1.764000000E1	1.558421979E1	3.805119776E1
1.768000000E1	1.559273352E1	3.805137779E1
1.772000000E1	1.559886119E1	3.805151407E1
1.776000000E1	1.560734750E1	3.805321845E1
1.780000000E1	1.561292471E1	3.805493385E1
1.784000000E1	1.562265549E1	3.807070412E1
1.788000000E1	1.560032233E1	3.813763273E1
1.792000000E1	1.561814299E1	3.817777096E1
1.796000000E1	1.563961081E1	3.821050291E1
1.800000000E1	1.566127152E1	3.833140957E1
1.804000000E1	1.576082968E1	3.836932694E1
1.808000000E1	1.574453203E1	3.856999152E1
1.812000000E1	1.575715607E1	3.876854724E1
1.816000000E1	1.580057415E1	3.896699973E1
1.820000000E1	1.594818816E1	3.923161346E1
1.824000000E1	1.622917529E1	3.942630224E1
1.828000000E1	1.649393803E1	3.965382820E1
1.832000000E1	1.681843249E1	3.982907649E1
1.836000000E1	1.718932975E1	4.000577158E1
1.840000000E1	1.757069573E1	4.010315273E1
1.844000000E1	1.802408681E1	4.014238319E1
1.848000000E1	1.849851683E1	4.015994708E1
1.852000000E1	1.900850434E1	4.012861524E1
1.856000000E1	1.956710751E1	4.012610639E1
1.860000000E1	2.012974172E1	4.008327359E1
1.864000000E1	2.075188836E1	4.003680556E1
1.868000000E1	2.123524673E1	3.998425999E1
1.872000000E1	2.168459610E1	3.994880733E1
1.876000000E1	2.213537996E1	3.987776731E1
1.880000000E1	2.242968255E1	3.985849993E1
1.884000000E1	2.257866733E1	3.984507506E1
1.888000000E1	2.264667348E1	3.984204985E1
1.892000000E1	2.259365119E1	3.985430593E1
1.896000000E1	2.234984412E1	3.993273945E1
1.900000000E1	2.210559670E1	3.997785425E1
1.904000000E1	2.177531845E1	3.999355686E1
1.908000000E1	2.140981696E1	3.999936843E1
1.912000000E1	2.099625883E1	4.003151998E1
1.916000000E1	2.043882793E1	4.008187329E1
1.920000000E1	2.003223282E1	4.005602592E1
1.924000000E1	1.893144375E1	3.981560493E1
1.928000000E1	1.892569204E1	3.983005063E1
1.932000000E1	1.844103440E1	3.967697586E1
1.936000000E1	1.792187028E1	3.951408214E1
1.940000000E1	1.754591267E1	3.926891098E1
1.944000000E1	1.716418070E1	3.900479690E1
1.948000000E1	1.668898744E1	3.876960827E1
1.952000000E1	1.638443444E1	3.852480856E1
1.956000000E1	1.618049947E1	3.833400318E1
1.960000000E1	1.606259113E1	3.823950172E1
1.964000000E1	1.599095742E1	3.820831426E1
1.968000000E1	1.597277455E1	3.821472831E1
1.972000000E1	1.601688421E1	3.818756783E1
1.976000000E1	1.605587544E1	3.819377460E1
1.980000000E1	1.603977395E1	3.819093461E1
1.984000000E1	1.595160939E1	3.819922184E1
1.988000000E1	1.590517468E1	3.818257192E1
1.992000000E1	1.589591334E1	3.818070992E1
1.996000000E1	1.590163089E1	3.818201891E1
2.000000000E1	1.591602643E1	3.819039685E1
2.004000000E1	1.593161919E1	3.819935016E1
2.008000000E1	1.596110809E1	3.822877399E1
2.012000000E1	1.595271961E1	3.822459382E1
2.016000000E1	1.592658695E1	3.832619143E1
2.020000000E1	1.596240224E1	3.838078535E1
2.024000000E1	1.595308036E1	3.847682232E1
2.028000000E1	1.595487819E1	3.863181636E1
2.032000000E1	1.599388726E1	3.880271577E1
2.036000000E1	1.609307275E1	3.899959737E1
2.040000000E1	1.623784832E1	3.924016102E1
2.044000000E1	1.681145331E1	3.961850806E1
2.048000000E1	1.681486768E1	3.964320518E1
2.052000000E1	1.717505603E1	3.981712050E1
2.056000000E1	1.769387319E1	3.986872475E1
2.060000000E1	1.817941220E1	3.996010437E1
2.064000000E1	1.875878804E1	4.002828180E1
2.068000000E1	1.940120912E1	4.003668648E1
2.072000000E1	1.998610920E1	4.003104957E1
2.076000000E1	2.057553670E1	4.000341195E1
2.080000000E1	2.115061604E1	3.997623651E1
2.084000000E1	2.171725114E1	3.995384811E1
2.088000000E1	2.210917356E1	3.994666658E1
2.092000000E1	2.243822697E1	3.994576910E1
2.096000000E1	2.267136554E1	3.994867518E1
2.100000000E1	2.280811640E1	3.997164444E1
2.104000000E1	2.279837518E1	3.998511456E1
2.108000000E1	2.265492294E1	3.997960616E1
2.112000000E1	2.240630364E1	3.999163346E1
2.116000000E1	2.211528459E1	4.000209989E1
2.120000000E1	2.167113877E1	4.009931770E1
2.124000000E1	2.128619863E1	4.009977262E1
2.128000000E1	2.085480128E1	4.010426331E1
2.132000000E1	1.996303079E1	3.996169853E1
2.136000000E1	1.997157829E1	3.995518728E1
2.140000000E1	1.944190171E1	3.990028811E1
2.144000000E1	1.889258632E1	3.976943750E1
2.148000000E1	1.845940135E1	3.964231054E1
2.152000000E1	1.805467542E1	3.954723236E1
2.156000000E1	1.775090946E1	3.931072326E1
2.160000000E1	1.745417010E1	3.912767757E1
2.164000000E1	1.726546417E1	3.885598795E1
2.168000000E1	1.672838775E1	3.852359441E1
2.172000000E1	1.671099262E1	3.852072934E1
2.176000000E1	1.651033107E1	3.839069166E1
2.180000000E1	1.632449357E1	3.830137584E1
2.184000000E1	1.620672312E1	3.829983174E1
2.188000000E1	1.613436545E1	3.831170145E1
2.192000000E1	1.609760372E1	3.832415099E1
2.196000000E1	1.609197095E1	3.832725913E1
2.200000000E1	1.608279805E1	3.833301121E1
2.204000000E1	1.605985089E1	3.832536836E1
2.208000000E1	1.602960135E1	3.832013119E1
2.212000000E1	1.596140969E1	3.833570590E1
2.216000000E1	1.592487400E1	3.832764794E1
2.220000000E1	1.592038730E1	3.832966997E1
2.224000000E1	1.590539690E1	3.832874583E1
2.228000000E1	1.590099106E1	3.833436502E1
2.232000000E1	1.590465693E1	3.833640415E1
2.236000000E1	1.590394639E1	3.833665350E1
2.240000000E1	1.590040871E1	3.833649918E1
2.244000000E1	1.591389250E1	3.834278821E1
2.248000000E1	1.592218640E1	3.835223737E1
2.252000000E1	1.595184852E1	3.840903366E1
2.256000000E1	1.594605158E1	3.846607681E1
2.260000000E1	1.600171800E1	3.846220449E1
2.264000000E1	1.605680320E1	3.848168171E1
2.268000000E1	1.607084099E1	3.848227972E1
2.272000000E1	1.607448881E1	3.848573837E1
2.276000000E1	1.607771209E1	3.849924808E1
2.280000000E1	1.608111886E1	3.849654944E1
2.284000000E1	1.608304503E1	3.851961799E1
2.288000000E1	1.608190879E1	3.851559603E1
2.292000000E1	1.607775544E1	3.850142765E1
2.296000000E1	1.607049758E1	3.849623349E1
2.300000000E1	1.607219143E1	3.849102786E1
2.304000000E1	1.607049011E1	3.849304314E1
2.308000000E1	1.607071057E1	3.850297331E1
2.312000000E1	1.606566081E1	3.858134890E1
2.316000000E1	1.617050042E1	3.862869186E1
2.320000000E1	1.621863982E1	3.874078459E1
2.324000000E1	1.634596041E1	3.887261368E1
2.328000000E1	1.644111718E1	3.907472500E1
2.332000000E1	1.656144625E1	3.924099410E1
2.336000000E1	1.677249952E1	3.939330266E1
2.340000000E1	1.704125152E1	3.956919649E1
2.344000000E1	1.732290596E1	3.970868769E1
2.348000000E1	1.764719558E1	3.980727231E1
2.352000000E1	1.797359707E1	3.992180747E1
2.356000000E1	1.842531497E1	3.998592391E1
2.360000000E1	1.883359333E1	4.009857086E1
2.364000000E1	1.936751883E1	4.010966128E1
2.368000000E1	1.993692406E1	4.009099569E1
2.372000000E1	2.049704923E1	4.009496046E1
2.376000000E1	2.100899881E1	4.009870626E1
2.380000000E1	2.144176958E1	4.009013189E1
2.384000000E1	2.177931628E1	4.007362049E1
2.388000000E1	2.198060964E1	4.011656539E1
2.392000000E1	2.209711629E1	4.013220942E1
2.396000000E1	2.211605746E1	4.015195497E1
2.400000000E1	2.204754589E1	4.015735267E1
2.404000000E1	2.186835505E1	4.016319975E1
2.408000000E1	2.151012280E1	4.027750995E1
2.412000000E1	2.125714825E1	4.029937349E1
2.416000000E1	2.086562086E1	4.039352054E1
2.420000000E1	2.052471193E1	4.040491346E1
2.424000000E1	2.020921580E1	4.030029250E1
2.428000000E1	1.971316454E1	4.027011338E1
2.432000000E1	1.925330933E1	4.016112366E1
2.436000000E1	1.887872168E1	4.002608038E1
2.440000000E1	1.842315201E1	3.986873335E1
2.444000000E1	1.793138945E1	3.966854303E1
2.448000000E1	1.751040203E1	3.939415868E1
2.452000000E1	1.708723700E1	3.911431653E1
2.456000000E1	1.669841142E1	3.884020803E1
2.460000000E1	1.638931565E1	3.861826808E1
2.464000000E1	1.597599926E1	3.831504543E1
2.468000000E1	1.595783599E1	3.833240352E1
2.472000000E1	1.591976154E1	3.819378425E1
2.476000000E1	1.590601191E1	3.820953002E1
2.480000000E1	1.593447588E1	3.821515859E1
2.484000000E1	1.593997421E1	3.819962703E1
2.488000000E1	1.590882098E1	3.819651041E1
2.492000000E1	1.590791285E1	3.820495790E1
2.496000000E1	1.583111947E1	3.822478010E1
2.500000000E1	1.577844478E1	3.818422231E1
2.504000000E1	1.575062703E1	3.817563936E1
2.508000000E1	1.574567096E1	3.817615336E1
2.512000000E1	1.575465687E1	3.819414075E1
2.516000000E1	1.576038374E1	3.819915934E1
2.520000000E1	1.576365993E1	3.818822584E1
2.524000000E1	1.576533305E1	3.818840366E1
2.528000000E1	1.575719855E1	3.818606397E1
2.532000000E1	1.574480465E1	3.818330887E1
2.536000000E1	1.573913372E1	3.819473695E1
2.540000000E1	1.574027739E1	3.818514775E1
2.544000000E1	1.574352677E1	3.818182624E1
2.548000000E1	1.575434137E1	3.820027966E1
2.552000000E1	1.576035111E1	3.820198193E1
2.556000000E1	1.576478926E1	3.820520627E1
2.560000000E1	1.572485257E1	3.828479563E1
2.564000000E1	1.577004992E1	3.834979111E1
2.568000000E1	1.577333481E1	3.848562400E1
2.572000000E1	1.582847468E1	3.865030159E1
2.576000000E1	1.592843404E1	3.877393695E1
2.580000000E1	1.610398564E1	3.895295484E1
2.584000000E1	1.634501019E1	3.908264598E1
2.588000000E1	1.660137519E1	3.923554718E1
2.592000000E1	1.687019325E1	3.938704379E1
2.596000000E1	1.712426601E1	3.952030496E1
2.600000000E1	1.742009850E1	3.965019236E1
2.604000000E1	1.781981842E1	3.971599849E1
2.608000000E1	1.823106293E1	3.983075878E1
2.612000000E1	1.874851176E1	3.985149809E1
2.616000000E1	1.929590309E1	3.983648096E1
2.620000000E1	1.990937994E1	3.983624294E1
2.624000000E1	2.050658837E1	3.982815878E1
2.628000000E1	2.106976391E1	3.983098289E1
2.632000000E1	2.151902311E1	3.981930596E1
2.636000000E1	2.187005594E1	3.980382275E1
2.640000000E1	2.213287620E1	3.983344702E1
2.644000000E1	2.221867937E1	3.983575156E1
2.648000000E1	2.220217741E1	3.983469989E1
2.652000000E1	2.208456790E1	3.985270104E1
2.656000000E1	2.191871893E1	3.986487143E1
2.660000000E1	2.159527454E1	3.993287911E1
2.664000000E1	2.126599401E1	3.993906514E1
2.668000000E1	2.089593648E1	3.997417019E1
2.672000000E1	2.048333042E1	3.998758147E1
2.676000000E1	2.004980902E1	3.996943931E1
2.680000000E1	1.964263086E1	3.987268098E1
2.684000000E1	1.908017366E1	3.980568688E1
2.688000000E1	1.862958540E1	3.964411036E1
2.692000000E1	1.822861749E1	3.944834603E1
2.696000000E1	1.772094174E1	3.920746471E1
2.700000000E1	1.729395263E1	3.898759120E1
2.704000000E1	1.685266626E1	3.878999707E1
2.708000000E1	1.653617542E1	3.865282832E1
2.712000000E1	1.634468741E1	3.851685276E1
2.716000000E1	1.614908420E1	3.845495533E1
2.720000000E1	1.604821087E1	3.843301239E1
2.724000000E1	1.603082236E1	3.842356281E1
2.728000000E1	1.603619067E1	3.843664222E1
2.732000000E1	1.604154383E1	3.842887013E1
2.736000000E1	1.599075479E1	3.846825953E1
2.740000000E1	1.591715504E1	3.845544543E1
2.744000000E1	1.587571663E1	3.843879240E1
2.748000000E1	1.590441296E1	3.838913571E1
2.752000000E1	1.589161732E1	3.835631683E1
2.756000000E1	1.590250215E1	3.835416368E1
2.760000000E1	1.590631243E1	3.836537112E1
2.764000000E1	1.590962028E1	3.834838561E1
2.768000000E1	1.592178617E1	3.839117483E1
2.772000000E1	1.590738581E1	3.847672654E1
2.776000000E1	1.594046542E1	3.855124357E1
2.780000000E1	1.593998952E1	3.868122807E1
2.784000000E1	1.597559059E1	3.880976653E1
2.788000000E1	1.608776452E1	3.900665519E1
2.792000000E1	1.624645182E1	3.922913814E1
2.796000000E1	1.656255067E1	3.941788302E1
2.800000000E1	1.694927156E1	3.955527841E1
2.804000000E1	1.739998334E1	3.971319399E1
2.808000000E1	1.785190310E1	3.983662266E1
2.812000000E1	1.837858509E1	3.989749806E1
2.816000000E1	1.881197256E1	3.994871931E1
2.820000000E1	1.981490673E1	3.997110975E1
2.824000000E1	1.980595525E1	3.997322189E1
2.828000000E1	2.038807604E1	3.996909894E1
2.832000000E1	2.093886444E1	3.998617442E1
2.836000000E1	2.143789904E1	3.994413973E1
2.840000000E1	2.189130223E1	3.993265954E1
2.844000000E1	2.234151727E1	3.987828288E1
2.848000000E1	2.251283726E1	3.992994078E1
2.852000000E1	2.263249371E1	3.990557156E1
2.856000000E1	2.265096181E1	3.996306264E1
2.860000000E1	2.255508896E1	3.999834921E1
2.864000000E1	2.236270176E1	4.003319507E1
2.868000000E1	2.204339376E1	4.009653696E1
2.872000000E1	2.177828551E1	4.014006653E1
2.876000000E1	2.141590850E1	4.012683437E1
2.880000000E1	2.100150970E1	4.012553753E1
2.884000000E1	2.046050944E1	4.013430234E1
2.888000000E1	1.995774071E1	4.002326937E1
2.892000000E1	1.939110281E1	3.990144048E1
2.896000000E1	1.876611168E1	3.967722881E1
2.900000000E1	1.812581707E1	3.948254456E1
2.904000000E1	1.755930745E1	3.925308794E1
2.908000000E1	1.695906761E1	3.898333371E1
2.912000000E1	1.640264948E1	3.876646969E1
2.916000000E1	1.602388557E1	3.851835213E1
2.920000000E1	1.571107310E1	3.833523965E1
2.924000000E1	1.550307647E1	3.830122370E1
2.928000000E1	1.546067061E1	3.825262658E1
2.932000000E1	1.548441366E1	3.820988880E1
2.936000000E1	1.560170126E1	3.820032045E1
2.940000000E1	1.566622526E1	3.822658862E1
2.944000000E1	1.565758181E1	3.825184463E1
2.948000000E1	1.564979640E1	3.825003998E1
2.952000000E1	1.559680193E1	3.819142139E1
2.956000000E1	1.552501824E1	3.820062850E1
2.960000000E1	1.549837098E1	3.819881412E1
2.964000000E1	1.550416461E1	3.822348290E1
2.968000000E1	1.555195594E1	3.819840280E1
2.972000000E1	1.560672398E1	3.820869916E1
2.976000000E1	1.563708355E1	3.822546417E1
2.980000000E1	1.562714166E1	3.829976891E1
2.984000000E1	1.566635497E1	3.836107014E1
2.988000000E1	1.567701862E1	3.846243603E1
2.992000000E1	1.578595645E1	3.865898430E1
2.996000000E1	1.578217569E1	3.864853901E1
3.000000000E1	1.589050201E1	3.882058280E1
3.004000000E1	1.603679008E1	3.896506544E1
3.008000000E1	1.620565954E1	3.922487394E1
3.012000000E1	1.651089112E1	3.938817896E1
3.016000000E1	1.681967861E1	3.955288099E1
3.020000000E1	1.717498947E1	3.974398968E1
3.024000000E1	1.754762466E1	3.982708609E1
3.028000000E1	1.787195858E1	3.995842813E1
3.032000000E1	1.866253227E1	4.013326529E1
3.036000000E1	1.864464582E1	4.013019012E1
3.040000000E1	1.916201577E1	4.011063639E1
3.044000000E1	1.967069503E1	4.010815563E1
3.048000000E1	2.018524229E1	4.013330550E1
3.052000000E1	2.068243178E1	4.009820916E1
3.056000000E1	2.119067396E1	4.011110873E1
3.060000000E1	2.161988535E1	4.009156908E1
3.064000000E1	2.207151941E1	4.004994067E1
3.068000000E1	2.232202065E1	4.003152527E1
3.072000000E1	2.246342631E1	4.002964718E1
3.076000000E1	2.237823297E1	4.012022851E1
3.080000000E1	2.229666336E1	4.011845812E1
3.084000000E1	2.207298644E1	4.012705807E1
3.088000000E1	2.177201629E1	4.013421604E1
3.092000000E1	2.141622245E1	4.014186823E1
3.096000000E1	2.101563955E1	4.016419359E1
3.100000000E1	2.062705925E1	4.018720587E1
3.104000000E1	2.016953857E1	4.015142153E1
3.108000000E1	1.967223523E1	4.009424021E1
3.112000000E1	1.924315357E1	3.995326405E1
3.116000000E1	1.877096105E1	3.979847341E1
3.120000000E1	1.837205810E1	3.958671439E1
3.124000000E1	1.786640745E1	3.936471390E1
3.128000000E1	1.738577158E1	3.909627405E1
3.132000000E1	1.649684991E1	3.871674960E1
3.136000000E1	1.650266919E1	3.871755080E1
3.140000000E1	1.621094759E1	3.861333938E1
3.144000000E1	1.595447139E1	3.859846030E1
3.148000000E1	1.589281786E1	3.852089481E1
3.152000000E1	1.590588419E1	3.848164764E1
3.156000000E1	1.594297985E1	3.846790239E1
3.160000000E1	1.600007923E1	3.844970671E1
3.164000000E1	1.604649293E1	3.846563297E1
3.168000000E1	1.597505026E1	3.848314104E1
3.172000000E1	1.590023865E1	3.846988350E1
3.176000000E1	1.581508690E1	3.848598529E1
3.180000000E1	1.577431857E1	3.848235906E1
3.184000000E1	1.577486618E1	3.847704133E1
3.188000000E1	1.578953907E1	3.848879618E1
3.192000000E1	1.586217882E1	3.847899502E1
3.196000000E1	1.590460449E1	3.848942869E1
3.200000000E1	1.591583274E1	3.850739191E1
3.204000000E1	1.592683630E1	3.853815085E1
3.208000000E1	1.590396040E1	3.859602969E1
3.212000000E1	1.592685569E1	3.863473357E1
3.216000000E1	1.596079071E1	3.865844557E1
3.220000000E1	1.604523169E1	3.867094333E1
3.224000000E1	1.609376703E1	3.895078346E1
3.228000000E1	1.608903575E1	3.895772966E1
3.232000000E1	1.622244949E1	3.915798260E1
3.236000000E1	1.636735755E1	3.935675088E1
3.240000000E1	1.665310028E1	3.952995479E1
3.244000000E1	1.697536865E1	3.969846307E1
3.248000000E1	1.730256639E1	3.983382278E1
3.252000000E1	1.765669288E1	3.995522656E1
3.256000000E1	1.809787881E1	4.000286050E1
3.260000000E1	1.851602130E1	4.011654339E1
3.264000000E1	1.903205623E1	4.011063705E1
3.268000000E1	1.957154170E1	4.012632573E1
3.272000000E1	2.013276608E1	4.011357964E1
3.276000000E1	2.070541457E1	4.010939678E1
3.280000000E1	2.125802041E1	4.009977140E1
3.284000000E1	2.177392131E1	4.011551980E1
3.288000000E1	2.215876548E1	4.010038941E1
3.292000000E1	2.248901037E1	4.011468029E1
3.296000000E1	2.270043354E1	4.012905657E1
3.300000000E1	2.276151817E1	4.011194037E1
3.304000000E1	2.276432852E1	4.012653254E1
3.308000000E1	2.270749149E1	4.015818859E1
3.312000000E1	2.254242475E1	4.015801969E1
3.316000000E1	2.232741808E1	4.015063567E1
3.320000000E1	2.203350650E1	4.015158145E1
3.324000000E1	2.170959637E1	4.015471810E1
3.328000000E1	2.136664303E1	4.016790699E1
3.332000000E1	2.097026334E1	4.014574545E1
3.336000000E1	2.049640974E1	4.009533731E1
3.340000000E1	2.004976962E1	3.998513592E1
3.344000000E1	1.959909132E1	3.982093825E1
3.348000000E1	1.908715761E1	3.968181079E1
3.352000000E1	1.856014318E1	3.949956558E1
3.356000000E1	1.803208036E1	3.935356998E1
3.360000000E1	1.760949233E1	3.916061784E1
3.364000000E1	1.714959977E1	3.897920860E1
3.368000000E1	1.676587200E1	3.874384474E1
3.372000000E1	1.651208868E1	3.861985599E1
3.376000000E1	1.639241894E1	3.853429226E1
3.380000000E1	1.633815061E1	3.849390785E1
3.384000000E1	1.636799700E1	3.849607590E1
3.388000000E1	1.639835245E1	3.851157680E1
3.392000000E1	1.639290771E1	3.850631535E1
3.396000000E1	1.633908092E1	3.848594257E1
3.400000000E1	1.620774262E1	3.847595037E1
3.404000000E1	1.608585568E1	3.847788124E1
3.408000000E1	1.604629565E1	3.846017507E1
3.412000000E1	1.605526094E1	3.847169211E1
3.416000000E1	1.607352665E1	3.848225016E1
3.420000000E1	1.609530953E1	3.849629891E1
3.424000000E1	1.614187577E1	3.850921974E1
3.428000000E1	1.610802481E1	3.850852980E1
3.432000000E1	1.609287983E1	3.850488341E1
3.436000000E1	1.607784269E1	3.850043994E1
3.440000000E1	1.606935606E1	3.849850962E1
3.444000000E1	1.606601589E1	3.849869177E1
3.448000000E1	1.606413422E1	3.849687360E1
3.452000000E1	1.606793976E1	3.850168111E1
3.456000000E1	1.607097194E1	3.850795919E1
3.460000000E1	1.607153471E1	3.851317977E1
3.464000000E1	1.607300070E1	3.852133976E1
3.468000000E1	1.605543666E1	3.861390885E1
3.472000000E1	1.608485004E1	3.865920499E1
3.476000000E1	1.608995674E1	3.878900382E1
3.480000000E1	1.615354641E1	3.891443763E1
3.484000000E1	1.626041676E1	3.907638607E1
3.488000000E1	1.649774553E1	3.921367870E1
3.492000000E1	1.676468007E1	3.935942302E1
3.496000000E1	1.701643550E1	3.953304712E1
3.500000000E1	1.729180644E1	3.965910045E1
3.504000000E1	1.755152397E1	3.977841710E1
3.508000000E1	1.780513507E1	3.992214776E1
3.512000000E1	1.816629997E1	4.006464076E1
3.516000000E1	1.873102254E1	4.015119172E1
3.520000000E1	1.925631941E1	4.024350197E1
3.524000000E1	1.992397553E1	4.024904577E1
3.528000000E1	2.058554740E1	4.026056329E1
3.532000000E1	2.127009461E1	4.023959448E1
3.536000000E1	2.189955445E1	4.025288005E1
3.540000000E1	2.244508659E1	4.024398850E1
3.544000000E1	2.290914225E1	4.026425336E1
3.548000000E1	2.322778902E1	4.026976627E1
3.552000000E1	2.339878227E1	4.029812106E1
3.556000000E1	2.340834597E1	4.030106723E1
3.560000000E1	2.331926241E1	4.033660984E1
3.564000000E1	2.307657665E1	4.037421204E1
3.568000000E1	2.287365363E1	4.045078100E1
3.572000000E1	2.261837226E1	4.045566180E1
3.576000000E1	2.231019704E1	4.045818477E1
3.580000000E1	2.195493869E1	4.048799761E1
3.584000000E1	2.152624905E1	4.045844517E1
3.588000000E1	2.102652695E1	4.043265030E1
3.592000000E1	2.050167264E1	4.036404352E1
3.596000000E1	2.008239577E1	4.028189161E1
3.600000000E1	1.964184171E1	4.016357906E1
3.604000000E1	1.913572064E1	4.000158008E1
3.608000000E1	1.866760018E1	3.969698445E1
3.612000000E1	1.818420878E1	3.938738135E1
3.616000000E1	1.772330342E1	3.913837067E1
3.620000000E1	1.724636250E1	3.893866907E1
3.624000000E1	1.680258562E1	3.880069687E1
3.628000000E1	1.641812489E1	3.877520046E1
3.632000000E1	1.625130254E1	3.875076163E1
3.636000000E1	1.622967668E1	3.872973433E1
3.640000000E1	1.623293152E1	3.874195642E1
3.644000000E1	1.622570368E1	3.873050882E1
3.648000000E1	1.626176721E1	3.870560998E1
3.652000000E1	1.620400718E1	3.864676234E1
3.656000000E1	1.610331753E1	3.864914029E1
3.660000000E1	1.606259663E1	3.862587180E1
3.664000000E1	1.602236876E1	3.861217105E1
3.668000000E1	1.603173014E1	3.862357066E1
3.672000000E1	1.603848805E1	3.863000544E1
3.676000000E1	1.606711793E1	3.865682166E1
3.680000000E1	1.606381587E1	3.876933715E1
3.684000000E1	1.612435412E1	3.883663942E1
3.688000000E1	1.610014046E1	3.905857478E1
3.692000000E1	1.621316317E1	3.912585077E1
3.696000000E1	1.626005355E1	3.937121418E1
3.700000000E1	1.648412793E1	3.955018676E1
3.704000000E1	1.670552883E1	3.974067006E1
3.708000000E1	1.700126036E1	3.989091676E1
3.712000000E1	1.727788369E1	4.003888893E1
3.716000000E1	1.757006003E1	4.013910807E1
3.720000000E1	1.786021814E1	4.025637933E1
3.724000000E1	1.825222575E1	4.028926974E1
3.728000000E1	1.871815793E1	4.030044272E1
3.732000000E1	1.920724382E1	4.029755949E1
3.736000000E1	1.971868114E1	4.029170210E1
3.740000000E1	2.025913511E1	4.026259837E1
3.744000000E1	2.080989155E1	4.023900971E1
3.748000000E1	2.133630287E1	4.026278269E1
3.752000000E1	2.176712446E1	4.026144496E1
3.756000000E1	2.214781430E1	4.024845350E1
3.760000000E1	2.244982105E1	4.025336214E1
3.764000000E1	2.261161234E1	4.025667920E1
3.768000000E1	2.265193582E1	4.026774454E1
3.772000000E1	2.263833061E1	4.026858033E1
3.776000000E1	2.255146732E1	4.030264012E1
3.780000000E1	2.239187726E1	4.030604523E1
3.784000000E1	2.219143718E1	4.030765613E1
3.788000000E1	2.189786006E1	4.031169665E1
3.792000000E1	2.157775237E1	4.031578888E1
3.796000000E1	2.116186717E1	4.031508071E1
3.800000000E1	2.076740384E1	4.031034294E1
3.804000000E1	2.025713264E1	4.022403090E1
3.808000000E1	1.981263396E1	4.012413771E1
3.812000000E1	1.931374056E1	3.993071417E1
3.816000000E1	1.890804225E1	3.972460357E1
3.820000000E1	1.839462145E1	3.953274298E1
3.824000000E1	1.749014042E1	3.908428502E1
3.828000000E1	1.747138374E1	3.909646907E1
3.832000000E1	1.711701606E1	3.885839529E1
3.836000000E1	1.671200996E1	3.876527094E1
3.840000000E1	1.648440658E1	3.867373244E1
3.844000000E1	1.632253475E1	3.863494531E1
3.848000000E1	1.625413872E1	3.864375282E1
3.852000000E1	1.625870907E1	3.863918260E1
3.856000000E1	1.631206954E1	3.860818300E1
3.860000000E1	1.635506699E1	3.863256099E1
3.864000000E1	1.635235465E1	3.863347486E1
3.868000000E1	1.631724718E1	3.862284601E1
3.872000000E1	1.624985242E1	3.864625610E1
3.876000000E1	1.623617895E1	3.865107342E1
3.880000000E1	1.623065303E1	3.865758912E1
3.884000000E1	1.626528600E1	3.870095642E1
3.888000000E1	1.624721608E1	3.875518730E1
3.892000000E1	1.631121654E1	3.876170054E1
3.896000000E1	1.635838928E1	3.879297963E1
3.900000000E1	1.635069744E1	3.889303411E1
3.904000000E1	1.640081238E1	3.896847531E1
3.908000000E1	1.641354321E1	3.907018818E1
3.912000000E1	1.652646108E1	3.908852768E1
3.916000000E1	1.664577215E1	3.909372391E1
3.920000000E1	1.668858320E1	3.912692414E1
3.924000000E1	1.668236535E1	3.920076417E1
3.928000000E1	1.669505186E1	3.922781662E1
3.932000000E1	1.670683176E1	3.924335276E1
3.936000000E1	1.673625295E1	3.925438614E1
3.940000000E1	1.677302876E1	3.923417602E1
3.944000000E1	1.679035395E1	3.924137092E1
3.948000000E1	1.679978370E1	3.924739989E1
3.952000000E1	1.680343174E1	3.925463195E1
3.956000000E1	1.682821358E1	3.929203235E1
3.960000000E1	1.686992248E1	3.938420279E1
3.964000000E1	1.695717663E1	3.951718589E1
3.968000000E1	1.710618071E1	3.958051008E1
3.972000000E1	1.714531907E1	3.974066034E1
3.976000000E1	1.724246278E1	3.984181190E1
3.980000000E1	1.740411100E1	4.003885209E1
3.984000000E1	1.765715403E1	4.013042501E1
3.988000000E1	1.794789378E1	4.027014338E1
3.992000000E1	1.829220592E1	4.037870840E1
3.996000000E1	1.876666895E1	4.043428415E1
4.000000000E1	1.926713451E1	4.043891598E1
4.004000000E1	1.982513642E1	4.041010468E1
4.008000000E1	2.045933518E1	4.032308874E1
4.012000000E1	2.157744255E1	4.021807320E1
4.016000000E1	2.157925687E1	4.023073318E1
4.020000000E1	2.206586372E1	4.022919730E1
4.024000000E1	2.247645080E1	4.021098124E1
4.028000000E1	2.277220807E1	4.021915402E1
4.032000000E1	2.298184952E1	4.024376663E1
4.036000000E1	2.303151466E1	4.029485832E1
4.040000000E1	2.294455293E1	4.027944074E1
4.044000000E1	2.248971769E1	4.028998441E1
4.048000000E1	2.249536072E1	4.028403038E1
4.052000000E1	2.219851198E1	4.029741875E1
4.056000000E1	2.183720943E1	4.034704701E1
4.060000000E1	2.143600267E1	4.033004024E1
4.064000000E1	2.097972479E1	4.030182452E1
4.068000000E1	2.045786625E1	4.027291494E1
4.072000000E1	1.997491879E1	4.013193239E1
4.076000000E1	1.951575570E1	3.996928707E1
4.080000000E1	1.908482699E1	3.981677625E1
4.084000000E1	1.869927600E1	3.962642305E1
4.088000000E1	1.833392261E1	3.942204688E1
4.092000000E1	1.783708776E1	3.920340445E1
4.096000000E1	1.746232391E1	3.900875018E1
