hand
t	x	y
0.000000000E0	4.575818716E1	1.200731116E1
4.000000000E-2	4.575826534E1	1.200763415E1
8.000000000E-2	4.575954359E1	1.200713533E1
1.200000000E-1	4.575693824E1	1.200457297E1
1.600000000E-1	4.575650565E1	1.200477679E1
2.000000000E-1	4.575611433E1	1.200473538E1
2.400000000E-1	4.575572974E1	1.200468575E1
2.800000000E-1	4.575509071E1	1.200396709E1
3.200000000E-1	4.575544978E1	1.200438786E1
3.600000000E-1	4.575459776E1	1.200435215E1
4.000000000E-1	4.575549601E1	1.200458182E1
4.400000000E-1	4.575494671E1	1.200345611E1
4.800000000E-1	4.575588903E1	1.200502028E1
5.200000000E-1	4.575617096E1	1.200535768E1
5.600000000E-1	4.575639390E1	1.200565158E1
6.000000000E-1	4.575646738E1	1.200591302E1
6.400000000E-1	4.575656138E1	1.200610687E1
6.800000000E-1	4.575629510E1	1.200678620E1
7.200000000E-1	4.575589900E1	1.200739930E1
7.600000000E-1	4.575637994E1	1.200716622E1
8.000000000E-1	4.575669119E1	1.200691090E1
8.400000000E-1	4.575654197E1	1.200707226E1
8.800000000E-1	4.575562829E1	1.200808826E1
9.200000000E-1	4.575583486E1	1.200870782E1
9.600000000E-1	4.575556320E1	1.200889798E1
1.000000000E0	4.575522996E1	1.200829255E1
1.040000000E0	4.575555053E1	1.200801227E1
1.080000000E0	4.575579578E1	1.200780621E1
1.120000000E0	4.575608256E1	1.200766455E1
1.160000000E0	4.575630221E1	1.200754663E1
1.200000000E0	4.575653625E1	1.200714408E1
1.240000000E0	4.575669175E1	1.200679421E1
1.280000000E0	4.575681914E1	1.200675193E1
1.320000000E0	4.575689543E1	1.200671980E1
1.360000000E0	4.575695646E1	1.200677514E1
1.400000000E0	4.575700241E1	1.200682965E1
1.440000000E0	4.575694058E1	1.200835852E1
1.480000000E0	4.575709687E1	1.200717581E1
1.520000000E0	4.575715955E1	1.200714583E1
1.560000000E0	4.575718877E1	1.200713483E1
1.600000000E0	4.575719579E1	1.200709815E1
1.640000000E0	4.575724555E1	1.200699979E1
1.680000000E0	4.575733120E1	1.200721392E1
1.720000000E0	4.575735373E1	1.200739059E1
1.760000000E0	4.575808415E1	1.200801526E1
1.800000000E0	4.575888518E1	1.200873879E1
1.840000000E0	4.575959327E1	1.200940919E1
1.880000000E0	4.575937089E1	1.200825171E1
1.920000000E0	4.575935146E1	1.200827229E1
1.960000000E0	4.575934073E1	1.200825855E1
2.000000000E0	4.576256360E1	1.200845821E1
2.040000000E0	4.576233784E1	1.200857452E1
2.080000000E0	4.576222586E1	1.200863383E1
2.120000000E0	4.576111948E1	1.200901065E1
2.160000000E0	4.576102667E1	1.200951246E1
2.200000000E0	4.576094364E1	1.201206299E1
2.240000000E0	4.576022885E1	1.200900119E1
2.280000000E0	4.575966210E1	1.200877827E1
2.320000000E0	4.575925209E1	1.200911436E1
2.360000000E0	4.575915186E1	1.200915235E1
2.400000000E0	4.575910223E1	1.200925803E1
2.440000000E0	4.575901058E1	1.200885769E1
2.480000000E0	4.575895859E1	1.200851426E1
2.520000000E0	4.575927560E1	1.200809880E1
2.560000000E0	4.576011372E1	1.200777684E1
2.600000000E0	4.575936770E1	1.200703993E1
2.640000000E0	4.575906447E1	1.200700152E1
2.680000000E0	4.575894881E1	1.200727799E1
2.720000000E0	4.575871609E1	1.200660959E1
2.760000000E0	4.575787512E1	1.200681867E1
2.800000000E0	4.575694926E1	1.200657958E1
2.840000000E0	4.575559510E1	1.200682196E1
2.880000000E0	4.575669372E1	1.200629904E1
2.920000000E0	4.575641979E1	1.200602212E1
2.960000000E0	4.575616675E1	1.200571353E1
3.000000000E0	4.575788490E1	1.200450279E1
3.040000000E0	4.575784540E1	1.200444357E1
3.080000000E0	4.575786072E1	1.200431427E1
3.120000000E0	4.575781717E1	1.200469865E1
3.160000000E0	4.575778372E1	1.200500557E1
3.200000000E0	4.575994776E1	1.200431580E1
3.240000000E0	4.576282967E1	1.200308078E1
3.280000000E0	4.576403963E1	1.200227712E1
3.320000000E0	4.576526578E1	1.200237338E1
3.360000000E0	4.576445091E1	1.200355042E1
3.400000000E0	4.576326126E1	1.200387497E1
3.440000000E0	4.576841587E1	1.200438625E1
3.480000000E0	4.576641144E1	1.200634279E1
3.520000000E0	4.577251245E1	1.201046237E1
3.560000000E0	4.578159693E1	1.201373938E1
3.600000000E0	4.587542191E1	1.205167098E1
3.640000000E0	4.603535362E1	1.225155941E1
3.680000000E0	4.647388968E1	1.256824864E1
3.720000000E0	4.740137478E1	1.322684613E1
3.760000000E0	4.885145978E1	1.427594514E1
3.800000000E0	5.090439782E1	1.527258060E1
3.840000000E0	5.340116577E1	1.587096853E1
3.880000000E0	5.622246023E1	1.591833981E1
3.920000000E0	5.904547681E1	1.562552706E1
3.960000000E0	6.167574561E1	1.503813219E1
4.000000000E0	6.399714787E1	1.434594250E1
4.040000000E0	6.615663685E1	1.351692695E1
4.080000000E0	6.803249932E1	1.278191662E1
4.120000000E0	6.962114172E1	1.228187773E1
4.160000000E0	7.090053139E1	1.235661075E1
4.200000000E0	7.216117520E1	1.251100160E1
4.240000000E0	7.329076446E1	1.251822226E1
4.280000000E0	7.433031343E1	1.249196416E1
4.320000000E0	7.521775836E1	1.245739144E1
4.360000000E0	7.597213024E1	1.248844746E1
4.400000000E0	7.657601069E1	1.246331662E1
4.440000000E0	7.703286881E1	1.244426530E1
4.480000000E0	7.740604049E1	1.246916519E1
4.520000000E0	7.766500433E1	1.248289162E1
4.560000000E0	7.766911348E1	1.254458195E1
4.600000000E0	7.729987213E1	1.280134825E1
4.640000000E0	7.649191572E1	1.331504756E1
4.680000000E0	7.513998854E1	1.414516080E1
4.720000000E0	7.298927557E1	1.512060388E1
4.760000000E0	7.020684142E1	1.604976091E1
4.800000000E0	6.685019117E1	1.672793714E1
4.840000000E0	6.318848722E1	1.703538407E1
4.880000000E0	5.940191060E1	1.700393612E1
4.920000000E0	5.574857575E1	1.664125944E1
4.960000000E0	5.256963664E1	1.606246515E1
5.000000000E0	4.995655697E1	1.539962076E1
5.040000000E0	4.802551623E1	1.460700688E1
5.080000000E0	4.675357014E1	1.375820154E1
5.120000000E0	4.600756800E1	1.298502018E1
5.160000000E0	4.573529004E1	1.221330375E1
5.200000000E0	4.574852618E1	1.213078968E1
5.240000000E0	4.591451464E1	1.207714400E1
5.280000000E0	4.613783587E1	1.205936879E1
5.320000000E0	4.627046596E1	1.210993643E1
5.360000000E0	4.625428965E1	1.209921403E1
5.400000000E0	4.621345146E1	1.204336242E1
5.440000000E0	4.614715206E1	1.199705907E1
5.480000000E0	4.606302827E1	1.198537019E1
5.520000000E0	4.604262979E1	1.200480843E1
5.560000000E0	4.614364771E1	1.214074858E1
5.600000000E0	4.655525020E1	1.240336258E1
5.640000000E0	4.741650242E1	1.286581580E1
5.680000000E0	4.871905704E1	1.354527423E1
5.720000000E0	5.060277369E1	1.409262888E1
5.760000000E0	5.276198781E1	1.437242046E1
5.800000000E0	5.508874479E1	1.448483173E1
5.840000000E0	5.980419170E1	1.411427576E1
5.880000000E0	5.981966300E1	1.409644208E1
5.920000000E0	6.191693158E1	1.386812437E1
5.960000000E0	6.389866384E1	1.360274385E1
6.000000000E0	6.569630041E1	1.321932132E1
6.040000000E0	6.735781335E1	1.276628828E1
6.080000000E0	6.874717843E1	1.285173017E1
6.120000000E0	7.003176761E1	1.299054279E1
6.160000000E0	7.129367009E1	1.304163700E1
6.200000000E0	7.242714541E1	1.304204670E1
6.240000000E0	7.347178045E1	1.302883403E1
6.280000000E0	7.437711553E1	1.304550812E1
6.320000000E0	7.516273002E1	1.306147023E1
6.360000000E0	7.575933096E1	1.311677904E1
6.400000000E0	7.618580377E1	1.320155511E1
6.440000000E0	7.640530338E1	1.325960177E1
6.480000000E0	7.646749258E1	1.336718704E1
6.520000000E0	7.621036269E1	1.357477048E1
6.560000000E0	7.567314325E1	1.387782268E1
6.600000000E0	7.462348676E1	1.436790533E1
6.640000000E0	7.298445579E1	1.502235570E1
6.680000000E0	6.776797478E1	1.625140369E1
6.720000000E0	6.776427455E1	1.623635893E1
6.760000000E0	6.427972154E1	1.673904063E1
6.800000000E0	6.068207928E1	1.698855906E1
6.840000000E0	5.701081202E1	1.695007619E1
6.880000000E0	5.371301475E1	1.671010691E1
6.920000000E0	5.098277984E1	1.631367309E1
6.960000000E0	4.897411376E1	1.573080140E1
7.000000000E0	4.764629380E1	1.499517319E1
7.040000000E0	4.693899016E1	1.414598960E1
7.080000000E0	4.663797176E1	1.329691945E1
7.120000000E0	4.658564835E1	1.286873203E1
7.160000000E0	4.666258675E1	1.293771973E1
7.200000000E0	4.677809466E1	1.293749653E1
7.240000000E0	4.682390415E1	1.301867233E1
7.280000000E0	4.679752736E1	1.303200893E1
7.320000000E0	4.671369748E1	1.301901322E1
7.360000000E0	4.666582563E1	1.296678294E1
7.400000000E0	4.663501720E1	1.292183966E1
7.440000000E0	4.663344043E1	1.291261360E1
7.480000000E0	4.667428606E1	1.295306138E1
7.520000000E0	4.683998938E1	1.305693739E1
7.560000000E0	4.729059489E1	1.326582482E1
7.600000000E0	4.815075257E1	1.364753369E1
7.640000000E0	4.954242987E1	1.401237355E1
7.680000000E0	5.130753654E1	1.419582757E1
7.720000000E0	5.338265812E1	1.420349756E1
7.760000000E0	5.562657940E1	1.409363531E1
7.800000000E0	5.775279765E1	1.407828064E1
7.840000000E0	5.982071111E1	1.390435653E1
7.880000000E0	6.166539027E1	1.380369250E1
7.920000000E0	6.332938035E1	1.368743555E1
7.960000000E0	6.482087501E1	1.343066868E1
8.000000000E0	6.623376425E1	1.305628633E1
8.040000000E0	6.756419025E1	1.271012694E1
8.080000000E0	6.886334882E1	1.253508641E1
8.120000000E0	7.013968862E1	1.246530356E1
8.160000000E0	7.132017394E1	1.248111802E1
8.200000000E0	7.242336627E1	1.255999631E1
8.240000000E0	7.345479827E1	1.260285268E1
8.280000000E0	7.437584110E1	1.260171146E1
8.320000000E0	7.516727850E1	1.260958956E1
8.360000000E0	7.584114129E1	1.268638574E1
8.400000000E0	7.631940456E1	1.271323143E1
8.440000000E0	7.657504424E1	1.268799268E1
8.480000000E0	7.659484202E1	1.268909100E1
8.520000000E0	7.631502788E1	1.278486263E1
8.560000000E0	7.568496867E1	1.306823652E1
8.600000000E0	7.456672663E1	1.360407136E1
8.640000000E0	7.296227259E1	1.425418153E1
8.680000000E0	7.078365904E1	1.506081458E1
8.720000000E0	6.810694339E1	1.584772252E1
8.760000000E0	6.507263844E1	1.650701546E1
8.800000000E0	6.175464630E1	1.689055264E1
8.840000000E0	5.853624741E1	1.696254441E1
8.880000000E0	5.549859918E1	1.662241756E1
8.920000000E0	5.284321821E1	1.599295806E1
8.960000000E0	5.079148454E1	1.514823409E1
9.000000000E0	4.925933905E1	1.418137121E1
9.040000000E0	4.819487909E1	1.332176997E1
9.080000000E0	4.762708605E1	1.330857922E1
9.120000000E0	4.745829113E1	1.323281935E1
9.160000000E0	4.759081993E1	1.305559342E1
9.200000000E0	4.775866545E1	1.304697638E1
9.240000000E0	4.783372380E1	1.299260435E1
9.280000000E0	4.784494397E1	1.292860150E1
9.320000000E0	4.770341748E1	1.283834669E1
9.360000000E0	4.770583859E1	1.284416800E1
9.400000000E0	4.770802339E1	1.282924804E1
9.440000000E0	4.768457530E1	1.279033917E1
9.480000000E0	4.768818175E1	1.281499384E1
9.520000000E0	4.779203911E1	1.298341461E1
9.560000000E0	4.817160735E1	1.332278547E1
9.600000000E0	4.890134452E1	1.368647193E1
9.640000000E0	4.996265726E1	1.415821267E1
9.680000000E0	5.132393884E1	1.452236011E1
9.720000000E0	5.309161402E1	1.462578471E1
9.760000000E0	5.500116211E1	1.465671881E1
9.800000000E0	5.701451880E1	1.464799389E1
9.840000000E0	5.900389749E1	1.454138553E1
9.880000000E0	6.089721187E1	1.467074610E1
9.920000000E0	6.278353545E1	1.465833238E1
9.960000000E0	6.450029475E1	1.433978809E1
1.000000000E1	6.609734290E1	1.368418859E1
1.004000000E1	6.750014979E1	1.297796163E1
1.008000000E1	6.874261226E1	1.263993684E1
1.012000000E1	6.979140168E1	1.268288436E1
1.016000000E1	7.088163099E1	1.263671849E1
1.020000000E1	7.193452355E1	1.250704166E1
1.024000000E1	7.296924277E1	1.252895933E1
1.028000000E1	7.394177483E1	1.254775103E1
1.032000000E1	7.483515478E1	1.256196355E1
1.036000000E1	7.559337321E1	1.256498745E1
1.040000000E1	7.623843966E1	1.256696427E1
1.044000000E1	7.674514148E1	1.257496848E1
1.048000000E1	7.707037424E1	1.256378810E1
1.052000000E1	7.722453907E1	1.256646438E1
1.056000000E1	7.709363317E1	1.259006772E1
1.060000000E1	7.671142248E1	1.271139571E1
1.064000000E1	7.603492306E1	1.301258121E1
1.068000000E1	7.495594564E1	1.346447734E1
1.072000000E1	7.351564902E1	1.412703198E1
1.076000000E1	7.152516082E1	1.490394062E1
1.080000000E1	6.915286338E1	1.560458217E1
1.084000000E1	6.630892672E1	1.604589104E1
1.088000000E1	6.320753401E1	1.634931276E1
1.092000000E1	5.996971638E1	1.635682224E1
1.096000000E1	5.679625078E1	1.605405787E1
1.100000000E1	5.398644204E1	1.556690781E1
1.104000000E1	5.172154208E1	1.501054778E1
1.108000000E1	5.016150064E1	1.435763271E1
1.112000000E1	4.919959169E1	1.376577957E1
1.116000000E1	4.863665377E1	1.348489666E1
1.120000000E1	4.840466797E1	1.344834539E1
1.124000000E1	4.845696301E1	1.332322152E1
1.128000000E1	4.860351910E1	1.325839907E1
1.132000000E1	4.870062652E1	1.323576653E1
1.136000000E1	4.871944336E1	1.324735680E1
1.140000000E1	4.864029557E1	1.330541932E1
1.144000000E1	4.857777361E1	1.333208615E1
1.148000000E1	4.848720131E1	1.335674721E1
1.152000000E1	4.845556296E1	1.336299326E1
1.156000000E1	4.843338038E1	1.336930419E1
1.160000000E1	4.844143964E1	1.336292178E1
1.164000000E1	4.845620876E1	1.336022656E1
1.168000000E1	4.846360859E1	1.334950761E1
1.172000000E1	4.846604691E1	1.334646942E1
1.176000000E1	4.846443374E1	1.334775303E1
1.180000000E1	4.846288526E1	1.334853568E1
1.184000000E1	4.845790975E1	1.334573874E1
1.188000000E1	4.845485823E1	1.334364875E1
1.192000000E1	4.845672412E1	1.334176942E1
1.196000000E1	4.847501032E1	1.334211178E1
1.200000000E1	4.862083922E1	1.334866680E1
1.204000000E1	4.905612717E1	1.350077659E1
1.208000000E1	4.988470762E1	1.392385264E1
1.212000000E1	5.123843756E1	1.453617247E1
1.216000000E1	5.316597224E1	1.488902527E1
1.220000000E1	5.542252170E1	1.484189562E1
1.224000000E1	5.773791621E1	1.464043348E1
1.228000000E1	6.001376532E1	1.436841117E1
1.232000000E1	6.204341112E1	1.395706220E1
1.236000000E1	6.387730625E1	1.369280292E1
1.240000000E1	6.539873073E1	1.342917685E1
1.244000000E1	6.677225669E1	1.302098298E1
1.248000000E1	6.803551472E1	1.277709638E1
1.252000000E1	6.919845820E1	1.292837342E1
1.256000000E1	7.034591286E1	1.302964378E1
1.260000000E1	7.150731165E1	1.302321492E1
1.264000000E1	7.262480566E1	1.302808554E1
1.268000000E1	7.365917054E1	1.298373789E1
1.272000000E1	7.462832121E1	1.291714099E1
1.276000000E1	7.540298836E1	1.291964324E1
1.280000000E1	7.600923200E1	1.299333020E1
1.284000000E1	7.644174615E1	1.309776230E1
1.288000000E1	7.663714728E1	1.310625711E1
1.292000000E1	7.663389623E1	1.316296837E1
1.296000000E1	7.635795830E1	1.331270812E1
1.300000000E1	7.581354933E1	1.351225616E1
1.304000000E1	7.481606662E1	1.404081318E1
1.308000000E1	7.336418705E1	1.473418001E1
1.312000000E1	7.136344061E1	1.546531120E1
1.316000000E1	6.884192263E1	1.617062757E1
1.320000000E1	6.604822187E1	1.670289561E1
1.324000000E1	6.296983282E1	1.706281947E1
1.328000000E1	5.994370672E1	1.704437055E1
1.332000000E1	5.724975392E1	1.670917657E1
1.336000000E1	5.500228426E1	1.603704950E1
1.340000000E1	5.325518712E1	1.513505221E1
1.344000000E1	5.196069742E1	1.425364635E1
1.348000000E1	5.103488910E1	1.347436427E1
1.352000000E1	5.047416902E1	1.300562004E1
1.356000000E1	5.013114950E1	1.312614288E1
1.360000000E1	5.008240975E1	1.293518301E1
1.364000000E1	5.018302335E1	1.287760700E1
1.368000000E1	5.027709788E1	1.283458692E1
1.372000000E1	5.032786219E1	1.277923260E1
1.376000000E1	5.030144451E1	1.275155201E1
1.380000000E1	5.027980798E1	1.273757501E1
1.384000000E1	5.025389778E1	1.273666489E1
1.388000000E1	5.023844975E1	1.274213477E1
1.392000000E1	5.023489850E1	1.274450990E1
1.396000000E1	5.024169523E1	1.274619365E1
1.400000000E1	5.026255644E1	1.275792781E1
1.404000000E1	5.037413629E1	1.287784982E1
1.408000000E1	5.069433310E1	1.307347745E1
1.412000000E1	5.130770739E1	1.346076933E1
1.416000000E1	5.237214189E1	1.379228171E1
1.420000000E1	5.385919432E1	1.396624373E1
1.424000000E1	5.557350658E1	1.391291872E1
1.428000000E1	5.748957915E1	1.365823940E1
1.432000000E1	5.924474377E1	1.365639485E1
1.436000000E1	6.092942058E1	1.380124229E1
1.440000000E1	6.253328069E1	1.377334262E1
1.444000000E1	6.526765626E1	1.322189911E1
1.448000000E1	6.525826104E1	1.321250191E1
1.452000000E1	6.634430790E1	1.287070192E1
1.456000000E1	6.722180273E1	1.256777579E1
1.460000000E1	6.802666383E1	1.258774861E1
1.464000000E1	6.886981648E1	1.286412260E1
1.468000000E1	6.979468231E1	1.300885811E1
1.472000000E1	7.075460249E1	1.313205763E1
1.476000000E1	7.181797077E1	1.323622192E1
1.480000000E1	7.376015838E1	1.342876516E1
1.484000000E1	7.376570331E1	1.342737031E1
1.488000000E1	7.465250074E1	1.344704207E1
1.492000000E1	7.544834737E1	1.342182496E1
1.496000000E1	7.613849967E1	1.344774654E1
1.500000000E1	7.668812634E1	1.336263119E1
1.504000000E1	7.706517350E1	1.332271263E1
1.508000000E1	7.717242373E1	1.330072043E1
1.512000000E1	7.696491526E1	1.335521531E1
1.516000000E1	7.647996124E1	1.361481605E1
1.520000000E1	7.567994998E1	1.397920055E1
1.524000000E1	7.439896347E1	1.457734569E1
1.528000000E1	7.259092314E1	1.526506194E1
1.532000000E1	7.033660025E1	1.588337557E1
1.536000000E1	6.765752572E1	1.640177422E1
1.540000000E1	6.465209871E1	1.668651663E1
1.544000000E1	6.147995877E1	1.670549933E1
1.548000000E1	5.837155624E1	1.649750781E1
1.552000000E1	5.551146202E1	1.602862048E1
1.556000000E1	5.304234240E1	1.534171597E1
1.560000000E1	5.108124034E1	1.463742320E1
1.564000000E1	4.971082001E1	1.391775177E1
1.568000000E1	4.889160784E1	1.325452573E1
1.572000000E1	4.852811185E1	1.291725979E1
1.576000000E1	4.845979511E1	1.291431084E1
1.580000000E1	4.860325558E1	1.289574388E1
1.584000000E1	4.875495757E1	1.289005704E1
1.588000000E1	4.880549660E1	1.292079694E1
1.592000000E1	4.875790258E1	1.293850730E1
1.596000000E1	4.866655599E1	1.295630482E1
1.600000000E1	4.859551798E1	1.291915112E1
1.604000000E1	4.859202102E1	1.290768739E1
1.608000000E1	4.860234458E1	1.290104900E1
1.612000000E1	4.865256541E1	1.291052887E1
1.616000000E1	4.882322259E1	1.293237382E1
1.620000000E1	4.919413747E1	1.304277816E1
1.624000000E1	4.988854320E1	1.320665983E1
1.628000000E1	5.095887959E1	1.350449751E1
1.632000000E1	5.236317593E1	1.377323758E1
1.636000000E1	5.402180838E1	1.393998803E1
1.640000000E1	5.587559985E1	1.414125377E1
1.644000000E1	5.776414091E1	1.437238693E1
1.648000000E1	5.957594678E1	1.452644313E1
1.652000000E1	6.137473692E1	1.459306824E1
1.656000000E1	6.299065742E1	1.439453008E1
1.660000000E1	6.439702125E1	1.395027014E1
1.664000000E1	6.558662773E1	1.344590587E1
1.668000000E1	6.665697257E1	1.306029593E1
1.672000000E1	6.766451605E1	1.285657781E1
1.676000000E1	6.870266334E1	1.295938186E1
1.680000000E1	6.982340468E1	1.302392309E1
1.684000000E1	7.213667049E1	1.291356147E1
1.688000000E1	7.213917245E1	1.291184073E1
1.692000000E1	7.327408964E1	1.290056290E1
1.696000000E1	7.422562094E1	1.289643104E1
1.700000000E1	7.504848155E1	1.291188856E1
1.704000000E1	7.570449924E1	1.288348719E1
1.708000000E1	7.618718332E1	1.287510000E1
1.712000000E1	7.651749389E1	1.286069717E1
1.716000000E1	7.664866074E1	1.285640373E1
1.720000000E1	7.656983635E1	1.287149228E1
1.724000000E1	7.617315217E1	1.304374332E1
1.728000000E1	7.542386939E1	1.336533097E1
1.732000000E1	7.421326084E1	1.393719061E1
1.736000000E1	7.248086371E1	1.464767737E1
1.740000000E1	7.034058676E1	1.527014149E1
1.744000000E1	6.778742409E1	1.584903929E1
1.748000000E1	6.495475966E1	1.634674406E1
1.752000000E1	6.198892474E1	1.660395112E1
1.756000000E1	5.904421536E1	1.658391323E1
1.760000000E1	5.625741423E1	1.633608018E1
1.764000000E1	5.385368760E1	1.576279461E1
1.768000000E1	5.178344145E1	1.515443591E1
1.772000000E1	5.018382899E1	1.454657758E1
1.776000000E1	4.904815700E1	1.403155604E1
1.780000000E1	4.824062592E1	1.364130672E1
1.784000000E1	4.766805844E1	1.284658636E1
1.788000000E1	4.767805554E1	1.286832442E1
1.792000000E1	4.766640165E1	1.283664282E1
1.796000000E1	4.778903842E1	1.278602009E1
1.800000000E1	4.788386336E1	1.278670175E1
1.804000000E1	4.790531607E1	1.278629812E1
1.808000000E1	4.786902786E1	1.277725241E1
1.812000000E1	4.784008326E1	1.276597119E1
1.816000000E1	4.780498256E1	1.275854544E1
1.820000000E1	4.779634434E1	1.275013059E1
1.824000000E1	4.782674307E1	1.275449333E1
1.828000000E1	4.798218110E1	1.276040825E1
1.832000000E1	4.798589931E1	1.275888532E1
1.836000000E1	4.829576858E1	1.289047870E1
1.840000000E1	4.902566232E1	1.318499081E1
1.844000000E1	5.019611639E1	1.364866228E1
1.848000000E1	5.178376755E1	1.397801131E1
1.852000000E1	5.362011450E1	1.426246731E1
1.856000000E1	5.564860600E1	1.454791384E1
1.860000000E1	5.779110641E1	1.455055845E1
1.864000000E1	5.982837954E1	1.456385127E1
1.868000000E1	6.176270918E1	1.455593591E1
1.872000000E1	6.354470803E1	1.424896827E1
1.876000000E1	6.512937687E1	1.385163036E1
1.880000000E1	6.654619837E1	1.327258790E1
1.884000000E1	6.783417133E1	1.300101361E1
1.888000000E1	6.900597366E1	1.316017474E1
1.892000000E1	7.018025025E1	1.326907383E1
1.896000000E1	7.133429605E1	1.317709069E1
1.900000000E1	7.243580752E1	1.308758175E1
1.904000000E1	7.346274166E1	1.303888606E1
1.908000000E1	7.437235497E1	1.303088104E1
1.912000000E1	7.514326101E1	1.298648670E1
1.916000000E1	7.578294450E1	1.298198712E1
1.920000000E1	7.630992793E1	1.298424425E1
1.924000000E1	7.668220962E1	1.300294525E1
1.928000000E1	7.686785789E1	1.307339555E1
1.932000000E1	7.687861128E1	1.322606639E1
1.936000000E1	7.662353449E1	1.346081043E1
1.940000000E1	7.603634708E1	1.382074992E1
1.944000000E1	7.504111868E1	1.441846362E1
1.948000000E1	7.353365988E1	1.511984966E1
1.952000000E1	7.143154360E1	1.589128894E1
1.956000000E1	6.871909750E1	1.657433085E1
1.960000000E1	6.568295290E1	1.706661605E1
1.964000000E1	6.237111049E1	1.738264492E1
1.968000000E1	5.902777306E1	1.735019278E1
1.972000000E1	5.585100318E1	1.702490347E1
1.976000000E1	5.313098267E1	1.639634261E1
1.980000000E1	5.106986497E1	1.559273917E1
1.984000000E1	4.957320175E1	1.477492012E1
1.988000000E1	4.855558427E1	1.397748492E1
1.992000000E1	4.801882483E1	1.333462906E1
1.996000000E1	4.781066034E1	1.288562517E1
2.000000000E1	4.776949952E1	1.294287882E1
2.004000000E1	4.786187504E1	1.291810206E1
2.008000000E1	4.801395114E1	1.292738169E1
2.012000000E1	4.811417175E1	1.294590965E1
2.016000000E1	4.812756524E1	1.293833596E1
2.020000000E1	4.806356216E1	1.292688122E1
2.024000000E1	4.800910135E1	1.291396823E1
2.028000000E1	4.796027018E1	1.287384250E1
2.032000000E1	4.794340885E1	1.286475400E1
2.036000000E1	4.798790960E1	1.288126780E1
2.040000000E1	4.802759312E1	1.290559272E1
2.044000000E1	4.828755456E1	1.300553297E1
2.048000000E1	4.888829380E1	1.318367401E1
2.052000000E1	4.987253136E1	1.350778546E1
2.056000000E1	5.142074834E1	1.385813419E1
2.060000000E1	5.330986184E1	1.396985278E1
2.064000000E1	5.532799161E1	1.402349075E1
2.068000000E1	5.750344003E1	1.412165601E1
2.072000000E1	5.954536072E1	1.398312592E1
2.076000000E1	6.141280704E1	1.398588607E1
2.080000000E1	6.311556895E1	1.395233019E1
2.084000000E1	6.466191967E1	1.373168819E1
2.088000000E1	6.611043026E1	1.328705793E1
2.092000000E1	6.748427260E1	1.302087998E1
2.096000000E1	6.869480484E1	1.310953353E1
2.100000000E1	6.996180776E1	1.318013896E1
2.104000000E1	7.119051103E1	1.319321813E1
2.108000000E1	7.231735660E1	1.317554228E1
2.112000000E1	7.340910987E1	1.310617348E1
2.116000000E1	7.439147480E1	1.306954675E1
2.120000000E1	7.521146576E1	1.306875656E1
2.124000000E1	7.579786874E1	1.315905932E1
2.128000000E1	7.615467098E1	1.317813195E1
2.132000000E1	7.627219191E1	1.316507092E1
2.136000000E1	7.617467600E1	1.317345484E1
2.140000000E1	7.583812776E1	1.320468529E1
2.144000000E1	7.513477560E1	1.347132082E1
2.148000000E1	7.408264876E1	1.393192373E1
2.152000000E1	7.256952070E1	1.455654386E1
2.156000000E1	7.053654026E1	1.525391895E1
2.160000000E1	6.820046360E1	1.572928905E1
2.164000000E1	6.554622299E1	1.600342611E1
2.168000000E1	6.280471313E1	1.606573831E1
2.172000000E1	5.999874470E1	1.598471422E1
2.176000000E1	5.733379176E1	1.575685644E1
2.180000000E1	5.496886691E1	1.543850270E1
2.184000000E1	5.297113745E1	1.496090114E1
2.188000000E1	5.154110875E1	1.438169873E1
2.192000000E1	5.062147553E1	1.370784718E1
2.196000000E1	5.009756537E1	1.302688411E1
2.200000000E1	4.990575046E1	1.301078774E1
2.204000000E1	4.993258775E1	1.290652312E1
2.208000000E1	5.008580343E1	1.284963112E1
2.212000000E1	5.025130473E1	1.281901891E1
2.216000000E1	5.027825864E1	1.279262857E1
2.220000000E1	5.023647037E1	1.278625162E1
2.224000000E1	5.017099917E1	1.279374731E1
2.228000000E1	5.009472406E1	1.277907586E1
2.232000000E1	5.006632048E1	1.277304748E1
2.236000000E1	5.008524428E1	1.277789230E1
2.240000000E1	5.019817953E1	1.279337289E1
2.244000000E1	5.035537414E1	1.280723946E1
2.248000000E1	5.049183205E1	1.286391453E1
2.252000000E1	5.069277647E1	1.298946002E1
2.256000000E1	5.112850983E1	1.317289503E1
2.260000000E1	5.176498716E1	1.347464407E1
2.264000000E1	5.273193335E1	1.382648515E1
2.268000000E1	5.403011208E1	1.415987479E1
2.272000000E1	5.552426315E1	1.439621416E1
2.276000000E1	5.716673198E1	1.456200547E1
2.280000000E1	5.888687934E1	1.454855885E1
2.284000000E1	6.046688460E1	1.438905408E1
2.288000000E1	6.193340397E1	1.435448921E1
2.292000000E1	6.462990738E1	1.376978771E1
2.296000000E1	6.462831863E1	1.377490615E1
2.300000000E1	6.579713479E1	1.318178454E1
2.304000000E1	6.685928643E1	1.284252234E1
2.308000000E1	6.787775125E1	1.284958665E1
2.312000000E1	6.887912388E1	1.304208614E1
2.316000000E1	6.993176431E1	1.304635133E1
2.320000000E1	7.218222955E1	1.301921845E1
2.324000000E1	7.217613024E1	1.301484022E1
2.328000000E1	7.332897866E1	1.301958860E1
2.332000000E1	7.437995141E1	1.301351456E1
2.336000000E1	7.531998785E1	1.291853861E1
2.340000000E1	7.607718320E1	1.285138399E1
2.344000000E1	7.664383705E1	1.275592554E1
2.348000000E1	7.693978892E1	1.274919876E1
2.352000000E1	7.696601042E1	1.274661916E1
2.356000000E1	7.664103417E1	1.278751629E1
2.360000000E1	7.603009890E1	1.294000577E1
2.364000000E1	7.504206649E1	1.334572411E1
2.368000000E1	7.352809834E1	1.398351663E1
2.372000000E1	7.146191952E1	1.468355475E1
2.376000000E1	6.630302123E1	1.570415569E1
2.380000000E1	6.629213619E1	1.571227641E1
2.384000000E1	6.338467088E1	1.585461788E1
2.388000000E1	6.044316325E1	1.582067134E1
2.392000000E1	5.762270648E1	1.549197752E1
2.396000000E1	5.508927419E1	1.513565897E1
2.400000000E1	5.305974035E1	1.464789991E1
2.404000000E1	5.152095045E1	1.412144829E1
2.408000000E1	5.035022965E1	1.358976819E1
2.412000000E1	4.942391508E1	1.274821027E1
2.416000000E1	4.939952660E1	1.275308647E1
2.420000000E1	4.937733762E1	1.274944755E1
2.424000000E1	4.951056927E1	1.276382881E1
2.428000000E1	4.967571790E1	1.282582159E1
2.432000000E1	4.971282706E1	1.288570098E1
2.436000000E1	4.966413031E1	1.289455769E1
2.440000000E1	4.960373977E1	1.288349223E1
2.444000000E1	4.953265229E1	1.286445465E1
2.448000000E1	4.950554417E1	1.282267984E1
2.452000000E1	4.950466632E1	1.279813445E1
2.456000000E1	4.950658473E1	1.278630797E1
2.460000000E1	4.951775964E1	1.277753395E1
2.464000000E1	4.952932109E1	1.277497031E1
2.468000000E1	4.952518402E1	1.276991441E1
2.472000000E1	4.961637382E1	1.277130059E1
2.476000000E1	4.981852371E1	1.284217273E1
2.480000000E1	5.039914012E1	1.292890768E1
2.484000000E1	5.129790395E1	1.320899996E1
2.488000000E1	5.266043436E1	1.349467371E1
2.492000000E1	5.441178149E1	1.340176540E1
2.496000000E1	5.623875777E1	1.318931885E1
2.500000000E1	5.806896346E1	1.304881901E1
2.504000000E1	5.980495646E1	1.291756219E1
2.508000000E1	6.131000815E1	1.291308757E1
2.512000000E1	6.273266179E1	1.293048890E1
2.516000000E1	6.395671162E1	1.280259222E1
2.520000000E1	6.497597843E1	1.243634530E1
2.524000000E1	6.582578447E1	1.221372148E1
2.528000000E1	6.663716423E1	1.247533167E1
2.532000000E1	6.747333823E1	1.269446915E1
2.536000000E1	6.840078370E1	1.283647104E1
2.540000000E1	6.940814567E1	1.286235509E1
2.544000000E1	7.050507686E1	1.291149910E1
2.548000000E1	7.166270111E1	1.307150588E1
2.552000000E1	7.281689341E1	1.316213403E1
2.556000000E1	7.393970804E1	1.317901923E1
2.560000000E1	7.496653515E1	1.317711127E1
2.564000000E1	7.575494869E1	1.316228696E1
2.568000000E1	7.636708372E1	1.313357917E1
2.572000000E1	7.680879004E1	1.308102097E1
2.576000000E1	7.706129842E1	1.304363253E1
2.580000000E1	7.698499958E1	1.303557877E1
2.584000000E1	7.652659299E1	1.316070606E1
2.588000000E1	7.568366034E1	1.349994616E1
2.592000000E1	7.420980056E1	1.404416193E1
2.596000000E1	7.218110329E1	1.464623238E1
2.600000000E1	6.972055604E1	1.521392416E1
2.604000000E1	6.694617326E1	1.561922720E1
2.608000000E1	6.390921971E1	1.576188782E1
2.612000000E1	6.085004907E1	1.575681676E1
2.616000000E1	5.795209354E1	1.561220598E1
2.620000000E1	5.529243596E1	1.520206314E1
2.624000000E1	5.309141684E1	1.468375277E1
2.628000000E1	5.129311158E1	1.416635653E1
2.632000000E1	4.999026420E1	1.353441879E1
2.636000000E1	4.915487540E1	1.291803717E1
2.640000000E1	4.871466395E1	1.293049923E1
2.644000000E1	4.857815794E1	1.296838783E1
2.648000000E1	4.864082501E1	1.304255242E1
2.652000000E1	4.874255196E1	1.314160437E1
2.656000000E1	4.878773307E1	1.319583581E1
2.660000000E1	4.876194743E1	1.318902480E1
2.664000000E1	4.871416105E1	1.313904451E1
2.668000000E1	4.871887122E1	1.305860204E1
2.672000000E1	4.871651013E1	1.300941331E1
2.676000000E1	4.873009275E1	1.300098853E1
2.680000000E1	4.874039366E1	1.302269267E1
2.684000000E1	4.876218178E1	1.304539873E1
2.688000000E1	4.878428515E1	1.305981197E1
2.692000000E1	4.892381099E1	1.307451336E1
2.696000000E1	4.926789628E1	1.317225249E1
2.700000000E1	4.994158222E1	1.336566599E1
2.704000000E1	5.099835472E1	1.377168368E1
2.708000000E1	5.249770041E1	1.405694785E1
2.712000000E1	5.429836366E1	1.413844469E1
2.716000000E1	5.616402103E1	1.426407816E1
2.720000000E1	5.814263299E1	1.426085073E1
2.724000000E1	6.003420554E1	1.419994909E1
2.728000000E1	6.181077167E1	1.416521110E1
2.732000000E1	6.345511865E1	1.391669579E1
2.736000000E1	6.493490050E1	1.349629274E1
2.740000000E1	6.627068701E1	1.307582764E1
2.744000000E1	6.750106123E1	1.274052835E1
2.748000000E1	6.864072786E1	1.275103986E1
2.752000000E1	6.979624704E1	1.286844396E1
2.756000000E1	7.097809696E1	1.286711459E1
2.760000000E1	7.214905567E1	1.276106558E1
2.764000000E1	7.331420017E1	1.262836865E1
2.768000000E1	7.437474681E1	1.261565712E1
2.772000000E1	7.531425298E1	1.269472441E1
2.776000000E1	7.611843528E1	1.274807237E1
2.780000000E1	7.667499458E1	1.283374476E1
2.784000000E1	7.698656758E1	1.288253070E1
2.788000000E1	7.693535960E1	1.295091663E1
2.792000000E1	7.656360344E1	1.306586430E1
2.796000000E1	7.581943093E1	1.335281110E1
2.800000000E1	7.455084756E1	1.393234046E1
2.804000000E1	7.285040843E1	1.456337090E1
2.808000000E1	7.070160367E1	1.515650447E1
2.812000000E1	6.820627666E1	1.561348202E1
2.816000000E1	6.548981148E1	1.584307352E1
2.820000000E1	6.273643669E1	1.591066160E1
2.824000000E1	6.000600528E1	1.570115849E1
2.828000000E1	5.755652912E1	1.530155965E1
2.832000000E1	5.533066097E1	1.474683226E1
2.836000000E1	5.361597624E1	1.414856147E1
2.840000000E1	5.231840683E1	1.355810760E1
2.844000000E1	5.140662615E1	1.300936471E1
2.848000000E1	5.099274614E1	1.250390345E1
2.852000000E1	5.083121918E1	1.255229596E1
2.856000000E1	5.082905796E1	1.241414049E1
2.860000000E1	5.090016311E1	1.233195152E1
2.864000000E1	5.092326496E1	1.230147149E1
2.868000000E1	5.089783853E1	1.229654942E1
2.872000000E1	5.085871541E1	1.230385856E1
2.876000000E1	5.082090390E1	1.230636494E1
2.880000000E1	5.076650230E1	1.231784477E1
2.884000000E1	5.076660509E1	1.231662197E1
2.888000000E1	5.079849396E1	1.230555122E1
2.892000000E1	5.086308797E1	1.234916713E1
2.896000000E1	5.104745079E1	1.252537260E1
2.900000000E1	5.149511884E1	1.273986363E1
2.904000000E1	5.232080197E1	1.304020851E1
2.908000000E1	5.341834070E1	1.332836656E1
2.912000000E1	5.482241181E1	1.354483770E1
2.916000000E1	5.632913579E1	1.382092132E1
2.920000000E1	5.796846175E1	1.394591486E1
2.924000000E1	5.956419296E1	1.395808770E1
2.928000000E1	6.113531888E1	1.394387171E1
2.932000000E1	6.262496681E1	1.372188169E1
2.936000000E1	6.392399013E1	1.342908342E1
2.940000000E1	6.506708385E1	1.305861424E1
2.944000000E1	6.612200154E1	1.267442938E1
2.948000000E1	6.720186958E1	1.272365248E1
2.952000000E1	6.836860904E1	1.290033188E1
2.956000000E1	6.955723107E1	1.303388961E1
2.960000000E1	7.078484558E1	1.306586816E1
2.964000000E1	7.198979301E1	1.302904566E1
2.968000000E1	7.315902126E1	1.288095922E1
2.972000000E1	7.416334560E1	1.288074326E1
2.976000000E1	7.504463515E1	1.289280013E1
2.980000000E1	7.576320990E1	1.292951523E1
2.984000000E1	7.632496580E1	1.294755048E1
2.988000000E1	7.665214883E1	1.295655077E1
2.992000000E1	7.651840926E1	1.304036077E1
2.996000000E1	7.651051784E1	1.304813578E1
3.000000000E1	7.604114515E1	1.321970300E1
3.004000000E1	7.524613614E1	1.350549355E1
3.008000000E1	7.394561511E1	1.403510294E1
3.012000000E1	7.222390911E1	1.468973389E1
3.016000000E1	7.005965658E1	1.533144491E1
3.020000000E1	6.749910172E1	1.577414607E1
3.024000000E1	6.465900397E1	1.596770165E1
3.028000000E1	6.170457282E1	1.597297519E1
3.032000000E1	5.879850116E1	1.570957005E1
3.036000000E1	5.610679888E1	1.520890541E1
3.040000000E1	5.365588187E1	1.460817436E1
3.044000000E1	5.161536177E1	1.393373705E1
3.048000000E1	5.007656138E1	1.330900935E1
3.052000000E1	4.903373556E1	1.284944304E1
3.056000000E1	4.844274557E1	1.290533553E1
3.060000000E1	4.827121645E1	1.279463246E1
3.064000000E1	4.840045832E1	1.268226338E1
3.068000000E1	4.858880206E1	1.272100484E1
3.072000000E1	4.872750105E1	1.274475195E1
3.076000000E1	4.876427426E1	1.279319417E1
3.080000000E1	4.873302335E1	1.283292591E1
3.084000000E1	4.865903113E1	1.287812911E1
3.088000000E1	4.860160050E1	1.287044853E1
3.092000000E1	4.858717808E1	1.285088737E1
3.096000000E1	4.858855177E1	1.281833202E1
3.100000000E1	4.859390455E1	1.277918247E1
3.104000000E1	4.860970987E1	1.278729981E1
3.108000000E1	4.875166132E1	1.284504088E1
3.112000000E1	4.910142591E1	1.292148301E1
3.116000000E1	4.965506622E1	1.317362729E1
3.120000000E1	5.045475026E1	1.360957395E1
3.124000000E1	5.169150138E1	1.399650969E1
3.128000000E1	5.324190789E1	1.429542400E1
3.132000000E1	5.499307706E1	1.448992285E1
3.136000000E1	5.701740172E1	1.445636574E1
3.140000000E1	5.890460399E1	1.443338253E1
3.144000000E1	6.079414565E1	1.446154974E1
3.148000000E1	6.262376512E1	1.418744072E1
3.152000000E1	6.433015463E1	1.378463180E1
3.156000000E1	6.585372073E1	1.328616344E1
3.160000000E1	6.719353003E1	1.299782158E1
3.164000000E1	6.841695951E1	1.307342992E1
3.168000000E1	6.957908092E1	1.328074474E1
3.172000000E1	7.078240585E1	1.335535572E1
3.176000000E1	7.189477259E1	1.330294887E1
3.180000000E1	7.301155824E1	1.314087737E1
3.184000000E1	7.406742238E1	1.303954318E1
3.188000000E1	7.507179278E1	1.303790527E1
3.192000000E1	7.597043439E1	1.303534200E1
3.196000000E1	7.671531817E1	1.302743752E1
3.200000000E1	7.732364211E1	1.308251714E1
3.204000000E1	7.770908719E1	1.320543083E1
3.208000000E1	7.789221125E1	1.327734945E1
3.212000000E1	7.777564372E1	1.334292124E1
3.216000000E1	7.735759882E1	1.348381155E1
3.220000000E1	7.547244502E1	1.403680927E1
3.224000000E1	7.546604618E1	1.404377990E1
3.228000000E1	7.397701857E1	1.441073928E1
3.232000000E1	7.202657803E1	1.483776221E1
3.236000000E1	6.971422400E1	1.517469523E1
3.240000000E1	6.709139453E1	1.540798741E1
3.244000000E1	6.432517774E1	1.540681453E1
3.248000000E1	6.161261896E1	1.533828944E1
3.252000000E1	5.882541631E1	1.511404553E1
3.256000000E1	5.631001945E1	1.483605726E1
3.260000000E1	5.240036370E1	1.422399770E1
3.264000000E1	5.239421310E1	1.422762099E1
3.268000000E1	5.112335068E1	1.380888626E1
3.272000000E1	5.026206783E1	1.322807723E1
3.276000000E1	4.979686312E1	1.308417980E1
3.280000000E1	4.955050346E1	1.309124029E1
3.284000000E1	4.953139052E1	1.304485911E1
3.288000000E1	4.961326599E1	1.303582112E1
3.292000000E1	4.965627296E1	1.305294630E1
3.296000000E1	4.966331554E1	1.306425260E1
3.300000000E1	4.964450135E1	1.306939771E1
3.304000000E1	4.962846448E1	1.306539990E1
3.308000000E1	4.962668823E1	1.306245533E1
3.312000000E1	4.963268987E1	1.305625289E1
3.316000000E1	4.963723389E1	1.305548440E1
3.320000000E1	4.964298283E1	1.305385904E1
3.324000000E1	4.964720552E1	1.305286031E1
3.328000000E1	4.971964886E1	1.305417049E1
3.332000000E1	4.994048254E1	1.304785189E1
3.336000000E1	5.038357031E1	1.324179611E1
3.340000000E1	5.113817199E1	1.370678750E1
3.344000000E1	5.237425357E1	1.422437218E1
3.348000000E1	5.407833430E1	1.434991452E1
3.352000000E1	5.600821524E1	1.423956583E1
3.356000000E1	5.801024626E1	1.403569712E1
3.360000000E1	5.997577647E1	1.388397999E1
3.364000000E1	6.183120436E1	1.383115887E1
3.368000000E1	6.358139286E1	1.361436334E1
3.372000000E1	6.522049653E1	1.333983213E1
3.376000000E1	6.671934663E1	1.296687438E1
3.380000000E1	6.817090179E1	1.286376464E1
3.384000000E1	6.954239443E1	1.287279486E1
3.388000000E1	7.088626072E1	1.281522498E1
3.392000000E1	7.224130060E1	1.275505120E1
3.396000000E1	7.348092285E1	1.272636909E1
3.400000000E1	7.466015161E1	1.274294763E1
3.404000000E1	7.569831713E1	1.287159333E1
3.408000000E1	7.658915849E1	1.294330208E1
3.412000000E1	7.725465480E1	1.302278652E1
3.416000000E1	7.779809376E1	1.301850744E1
3.420000000E1	7.813548658E1	1.293945895E1
3.424000000E1	7.826944748E1	1.285031206E1
3.428000000E1	7.820437748E1	1.276762859E1
3.432000000E1	7.791397409E1	1.284926675E1
3.436000000E1	7.736493288E1	1.314497036E1
3.440000000E1	7.654200577E1	1.361851607E1
3.444000000E1	7.530940931E1	1.437097393E1
3.448000000E1	7.363891733E1	1.524501205E1
3.452000000E1	7.157487590E1	1.592182433E1
3.456000000E1	6.907963515E1	1.634385141E1
3.460000000E1	6.628538016E1	1.659577671E1
3.464000000E1	6.341505093E1	1.644819907E1
3.468000000E1	6.056529340E1	1.603364280E1
3.472000000E1	5.788664136E1	1.543189309E1
3.476000000E1	5.552634774E1	1.470083131E1
3.480000000E1	5.361167680E1	1.394323850E1
3.484000000E1	5.220172483E1	1.309452503E1
3.488000000E1	5.123916485E1	1.317927967E1
3.492000000E1	5.062014617E1	1.307834475E1
3.496000000E1	5.033978897E1	1.294857141E1
3.500000000E1	5.029490743E1	1.290833187E1
3.504000000E1	5.037322839E1	1.285521760E1
3.508000000E1	5.046773294E1	1.284300664E1
3.512000000E1	5.054657580E1	1.280898230E1
3.516000000E1	5.057227522E1	1.279851168E1
3.520000000E1	5.055541455E1	1.279766912E1
3.524000000E1	5.054501529E1	1.280367545E1
3.528000000E1	5.053223295E1	1.279753696E1
3.532000000E1	5.051968946E1	1.279373249E1
3.536000000E1	5.052641227E1	1.278693075E1
3.540000000E1	5.052970556E1	1.277839554E1
3.544000000E1	5.053442030E1	1.277319082E1
3.548000000E1	5.055697056E1	1.277645882E1
3.552000000E1	5.071727330E1	1.283180795E1
3.556000000E1	5.112544835E1	1.292349868E1
3.560000000E1	5.173020775E1	1.307218974E1
3.564000000E1	5.264757184E1	1.325246355E1
3.568000000E1	5.386823293E1	1.325404797E1
3.572000000E1	5.527481783E1	1.317274991E1
3.576000000E1	5.688551980E1	1.308379630E1
3.580000000E1	5.853337946E1	1.315842822E1
3.584000000E1	6.025652096E1	1.320444632E1
3.588000000E1	6.194874373E1	1.318603997E1
3.592000000E1	6.353101521E1	1.300128540E1
3.596000000E1	6.502780192E1	1.274173413E1
3.600000000E1	6.642446086E1	1.257202195E1
3.604000000E1	6.770751306E1	1.263000148E1
3.608000000E1	6.897610182E1	1.270650033E1
3.612000000E1	7.026750071E1	1.272926859E1
3.616000000E1	7.153479620E1	1.274882189E1
3.620000000E1	7.284706896E1	1.277010263E1
3.624000000E1	7.404701590E1	1.279118353E1
3.628000000E1	7.512516000E1	1.284357091E1
3.632000000E1	7.607985831E1	1.291660133E1
3.636000000E1	7.684209322E1	1.299550274E1
3.640000000E1	7.741292703E1	1.293233986E1
3.644000000E1	7.776561584E1	1.274245337E1
3.648000000E1	7.787035028E1	1.258872598E1
3.652000000E1	7.782278532E1	1.258144196E1
3.656000000E1	7.762987418E1	1.259721300E1
3.660000000E1	7.721540301E1	1.274779098E1
3.664000000E1	7.647866421E1	1.310322232E1
3.668000000E1	7.542797967E1	1.367916791E1
3.672000000E1	7.393261112E1	1.441975014E1
3.676000000E1	7.194554728E1	1.524820851E1
3.680000000E1	6.962014112E1	1.587015825E1
3.684000000E1	6.703068680E1	1.619339860E1
3.688000000E1	6.431441604E1	1.623811889E1
3.692000000E1	6.149807729E1	1.614319903E1
3.696000000E1	5.881968730E1	1.576130706E1
3.700000000E1	5.631879901E1	1.527601211E1
3.704000000E1	5.417947476E1	1.467918050E1
3.708000000E1	5.246738511E1	1.408349978E1
3.712000000E1	5.109160913E1	1.352622241E1
3.716000000E1	5.011550538E1	1.295213141E1
3.720000000E1	4.951923977E1	1.278488259E1
3.724000000E1	4.918869452E1	1.277682939E1
3.728000000E1	4.915123746E1	1.266434163E1
3.732000000E1	4.931909157E1	1.264605540E1
3.736000000E1	4.932713620E1	1.263668535E1
3.740000000E1	4.936117848E1	1.268385939E1
3.744000000E1	4.937070532E1	1.274555638E1
3.748000000E1	4.936496680E1	1.277839797E1
3.752000000E1	4.935286470E1	1.277875982E1
3.756000000E1	4.934452530E1	1.277286163E1
3.760000000E1	4.934154323E1	1.275990605E1
3.764000000E1	4.933867197E1	1.275129673E1
3.768000000E1	4.934189872E1	1.275043955E1
3.772000000E1	4.936490305E1	1.275191120E1
3.776000000E1	4.953943129E1	1.276821954E1
3.780000000E1	5.008294372E1	1.290459073E1
3.784000000E1	5.100619970E1	1.321618235E1
3.788000000E1	5.248109205E1	1.356103831E1
3.792000000E1	5.434830399E1	1.373163476E1
3.796000000E1	5.641177159E1	1.385290218E1
3.800000000E1	5.857238086E1	1.395281047E1
3.804000000E1	6.061923451E1	1.392074187E1
3.808000000E1	6.248788942E1	1.387615967E1
3.812000000E1	6.423085407E1	1.369035784E1
3.816000000E1	6.583362635E1	1.337117193E1
3.820000000E1	6.737249907E1	1.306789654E1
3.824000000E1	6.886915428E1	1.304339547E1
3.828000000E1	7.035623797E1	1.306541554E1
3.832000000E1	7.182009915E1	1.290177867E1
3.836000000E1	7.317750293E1	1.274082855E1
3.840000000E1	7.442484194E1	1.271267803E1
3.844000000E1	7.544628880E1	1.269103241E1
3.848000000E1	7.632194336E1	1.272255108E1
3.852000000E1	7.695625140E1	1.272086934E1
3.856000000E1	7.738296317E1	1.272060566E1
3.860000000E1	7.760968690E1	1.271860732E1
3.864000000E1	7.762837391E1	1.273949506E1
3.868000000E1	7.736178556E1	1.288389269E1
3.872000000E1	7.678970487E1	1.317920288E1
3.876000000E1	7.587517416E1	1.372529874E1
3.880000000E1	7.453572989E1	1.450676985E1
3.884000000E1	7.269150463E1	1.541380160E1
3.888000000E1	7.035254141E1	1.624537611E1
3.892000000E1	6.756509896E1	1.678847161E1
3.896000000E1	6.451870911E1	1.702182248E1
3.900000000E1	6.140416672E1	1.685851450E1
3.904000000E1	5.838960602E1	1.642258686E1
3.908000000E1	5.565681628E1	1.576796593E1
3.912000000E1	5.340276323E1	1.499314173E1
3.916000000E1	5.162578294E1	1.426608903E1
3.920000000E1	4.952331788E1	1.277592869E1
3.924000000E1	4.951659545E1	1.277323898E1
3.928000000E1	4.912679064E1	1.278949920E1
3.932000000E1	4.896775713E1	1.269160413E1
3.936000000E1	4.900019344E1	1.270028590E1
3.940000000E1	4.915688921E1	1.273549772E1
3.944000000E1	4.921789578E1	1.276190084E1
3.948000000E1	4.921358094E1	1.277815800E1
3.952000000E1	4.917414846E1	1.277555774E1
3.956000000E1	4.910304721E1	1.277646665E1
3.960000000E1	4.906688176E1	1.276932511E1
3.964000000E1	4.904919257E1	1.276540127E1
3.968000000E1	4.904681203E1	1.277344742E1
3.972000000E1	4.904575942E1	1.278235474E1
3.976000000E1	4.904870984E1	1.277691425E1
3.980000000E1	4.904865774E1	1.278363284E1
3.984000000E1	4.905171039E1	1.276660452E1
3.988000000E1	4.905217452E1	1.276230674E1
3.992000000E1	4.905240665E1	1.276125105E1
3.996000000E1	4.905270559E1	1.275981172E1
4.000000000E1	4.904771678E1	1.275775622E1
4.004000000E1	4.904863903E1	1.275827864E1
4.008000000E1	4.904923428E1	1.275857730E1
4.012000000E1	4.904786614E1	1.276076942E1
4.016000000E1	4.904584709E1	1.276748223E1
4.020000000E1	4.904411229E1	1.276002604E1
4.024000000E1	4.903968574E1	1.276159358E1
4.028000000E1	4.903164501E1	1.276065369E1
4.032000000E1	4.902005730E1	1.275977101E1
4.036000000E1	4.900840275E1	1.276425656E1
4.040000000E1	4.900124556E1	1.275960943E1
