hand
t	x
0.0	45.61498808794876
0.04	45.6148114121966
0.08	45.78041066482497
0.12	45.95790176136147
0.16	46.046844031793086
0.2	46.0529495907918
0.24	46.05044127712945
0.28	46.04370869767094
0.32	46.038289686372906
0.36	46.0385447532811
0.4	46.03896451925975
0.44	46.02659391440322
0.48	46.00671999335867
0.52	45.945952573379714
0.56	45.91000987700592
0.6	45.89185970917012
0.64	45.860046846756404
0.68	45.89388163265858
0.72	45.90573750664201
0.76	45.9114262554851
0.8	45.918360967623755
0.84	45.92039933155145
0.88	45.918957544834
0.92	45.91706370105497
0.96	45.91599607094439
1.0	45.91353024316069
1.04	45.91517038803123
1.08	45.9170891082845
1.12	45.91625880926314
1.16	45.91611946845214
1.2	45.91830048297426
1.24	45.91765077708946
1.28	45.92895795709292
1.32	45.93566346390185
1.36	45.930461667463476
1.4000000000000001	45.930517089676414
1.44	45.94543967891448
1.48	46.025991654104544
1.52	46.1364875902281
1.56	46.39137867026221
1.6	46.92597799747192
1.6400000000000001	47.868012761133556
1.68	49.306510135517186
1.72	51.205652905303694
1.76	53.60476797818593
1.8	56.20355529377244
1.84	58.87122261835907
1.8800000000000003	61.54403265313991
1.92	63.999736658215966
1.96	66.16108924367205
2.0	67.83658928581852
2.04	69.02403680762671
2.08	69.73863885493496
2.12	70.00998208737656
2.16	69.97391090691684
2.2	69.96263920843593
2.24	69.87518981131336
2.2800000000000002	69.79246072458338
2.32	69.78991671489493
2.36	69.85332851136847
2.4	69.86174691018229
2.44	69.86694245804931
2.48	69.87113460115646
2.52	69.85966413730229
2.56	69.85148591965633
2.6	69.7559388494304
2.64	69.62544391969702
2.68	69.39950256871398
2.72	68.87405393989286
2.7600000000000007	67.97370856238541
2.8000000000000003	66.58979546972378
2.84	64.6348064458474
2.88	62.094430145765116
2.92	59.0051084025871
2.96	55.670891343102326
3.0	52.26820184496877
3.04	48.969057800508764
3.08	46.18917745520105
3.12	44.17717849658956
3.16	42.91411186533384
3.2	42.3823457660465
3.24	42.249454462133016
3.2800000000000002	42.369385030551
3.3200000000000003	42.57171801954571
3.36	42.83231945920191
3.4	43.44572540032004
3.44	44.66197973587107
3.48	46.5273282472328
3.52	48.86642620553984
3.56	51.64699168678277
3.6	54.66520754715556
3.64	57.71218346942457
3.68	60.593160956168646
3.72	63.20752998269565
3.7600000000000007	65.36889182662735
3.8000000000000003	67.1267519611208
3.84	68.53344273655019
3.88	69.56045924592188
3.92	70.2966669105733
3.96	70.74178388140295
4.0	70.89175413436091
4.04	70.93995078059226
4.08	71.0073933300982
4.12	71.00584440657413
4.16	70.91336771228887
4.2	70.76231117754307
4.24	70.58755071748313
4.28	69.72100561254982
4.32	69.71896861477924
4.36	68.81201671474157
4.4	67.2572967961343
4.44	65.14677202134453
4.48	62.57524742819031
4.520000000000001	59.798980248727034
4.5600000000000005	56.96245406659193
4.6000000000000005	54.24520341338231
4.64	51.720164268126595
4.68	49.50852075230226
4.72	47.628277599578084
4.76	46.02949497287189
4.8	44.766163498483905
4.84	43.848391588947834
4.88	43.378373729550944
4.92	43.26296117089095
4.96	43.41822782487567
5.0	43.84746978905116
5.04	43.84543550782831
5.08	43.97115746790027
5.12	43.99634889089916
5.16	43.998728358155816
5.2	44.04499816081952
5.24	44.42710467655425
5.28	45.325552603513714
5.32	46.81032695723313
5.36	48.86016671449582
5.4	51.63277134781603
5.44	54.86364605825793
5.48	58.28194644639807
5.520000000000001	61.608714873277194
5.5600000000000005	64.49272455971234
5.6000000000000005	66.89523157247045
5.64	68.64210633766004
5.68	69.8483902913606
5.72	70.5345041502578
5.76	70.88459499864678
5.8	71.0123024279893
5.84	71.05959560122136
5.88	71.06410262936956
5.92	71.05041653099924
5.96	71.0480326003412
6.0	71.02994168695889
6.04	71.01007838550264
6.08	70.88662446148632
6.12	70.69052634416667
6.16	70.33780787054889
6.2	69.85102575267916
6.24	69.11973433626888
6.28	68.10692428944895
6.32	66.7578954861529
6.36	65.06460147661724
6.4	62.97519912063167
6.44	60.4492974260115
6.48	57.62661118776796
6.520000000000001	54.72504285880018
6.5600000000000005	51.87566937524673
6.6000000000000005	49.2656080973135
6.640000000000001	47.02103708214564
6.68	45.30832255510603
6.72	44.010464684016
6.76	43.190087908679246
6.8	42.760103371478266
6.84	42.631301568497165
6.88	42.648891665361816
6.92	42.73215454743239
6.96	42.819515099411106
7.0	42.8571733815232
7.04	42.86808106781686
7.08	42.977017965341304
7.12	43.279280259142766
7.16	43.98880303324698
7.2	45.286396863449966
7.24	47.20242883725935
7.28	49.68319443019338
7.32	52.66541449065927
7.36	55.85232878920273
7.4	59.16417382535096
7.44	62.266242712745964
7.48	67.38277352280399
7.520000000000001	67.37482446345626
7.5600000000000005	69.12682645868321
7.6000000000000005	70.28054336018666
7.640000000000001	70.75913052500364
7.68	70.75665627860522
7.72	70.69772545899336
7.76	70.61205020302718
7.8	70.53230198814501
7.84	70.52011792288395
7.88	70.48420895323073
7.92	70.54926590147399
7.96	70.58661950129998
8.0	70.46947386930886
8.040000000000001	70.18401830584176
8.08	69.57378477538408
8.120000000000001	68.41552210491635
8.16	66.6671401972627
8.2	64.4029021508373
8.24	61.71682844339158
8.28	58.835217191143016
8.32	55.881725694293465
8.36	52.97565396879193
8.4	50.29602710732317
8.44	47.99682130622752
8.48	46.107962114867675
8.52	44.7645097783539
8.56	43.45699800511166
8.6	43.43554939376733
8.64	43.15267626213718
8.68	43.21323563413378
8.72	43.3964557776153
8.76	43.55242253000141
8.8	43.66778811893731
8.84	43.9386975249035
8.88	44.50505809697381
8.92	45.64725417901751
8.96	47.345618860174966
9.0	49.593496565365
9.040000000000003	52.37113128615347
9.08	55.45847399228933
9.120000000000001	58.62282305315101
9.16	61.69596431371734
9.200000000000001	64.44636690440826
9.24	66.80935701898575
9.28	68.58978247893745
9.32	69.76734569079984
9.36	70.33234807364792
9.4	70.49671470431419
9.44	70.45575385725725
9.48	70.44275099719637
9.52	70.30835197011714
9.56	70.19765946149585
9.6	70.16314060666778
9.64	70.1778828425468
9.68	70.173440934453
9.72	70.17861511607813
9.76	70.06281662030216
9.8	69.76326005674929
9.84	69.15690419027942
9.88	68.11007187817103
9.92	64.60828218001073
9.96	64.59715664200084
10.0	62.069201927942416
10.040000000000003	59.16544655670663
10.08	56.0776694850811
10.120000000000001	53.015168411262806
10.16	50.215737793645104
10.200000000000001	47.95590979840064
10.24	46.3395508395203
10.28	45.26495184810399
10.32	44.69629657078576
10.36	44.42473700413551
10.4	44.34123107727437
10.44	44.477244503120545
10.48	44.64807916583656
10.52	44.76434418359638
10.56	44.95857243656903
10.6	45.47302628370747
10.64	46.39141662969227
10.68	47.7952820765329
10.72	49.64567792197316
10.76	51.95280517364199
10.8	54.48253508053186
10.84	57.100874639264504
10.88	59.72953704435875
10.92	62.25198818580428
10.96	64.63840563284917
11.0	66.72334988825295
11.040000000000003	68.48974386926896
11.08	69.74224062105593
11.120000000000001	70.48391334318171
11.16	70.88387819176866
11.200000000000001	71.00598582930918
11.24	71.03039170296813
11.28	71.02774410475098
11.32	70.95477646717545
11.36	70.89098207981391
11.4	70.8844245309495
11.44	70.88040380280785
11.48	70.84522933146796
11.52	70.71684085835851
11.56	69.7167873584175
11.6	69.71663193283173
11.64	68.53748559368647
11.68	66.78551537926447
11.72	64.50030735148694
11.76	61.820189748692414
11.8	59.06122484027571
11.84	56.32020674597322
11.88	53.76312672113461
11.92	51.414212642416786
11.96	49.377305489570304
12.0	47.844362974490494
12.040000000000003	46.68743187656523
12.08	45.61807102851404
12.120000000000001	45.616534257353194
12.16	45.44672936311217
12.200000000000001	45.46494746122268
12.24	45.63898332570666
12.280000000000001	45.75716368611441
12.32	45.76374842417654
12.36	45.8688376992214
12.4	46.15259523588378
12.44	46.80150629678934
12.48	47.8786108495087
12.52	49.4847768099649
12.56	53.8504485362008
12.6	53.85172579030916
12.64	56.473613534220206
12.68	59.19963619135001
12.72	61.79492995525783
12.76	64.2875422021542
12.8	66.47386872927899
12.84	68.23786784415981
12.88	69.53973395499777
12.92	70.428779498582
12.96	70.94715091800859
13.0	71.15311601194988
13.040000000000003	71.12380561585381
13.08	71.13405644083906
13.120000000000001	71.12571323848373
13.16	71.1127960676756
13.200000000000001	71.13936698546804
13.24	71.15108617405541
13.280000000000001	71.16564677316411
13.32	71.03067051709597
13.36	70.73172871842581
13.4	70.13166945936175
13.44	69.11118499330566
13.48	67.58454543859848
13.52	65.6937530107552
13.56	63.424480730694256
13.6	61.007277186950276
13.64	58.50527122629731
13.68	55.994612766488814
13.72	53.6156053054396
13.76	51.38440571367981
13.8	49.39129580264644
13.84	47.686474935326004
13.88	46.30194988850013
13.92	45.24589624737406
13.96	44.485216368192525
14.0	44.10769808412843
14.040000000000003	44.00575165968223
14.08	44.14659279680198
14.120000000000001	44.30021623818057
14.16	44.4278754676064
14.200000000000001	44.5369558492674
14.24	44.73547019014245
14.280000000000001	46.33140764279247
14.32	46.338034695408
14.36	47.90665161806854
14.4	49.9942632558206
14.44	52.526527064981394
14.48	55.370533268272126
14.52	58.327625670521854
14.56	61.30111202650657
14.6	64.05471713493232
14.64	66.36347018619381
14.68	68.31020647411682
14.72	69.76907252188735
14.76	70.80055959425958
14.8	71.36167181331137
14.84	71.56364990811952
14.88	71.63017080229378
14.92	71.6457637756829
14.96	71.62624085365205
15.0	71.60184959637161
15.040000000000003	71.61224593705899
15.08	71.61564973052614
15.120000000000001	71.56781169057082
15.16	71.3890544101292
15.200000000000001	71.04928786120387
15.24	70.44080439794446
15.280000000000001	69.3989754514551
15.32	67.75075650137526
15.36	65.57076983380755
15.4	63.02185445351691
15.44	60.354273954056964
15.48	57.68129580551491
15.52	55.19597856649307
15.56	52.83528177764994
15.6	50.67289065506934
15.64	48.72943134494338
15.68	47.00758612432885
15.72	45.59240683951842
15.76	44.497356648244875
15.8	43.742465977177574
15.84	43.423335072642374
15.88	43.38026979141725
15.92	43.531201945219024
15.96	43.692613141077885
16.0	43.820223148400856
16.04	43.94186411487949
16.080000000000002	44.14551749389949
16.12	44.62794355039489
16.16	45.588695416579256
16.2	47.07661039489298
16.240000000000002	49.01090444549459
16.28	51.30094038406436
16.32	53.89003283128899
16.36	56.62949247186185
16.4	59.3823860446671
16.44	61.97664720461664
16.48	64.34433354687575
16.52	66.46903533992483
16.56	68.30198648742092
16.6	69.68252627434264
16.64	70.590121322949
16.68	71.03137571015372
16.72	71.08976141024918
16.76	71.15399890180524
16.8	71.17410284646522
16.84	71.17050452689696
16.88	71.15049996552644
16.92	71.16697352562988
16.96	71.17642768560825
17.0	71.19082686063967
17.04	71.18695666366659
17.080000000000005	71.03991171018133
17.12	70.75230495961847
17.16	70.15550308860985
17.2	69.1242913347618
17.240000000000002	67.60417901560534
17.28	65.5854609810005
17.32	63.12215211711414
17.36	60.31718230511002
17.400000000000002	57.39491757286889
17.44	54.574887212737636
17.48	51.863206230805076
17.52	49.38842343592263
17.56	47.265978161493635
17.6	45.56042914287157
17.64	44.28576972613101
17.68	43.227522153793615
17.72	43.22787322212335
17.76	43.242805674375205
17.8	43.51047945912774
17.84	43.71350804944561
17.88	43.947252088973315
17.92	44.35398199532065
17.96	45.12928298993721
18.0	46.43858592881884
18.04	48.2747755437894
18.080000000000005	50.65056281449003
18.12	53.41397966760607
18.16	56.410274826931555
18.2	59.536151937491596
18.240000000000002	62.41318823554404
18.28	64.92526405523869
18.32	66.96110577403176
18.36	68.55963548300454
18.400000000000002	69.67328926474087
18.44	70.39129552856006
18.48	70.66359347609729
18.52	70.70303432015493
18.56	70.70907356008581
18.6	70.68170604475753
18.64	70.63286122222706
18.68	70.56944768683002
18.72	70.55023546995156
18.76	70.54250286438321
18.8	70.4613344644916
18.84	70.39005526724476
18.88	70.24745241445954
18.92	69.97194650862903
18.96	69.48260942940789
19.0	68.5474656309339
19.04	67.20129732869133
19.080000000000005	65.51091047066929
19.12	63.48985699763972
19.16	61.21601920436392
19.2	58.76437404749825
19.240000000000002	56.17860614076781
19.28	51.013441207616395
19.32	51.01394084448593
19.36	48.640164153472156
19.400000000000002	46.563259785066236
19.44	44.92679302148342
19.48	43.73813704178201
19.52	43.06544809375566
19.56	42.81670734946346
19.6	42.89212567822089
19.64	43.10447758302165
19.68	43.36418816039266
19.72	43.692372608219785
19.76	44.25500983253586
19.8	45.277077078557895
19.84	46.68175971861592
19.88	48.52173664952049
19.92	50.6270891411839
19.96	53.06543332933515
20.0	55.62829036621666
20.04	58.303536219561195
20.080000000000005	63.42299321463291
20.12	63.40215279492875
20.16	65.70634089675188
20.2	67.73432234251395
20.240000000000002	69.49763795819663
20.28	70.74392171150924
20.32	71.53972647940071
20.36	71.97051248769117
20.400000000000002	72.0602420019705
20.44	72.05918279528834
20.48	72.0297373291474
20.52	71.98075647791109
20.56	71.91088138090097
20.6	71.89129114466178
20.64	71.87835157600496
20.68	71.83999006638408
20.72	71.70963922922716
20.76	71.32607562455097
20.8	70.6371362870432
20.84	69.42341829448351
20.88	67.51248002439966
20.92	65.02297828962381
20.96	62.02976605906301
21.0	58.836988163755805
21.04	55.63759117879199
21.080000000000005	52.445674172454034
21.12	49.542307580995114
21.16	46.99661455785623
21.2	44.92951194231338
21.240000000000002	43.47812429609826
21.28	42.63027745156427
21.32	42.32264420350596
21.36	42.354075002685846
21.400000000000002	42.61493210419144
21.44	42.93882024565002
21.48	43.22400742779301
21.52	43.53803630253667
21.56	44.23925073218811
21.6	45.2515401745445
21.64	46.70442977128593
21.68	48.46416325735491
21.72	50.483310830828
21.76	52.635481209469276
21.8	54.979972702239294
21.84	57.489835131411496
21.88	60.00023974519915
21.92	62.304694210782756
21.96	64.52031558063639
22.0	66.48732115988616
22.04	68.19145717406175
22.080000000000005	69.56188279934617
22.12	70.54562421960084
22.16	71.0391562221456
22.2	71.10447035026459
22.240000000000002	71.02835536885928
22.28	71.13092264882238
22.32	71.13783352900045
22.36	71.13255380442213
22.400000000000002	71.13498970966056
22.44	71.13923007220477
22.48	71.1425480137868
22.52	71.1417320485805
22.56	71.03099216237675
22.6	70.86125439373043
22.64	70.53049282113902
22.68	69.73237228985138
22.72	68.53484697527034
22.76	66.8997233225756
22.8	64.99983169554723
22.84	62.913505419156735
22.88	60.6729598419749
22.92	58.22290149270137
22.96	55.74246159811524
23.0	53.24260458106667
23.04	50.78509005799758
23.080000000000005	48.56520699097209
23.12	46.687386850135255
23.16	45.295297684728325
23.2	44.38449800339714
23.240000000000002	44.04095860835801
23.28	44.406125411785936
23.32	44.405065092813075
23.36	44.69490483439408
23.400000000000002	45.073990999068
23.44	45.68445816448309
23.48	46.556225135497755
23.52	47.75874364408131
23.56	49.30646596408293
23.6	51.21294591503246
23.64	53.414841248199224
23.68	55.82755727560652
23.72	58.39148883260302
23.76	60.90539700134306
23.8	63.40097166069516
23.84	65.74488761198019
23.88	67.86700321804899
23.92	69.65013388930201
23.96	70.96396745462744
24.0	71.69486227115247
24.04	71.92254130378707
24.080000000000005	71.92814160684554
24.12	71.93486781881137
24.16	71.92119733176429
24.2	71.898850952607
24.240000000000002	71.89242925716341
24.28	71.78866164793058
24.32	71.76260288405766
24.36	71.6124677834398
24.400000000000002	71.41425861790407
24.44	71.00705271344238
24.48	70.32147790509464
24.52	69.36807488558759
24.560000000000002	68.1442465010214
24.6	66.73302759947649
24.64	65.1109360365864
24.68	63.26725843993077
24.72	61.20594770463548
24.76	58.95708695119927
24.8	56.667973776587644
24.84	54.32060429294981
24.88	51.9314432102897
24.92	47.401538006177304
24.96	47.38075461420897
25.0	45.42432051130754
25.04	43.84576302641051
25.080000000000005	42.7119740322223
25.12	42.02488209416278
25.16	41.78265818599559
25.2	41.821969034955856
25.240000000000002	41.923103307564034
25.28	42.14174528765781
25.32	42.426836017562735
25.36	42.83595486472069
25.400000000000002	43.53492801463993
25.44	44.63332469234176
25.48	46.123894386487365
25.52	47.95698070618835
25.560000000000002	50.28882181995807
25.6	52.87595709826219
25.64	55.56861309296073
25.68	58.36931188020628
25.72	61.079480130904855
25.76	63.75396806091332
25.8	66.2967620489616
25.84	68.44340595256395
25.88	70.05181360283558
25.92	71.00708259625112
25.96	71.37481344267461
26.0	71.41044800965513
26.04	71.32947867736407
26.080000000000005	71.22106501245403
26.12	71.059083609337
26.16	71.01379858548059
26.2	71.03006193169715
26.240000000000002	71.09784876996628
26.28	71.14163581071622
26.32	71.16458718355413
26.36	71.14533235741217
26.400000000000002	70.98211044801276
26.44	70.59383934100181
26.48	69.91583767516657
26.52	68.7804784961513
26.560000000000002	67.12474932427621
26.6	65.01198970282367
26.64	62.573738059429914
26.68	59.93521122685539
26.72	57.13017810941163
26.76	54.23629755570049
26.8	51.39436533829772
26.84	48.77110848803332
26.88	46.444029736841046
26.92	44.55761506150803
26.96	43.192326643370365
27.0	42.48119643237695
27.04	42.19346323239853
27.080000000000005	42.26125485005039
27.12	42.45123692935505
27.16	42.64412290427906
27.2	42.79028896976149
27.240000000000002	43.043397143465526
27.28	43.50896595653589
27.32	44.329696344614334
27.36	45.597376182538554
27.400000000000002	47.252901575685556
27.44	49.40560722880268
27.48	51.91513968079333
27.52	54.74499550902736
27.560000000000002	57.72735054369643
27.6	60.55884246519912
27.64	63.3511049611876
27.68	65.90086165840266
27.72	68.12629437945263
27.76	69.84239429512148
27.8	70.95606936434733
27.84	71.5243331478706
27.88	71.68737069473488
27.92	71.76234860792606
27.96	71.74771894337184
28.0	71.62738415139142
28.04	71.53292842504885
28.080000000000005	71.47214732838107
28.12	71.45103756319249
28.16	71.43726964067285
28.2	71.42587098617331
28.240000000000002	71.29975899090722
28.28	71.0306957645929
28.32	70.55115658880216
28.36	69.65829886607105
28.400000000000002	68.21857807557139
28.44	66.3147975419699
28.48	64.02255128471162
28.52	61.47750396633458
28.560000000000002	58.67011059278258
28.6	55.71450581011199
28.64	52.741016648215606
28.68	49.943882089982566
28.72	47.47105492797829
28.76	45.40100975902688
28.8	43.88742298651137
28.84	42.928568026595244
28.88	42.566757377493204
28.92	42.63519071546395
28.96	42.91877987546587
29.0	43.221114329134465
29.04	43.41186016996333
29.080000000000005	43.66742581951678
29.12	44.21192715353402
29.16	45.315445049089405
29.2	46.90105711433249
29.240000000000002	49.08156175843702
29.28	51.72211215211689
29.32	54.737422082183045
29.36	57.834939102189466
29.400000000000002	60.95930153372397
29.44	63.94972604781593
29.48	66.60274254263412
29.52	68.88185423252052
29.560000000000002	70.57099291485004
29.6	71.7085694691643
29.64	72.28069756974769
29.68	72.41237136155937
29.72	72.49088406770784
29.76	72.48548635893859
29.8	72.4664512185965
29.84	72.46682678939787
29.88	72.44686241640674
29.92	72.32445790468904
29.96	72.04581302608054
30.0	71.5165910486502
30.04	70.63097737812234
30.080000000000005	69.3398064099554
30.12	67.78559696465467
30.16	66.0110040116101
30.2	64.05943114085795
30.240000000000002	61.94339109157261
30.28	59.65120207148085
30.32	57.21490949367379
30.36	54.73937091979083
30.400000000000002	52.31856521190055
30.44	49.89298429867226
30.48	47.66806844974592
30.52	45.71228761919144
30.560000000000002	44.14825837062895
30.6	43.09441329281117
30.64	42.60569608862113
30.68	42.58055312613307
30.72	42.790565158012086
30.76	43.23239255248774
30.8	43.2286505393066
30.84	43.3777691325035
30.88	43.6553204064855
30.92	44.238619527184454
30.96	45.29210708293844
31.0	46.79504210444536
31.04	48.7348549548779
31.080000000000005	51.061556467712975
31.12	53.72099240118136
31.16	56.47523885044522
31.2	59.39497443068258
31.240000000000002	62.25857813463226
31.28	64.95290499246104
31.32	67.43732230169348
31.36	69.49003089156346
31.400000000000002	71.01182902069534
31.44	71.8568977687552
31.48	72.19305361119294
31.52	72.25540433633323
31.560000000000002	72.32738442512174
31.6	72.32980800883774
31.64	72.2937000784555
31.68	72.20774829864604
31.720000000000002	72.15145643626705
31.76	72.06208179810521
31.8	71.90595870507192
31.84	71.58682438229668
31.88	70.94763215167194
31.92	69.88611523554779
31.96	68.22193190402842
32.0	66.09033323668234
32.04	63.51773206744764
32.08	60.572312875643675
32.12	57.50250807833814
32.160000000000004	54.365541010099165
32.2	51.30258324857013
32.24	48.50147906450013
32.28	46.08175863136758
32.32	44.12287185569403
32.36	42.78056163169005
32.4	42.077288595256675
32.44	41.77291191900362
32.480000000000004	41.77751566372247
32.52	42.01091206316313
32.56	42.24426982110582
32.6	42.46060064407223
32.64	42.61884129971983
32.68	42.662369045580036
32.72	42.656638033792404
32.76	42.63216703617029
32.8	42.53717701391885
32.84	42.51638857754159
32.88	42.50285427464733
32.92	42.48513720755878
32.96	42.47794078414816
33.0	42.48738824513035
33.04	42.49646924905872
33.08	42.507927311281094
33.12	42.51415537717011
33.16000000000001	42.51924917580013
33.2	42.50283177788657
33.24	42.495894348620936
33.28	42.49275292844261
33.32	42.49051593569031
33.36	42.48697681221489
33.4	42.47600442666436
33.44	42.455218959621504
33.480000000000004	42.46428383348383
33.52	42.45957923193107
33.56	42.451423173730845
33.6	42.40887748927669
33.64	42.35261235733786
33.68	42.32665945687441
33.72	42.2228501691781
33.76	42.19142635010357
33.8	42.154847490453975
33.84	42.10045944219529
33.88	42.036113414019724
33.92	42.040803440431304
33.96	42.02077776331721
34.0	41.99644713194678
34.04	41.92633993315317
34.08	41.89554036846597
34.12	41.76209384145332
34.16000000000001	41.613345484284466
34.2	41.46826359816846
