hand
t	x
0.0	44.18446587652734
0.04	44.18983244221721
0.08	44.197453016572666
0.12	44.20654764366033
0.16	44.21943370271529
0.2	44.20872181190822
0.24	44.22861860217539
0.28	44.23969837762682
0.32	44.24926508024599
0.36	44.220291822763556
0.4	44.20615795542665
0.44	44.192517003327
0.48	44.18558988538901
0.52	44.18213636711381
0.56	44.17866832610525
0.6	44.167471806298835
0.64	44.153724490862885
0.68	44.07640830650277
0.72	44.036968368902976
0.76	43.965363745767675
0.8	43.892956849108
0.84	43.87430826164314
0.88	43.86827484719207
0.92	43.88544004579974
0.96	43.897884328699305
1.0	43.89973780319072
1.04	43.898532125767275
1.08	43.90167883145479
1.12	43.9112335221125
1.16	43.9299040626143
1.2	43.97053328610066
1.24	44.033982393797956
1.28	44.20786403198046
1.32	44.75436046618067
1.36	45.73605673989468
1.4000000000000001	47.12394709772809
1.44	49.001980373694124
1.48	51.29343467377785
1.52	53.88587432000635
1.56	56.65330952700039
1.6	59.30347740348253
1.6400000000000001	61.581972162910674
1.68	63.41035615578615
1.72	64.72034098042327
1.76	65.53511671756173
1.8	65.92552940272185
1.84	66.0225855292675
1.8800000000000003	65.92341778466827
1.92	65.82342706784387
1.96	65.76539470850649
2.0	65.7478077719593
2.04	65.62789708886037
2.08	65.52033607542718
2.12	65.42273441555216
2.16	65.28133846716783
2.2	64.98464755752218
2.24	64.4480996094018
2.2800000000000002	63.798718216150036
2.32	62.96874564500315
2.36	62.005500843124
2.4	60.898583249565775
2.44	59.734413585523654
2.48	58.55400934200728
2.52	57.37003935262861
2.56	56.247394366824
2.6	55.18181353669935
2.64	54.13748822496714
2.68	53.15538238839301
2.72	52.40397409263878
2.7600000000000007	51.925567581671785
2.8000000000000003	51.70406537315684
2.84	51.7367963591949
2.88	51.8498315912677
2.92	51.96236312338256
2.96	52.03032652970727
3.0	52.000871723006625
3.04	51.94793307765069
3.08	51.77047036089685
3.12	51.36965291887175
3.16	50.61022089751421
3.2	49.483039094964326
3.24	48.22572085725166
3.2800000000000002	46.85701699323839
3.3200000000000003	45.510337479988735
3.36	44.32571949153545
3.4	43.33616430488196
3.44	42.60706160232645
3.48	42.08951143983292
3.52	41.837429399757866
3.56	41.821823593651686
3.6	41.84679861078254
3.64	42.00267903868067
3.68	42.21086586832239
3.72	42.39739299737134
3.7600000000000007	42.50789111223125
3.8000000000000003	42.56810185689616
3.84	42.56705193378744
3.88	42.56537195376093
3.92	42.52359499244098
3.96	42.44274628457275
4.0	42.42557979962825
4.04	42.4272943042691
4.08	42.56586883967593
4.12	42.86223896305059
4.16	43.30517427569946
4.2	43.87805513502026
4.24	44.51162555684424
4.28	45.347965606459326
4.32	46.361069847030066
4.36	47.56426722542058
4.4	49.061192583844985
4.44	50.75341818911572
4.48	52.60401847565744
4.520000000000001	54.527834678093726
4.5600000000000005	56.489695067254715
4.6000000000000005	58.48287215315911
4.64	60.35653686357922
4.68	62.096699027559566
4.72	63.512834292144234
4.76	64.61805544129659
4.8	65.36657282855224
4.84	65.72034706655066
4.88	65.74268395742511
4.92	65.56180128114228
4.96	65.30958684826636
5.0	64.86665711873502
5.04	64.23749942551886
5.08	63.437580790263354
5.12	62.52632559649666
5.16	61.49912219821489
5.2	60.44667766703182
5.24	59.3238707173665
5.28	58.21727440605427
5.32	57.10744209101654
5.36	56.067127529453856
5.4	55.03638395967221
5.44	54.04128458378783
5.48	53.17425775560436
5.520000000000001	52.56299936086948
5.5600000000000005	52.16851148499438
5.6000000000000005	51.99090936482183
5.64	51.98016238127333
5.68	51.98501801727396
5.72	51.99141178807605
5.76	52.008062734027604
5.8	52.039644157482385
5.84	52.06387873613217
5.88	52.074210714715264
5.92	52.03943177371055
5.96	52.005877355076805
6.0	51.97871633818413
6.04	51.95772650156313
6.08	51.94880273777612
6.12	51.95127165449742
6.16	51.95303416222583
6.2	51.93744013938763
6.24	51.87053330262398
6.28	51.79401353366647
6.32	51.6550619799327
6.36	51.54471672866758
6.4	51.665939670906695
6.44	52.0117603923741
6.48	52.64077841177938
6.520000000000001	53.431999185847815
6.5600000000000005	54.431996978232306
6.6000000000000005	55.601542266172856
6.640000000000001	56.926483884006004
6.68	58.39290194011541
6.72	59.92061351910597
6.76	61.49291936320766
6.8	63.06168400438969
6.84	64.51959869965263
6.88	65.73157429628282
6.92	66.52987445745076
6.96	66.92070255991611
7.0	66.87939772110957
7.04	66.58130998069055
7.08	66.2997885150005
7.12	65.99363307785111
7.16	65.59316855869123
7.2	65.04908094060016
7.24	64.4450976301131
7.28	63.82950607613351
7.32	63.097246944060586
7.36	62.219180048556865
7.4	61.203439175556326
7.44	60.14648070995963
7.48	59.02241678851712
7.520000000000001	57.9233539652589
7.5600000000000005	56.86788320994181
7.6000000000000005	55.82157770771262
7.640000000000001	54.912233575431685
7.68	54.16346438838035
7.72	53.57316087485468
7.76	53.081210212426754
7.8	52.676000665803755
7.84	52.32661864545443
7.88	52.0062031464968
7.92	51.83887648896673
7.96	51.83032465167874
8.0	51.845680210828505
8.040000000000001	51.84888938622069
8.08	51.856358148119384
8.120000000000001	51.82288582608544
8.16	51.80321293916896
8.2	51.78254648360506
8.24	51.70147450718018
8.28	51.65198493732228
8.32	51.54308229346226
8.36	51.412507650178625
8.4	51.26472338123553
8.44	51.097385679050305
8.48	50.92226672571573
8.52	50.671662301494266
8.56	50.4751945925357
8.6	50.33253187587212
8.64	50.309179611331814
8.68	50.46670173239666
8.72	50.766187735075036
8.76	51.270051547963305
8.8	52.01580511624357
8.84	53.107476864592684
8.88	54.49817855262127
8.92	56.24133452766499
8.96	58.15602020907855
9.0	60.15538014657973
9.040000000000003	62.06373022190171
9.08	63.794009046408135
9.120000000000001	65.17014317572844
9.16	66.10431179679
9.200000000000001	66.59502534179809
9.24	66.74287687955069
9.28	66.60739943689723
9.32	66.33164929380199
9.36	65.91616987442423
9.4	65.31785000156233
9.44	64.6221167388956
9.48	63.82868450872941
9.52	62.98297608732352
9.56	62.09025028670446
9.6	61.156678563838
9.64	60.18529811193565
9.68	59.227641975167884
9.72	58.275137652614134
9.76	57.40349201935787
9.8	56.65893114305284
9.84	56.05161049977518
9.88	55.51908322675541
9.92	55.07761290520742
9.96	54.782674869033755
10.0	54.629273590288605
10.040000000000003	54.613026559830885
10.08	54.60322376077144
10.120000000000001	54.59205056418419
10.16	54.45604293320987
10.200000000000001	54.192395400519075
10.24	53.729116877898264
10.28	53.13801552822281
10.32	52.36563778241512
10.36	51.516532199046736
10.4	50.659480155008396
10.44	49.91927321804444
10.48	49.30925569560702
10.52	48.86268149926546
10.56	48.570237069641834
10.6	48.41061094908565
10.64	48.300194605139794
10.68	48.279786342643234
10.72	48.298592315645095
10.76	48.36235329017052
10.8	48.48760594436975
10.84	48.68523511772233
10.88	49.016177087048334
10.92	49.47313691208035
10.96	50.200597007143415
11.0	51.20610210135547
11.040000000000003	52.51135353891186
11.08	54.04759371327667
11.120000000000001	55.773612376134295
11.16	57.663566189628725
11.200000000000001	59.58874333589753
11.24	61.4071712287991
11.28	63.12903371611485
11.32	64.5261094457719
11.36	65.63075774266865
11.4	66.32862793630964
11.44	66.60679659468327
11.48	66.54949671441821
11.52	66.288980251962
11.56	65.87517826322842
11.6	65.24146820248963
11.64	64.43574433084756
11.68	63.54029216422745
11.72	62.55410327372316
11.76	61.5186801449824
11.8	60.47836670741967
11.84	59.45590926585126
11.88	58.44101190996878
11.92	57.550935174137265
11.96	56.7511971082715
12.0	55.94349050352652
12.040000000000003	55.25844807539184
12.08	54.66837113893202
12.120000000000001	54.22007724316349
12.16	53.88443721087823
12.200000000000001	53.72708725452816
12.24	53.7258623112094
12.280000000000001	53.77399063220042
12.32	53.85233811945311
12.36	53.87251995591174
12.4	53.889919525940584
12.44	53.87184427394298
12.48	53.75959536244706
12.52	53.56699487041827
12.56	53.143608705426914
12.6	52.51919896289485
12.64	51.672910656204934
12.68	50.8127458383897
12.72	50.07898377584495
12.76	49.556437731291254
12.8	49.247471588997115
12.84	49.11506840590083
12.88	49.14343812446998
12.92	49.30067038685549
12.96	49.608297476810066
13.0	50.084100554135944
13.040000000000003	50.787038469670506
13.08	51.67808445152066
13.120000000000001	52.8390482107003
13.16	54.28508641398014
13.200000000000001	55.950213530539145
13.24	57.91854477040543
13.280000000000001	60.00669256548713
13.32	62.0563419544841
13.36	64.01266508757355
13.4	65.67790542865643
13.44	66.91595573372541
13.48	67.62190304803715
13.52	67.8026547651039
13.56	67.63709389130933
13.6	67.24343176698892
13.64	66.77361953934464
13.68	66.1645907890912
13.72	65.43241060316745
13.76	64.56957865013082
13.8	63.65527907433973
13.84	62.64968075848846
13.88	61.5433222258071
13.92	60.4589068466877
13.96	59.39337222207175
14.0	58.322078078543925
14.040000000000003	57.37491929326143
14.08	56.550024560810385
14.120000000000001	55.81608854971745
14.16	55.140119661932275
14.200000000000001	54.55745905089657
14.24	54.15047519250513
14.280000000000001	53.884050799960804
14.32	53.83068956985659
14.36	53.88547060862331
14.4	53.978812252737654
14.44	53.99808172655608
14.48	53.882974668653915
14.52	53.664832262483344
14.56	53.16929423499147
14.6	52.33958375166122
14.64	51.31881607697774
14.68	50.305955620913366
14.72	49.41724273608696
14.76	48.75670127542577
14.8	48.29583159774569
14.84	48.01019631811498
14.88	47.85494330256732
14.92	47.78687118871824
14.96	47.822960145045485
15.0	47.88104252932068
15.040000000000003	48.01966753808783
15.08	48.20879970191858
15.120000000000001	48.45111051635159
15.16	48.834601463537
15.200000000000001	49.327179697138746
15.24	50.03652073484636
15.280000000000001	50.958694238638415
15.32	52.14780428783766
15.36	53.57802222206524
15.4	55.19955868167783
15.44	56.96975928452778
15.48	58.878380169231065
15.52	60.8676692607434
15.56	62.83107405699489
15.6	64.59171013937491
15.64	66.02534421552764
15.68	66.98076734233193
15.72	67.41401496775886
15.76	67.47581720947356
15.8	67.2153305401677
15.84	66.76887748652358
15.88	66.13406049993449
15.92	65.28917251173398
15.96	64.32669931318293
16.0	63.27140380776703
16.04	62.2133522125326
16.080000000000002	61.08329345537929
16.12	59.93142932936884
16.16	58.78075736320136
16.2	57.65206419292123
16.240000000000002	56.630259606893546
16.28	55.63215016939726
16.32	54.718580786762715
16.36	53.817120424899656
16.4	52.962969168499384
16.44	52.21188549842576
16.48	51.64178940749328
16.52	51.37829417581092
16.56	51.349738346344324
16.6	51.42031947775229
16.64	51.48574178157985
16.68	51.50079163046618
16.72	51.51018108456397
16.76	51.51541604041786
16.8	51.516837403832184
16.84	51.524374024721595
16.88	51.53105456931385
16.92	51.52765487851728
16.96	51.52323901195459
17.0	51.51542960104791
17.04	51.51877565609091
17.080000000000005	51.52923749879223
17.12	51.5360111968088
17.16	51.54151712388611
17.2	51.52661286715231
17.240000000000002	51.5181623992429
17.28	51.49877987855736
17.32	51.503627019603584
17.36	51.51212370997703
17.400000000000002	51.5200347383759
17.44	51.616548253588874
17.48	51.81577744456247
17.52	52.156007700935234
17.56	52.70759361313185
17.6	53.44560351012031
17.64	54.46355593678382
17.68	55.75886577753651
17.72	57.179830450764015
17.76	58.71795184324505
17.8	60.30761253165382
17.84	61.87746542353432
17.88	63.402070987933044
17.92	64.79920995212473
17.96	65.93729439514476
18.0	66.75561686235297
18.04	67.21770066001783
18.080000000000005	67.3442587714371
18.12	67.21910402477613
18.16	66.91239904863032
18.2	66.48001756846139
18.240000000000002	65.98367645806955
18.28	65.35330715174854
18.32	64.614350929788
18.36	63.83480370337135
18.400000000000002	62.952860814123994
18.44	61.95206288110295
18.48	60.92814822194185
18.52	59.857128940947646
18.56	58.820753340954255
18.6	57.844196519904756
18.64	57.054988591230256
18.68	56.37203898511011
18.72	55.828202138772795
18.76	55.43972082255749
18.8	55.217451946311826
18.84	55.17771320036957
18.88	55.18908033662845
18.92	55.17248767922473
18.96	55.13835908302053
19.0	55.05568201497857
19.04	54.98284035340713
19.080000000000005	54.922420979016806
19.12	54.915177632508204
19.16	54.911137816741714
19.2	54.912317060628894
19.240000000000002	54.91374197009068
19.28	54.900533974309425
19.32	54.89127095134059
19.36	54.84357509814612
19.400000000000002	54.746041472126976
19.44	54.62201615028388
19.48	54.47230907316708
19.52	54.3478349286427
19.56	54.29442643442533
19.6	54.25567534991245
19.64	54.25977652597088
19.68	54.32741363611238
19.72	54.48346560392066
19.76	54.813308352331134
19.8	55.347963452121135
19.84	56.130031193845085
19.88	57.20895668977954
19.92	58.53552164435983
19.96	59.97085300659133
20.0	61.526116934160356
20.04	62.99106828998703
20.080000000000005	64.28894864575398
20.12	65.30761412394466
20.16	66.06253979020734
20.2	66.65561656191758
20.240000000000002	67.10196985683572
20.28	67.39070466732184
20.32	67.51207829983949
20.36	67.36128633634732
20.400000000000002	66.95713092450801
20.44	66.47224052128165
20.48	65.77550671654606
20.52	64.87901263847314
20.56	63.82794103228281
20.6	62.69925992767972
20.64	61.58997412935203
20.68	60.450509432419125
20.72	59.31056085861367
20.76	58.254462263595926
20.8	57.285001313055105
20.84	56.46368579335572
20.88	55.73918005971193
20.92	55.04282269398247
20.96	54.46654685782583
21.0	53.98226547767557
21.04	53.545409677769825
21.080000000000005	53.12627186055563
21.12	52.863921942070235
21.16	52.78479548826297
21.2	52.71416770622673
21.240000000000002	52.67666290346358
21.28	52.557335169816156
21.32	52.408785910010195
21.36	52.24255027001067
21.400000000000002	52.00565815372288
21.44	51.83161971301321
21.48	51.80292953411289
21.52	51.81470362859075
21.56	51.827352303078825
21.6	51.841368323590075
21.64	51.847507539636766
21.68	51.84243074971947
21.72	51.844079711782854
21.76	51.83748041467199
21.8	51.81426530757538
21.84	51.80660689605182
21.88	51.80194522136489
21.92	51.7984595583236
21.96	51.79691795450114
22.0	51.79576197958529
22.04	51.799462178168355
22.080000000000005	51.80244661494682
22.12	51.80578354058028
22.16	51.80744388407825
22.2	51.81067483956896
22.240000000000002	51.812626588791986
22.28	51.81420159554783
22.32	51.815088625672146
22.36	51.81862896026418
22.400000000000002	51.81774126870474
22.44	51.82276790096607
22.48	51.958598782208384
22.52	52.23589813767981
22.56	52.716106679067096
22.6	53.530104074414936
22.64	54.698402694316144
22.68	56.20790043921117
22.72	57.965442021027926
22.76	59.97388370954987
22.8	61.95521108173166
22.84	63.79196886730085
22.88	65.30047648054315
22.92	66.45859057800506
22.96	67.21177283900005
23.0	67.47230204238502
23.04	67.33550379769187
23.080000000000005	66.9122217970943
23.12	66.33623219451916
23.16	65.62126116752933
23.2	64.77519705854691
23.240000000000002	63.85661986166011
23.28	62.876973644475086
23.32	61.837433832126564
23.36	60.7649766732396
23.400000000000002	59.61074941306522
23.44	58.45012962874209
23.48	57.39438309903734
23.52	56.36877951196196
23.56	55.455941181296836
23.6	54.57015089292206
23.64	53.73417848071526
23.68	53.04504727369701
23.72	52.479248166479465
23.76	52.022383070429
23.8	51.68914815458989
23.84	51.56788032905324
23.88	51.64301676845662
23.92	51.710651051043556
23.96	51.79226765738646
24.0	51.81749992883718
24.04	51.81498960764307
24.080000000000005	51.812878944142724
24.12	51.783365175418
24.16	51.74704974990466
24.2	51.69484442927295
24.240000000000002	51.67061609897634
24.28	51.65698225158532
24.32	51.62901622565998
24.36	51.576640322672475
24.400000000000002	51.53256926592448
24.44	51.527247916285305
24.48	51.52326655911091
24.52	51.52496441594218
24.560000000000002	51.52678396420005
24.6	51.538907152006175
24.64	51.54594691209175
24.68	51.54669770202416
24.72	51.54726064439171
24.76	51.60434141166539
24.8	51.675838828833164
24.84	51.82277452480369
24.88	52.09099346915586
24.92	52.41900050391017
24.96	52.931733621149576
25.0	53.63112746700084
25.04	54.5754336738796
25.080000000000005	55.68657508189155
25.12	57.061188088466324
25.16	58.65812552712714
25.2	60.31610816944098
25.240000000000002	61.92597877465039
25.28	63.415482282987966
25.32	64.67081617318013
25.36	65.6425765130626
25.400000000000002	66.32026449707446
25.44	66.62547650468541
25.48	66.62504183095746
25.52	66.40057050908138
25.560000000000002	66.07416665561095
25.6	65.66349051565892
25.64	65.16762237455059
25.68	64.57020116571783
25.72	63.84854101204073
25.76	63.09301751896045
25.8	62.22622217584788
25.84	61.23257593507542
25.88	60.186304497119906
25.92	59.104531787231764
25.96	57.99033064386603
26.0	56.99561511336182
26.04	56.145344447052
26.080000000000005	55.36382169299935
26.12	54.727129468986035
26.16	54.167878993570866
26.2	53.702227197162756
26.240000000000002	53.27031406936267
26.28	52.872902571752846
26.32	52.57327210496
26.36	52.407706603976294
26.400000000000002	52.387824525233086
26.44	52.446080541404825
26.48	52.53554046644133
26.52	52.5570979533023
26.560000000000002	52.55604571865878
26.6	52.541923488336536
26.64	52.52711661971013
26.68	52.51233319269599
26.72	52.49001052560726
26.76	52.47757006892739
26.8	52.45366521185029
26.84	52.43194763451908
26.88	52.42074092323385
26.92	52.420614208641936
26.96	52.42187693762733
27.0	52.435966089350615
27.04	52.430658856348956
27.080000000000005	52.425865780266435
27.12	52.53934214939608
27.16	52.69396432090866
27.2	52.98912804529968
27.240000000000002	53.47932131143099
27.28	54.188636922316846
27.32	55.21316082014613
27.36	56.51977570143795
27.400000000000002	58.09532021368655
27.44	59.83709530281362
27.48	61.50397788178131
27.52	63.08221759010995
27.560000000000002	64.2964112647215
27.6	65.23258651596312
27.64	65.86512718575275
27.68	66.19360754445336
27.72	66.31301961446471
27.76	66.17438459105973
27.8	65.89442524552733
27.84	65.51317880613342
27.88	65.04698444993376
27.92	64.44539897278537
27.96	63.72871279498935
28.0	62.913349542520805
28.04	61.95834887158037
28.080000000000005	60.94308401838511
28.12	59.88854761620385
28.16	58.82865244268842
28.2	57.82214453526329
28.240000000000002	56.927320376063705
28.28	56.08425406921293
28.32	55.35351462593792
28.36	54.737124870149245
28.400000000000002	54.24574168082037
28.44	53.91849466617714
28.48	53.80765072663945
28.52	53.81736776453502
28.560000000000002	53.859219472774356
28.6	53.88048623189012
28.64	53.917975208972834
28.68	53.951665111352725
28.72	53.98401145897088
28.76	53.990809764270324
28.8	53.99670679932221
28.84	53.9356269287332
28.88	53.868974451580556
28.92	53.75319581037638
28.96	53.646230328282115
29.0	53.54502832806408
29.04	53.435899832051945
29.080000000000005	53.403604342914704
29.12	53.40289742747143
29.16	53.41428310526848
29.2	53.42557815756737
29.240000000000002	53.431032747746244
29.28	53.43057796834225
29.32	53.4432582771357
29.36	53.48620091813011
29.400000000000002	53.718119757574044
29.44	54.15917286191966
29.48	54.88772114079619
29.52	55.93109861556816
29.560000000000002	57.25461946616187
29.6	58.84870387070437
29.64	60.51844529507201
29.68	62.19872865471086
29.72	63.786574030221104
29.76	65.17103902836043
29.8	66.23571284741274
29.84	66.92516971584523
29.88	67.22109756458259
29.92	67.19376034691093
29.96	66.94022221321217
30.0	66.60960742775244
30.04	66.21398134260852
30.080000000000005	65.78296279379603
30.12	65.31302336379562
30.16	64.78089240594673
30.2	64.1718322382247
30.240000000000002	63.525983546171474
30.28	62.785996002922616
30.32	61.842696532680506
30.36	60.77767275558706
30.400000000000002	59.66878993055451
30.44	58.61154086015101
30.48	57.70311079651316
30.52	56.92941296271603
30.560000000000002	56.24845139331737
30.6	55.68075906935111
30.64	55.19439707123979
30.68	54.806385192061185
30.72	54.57182561293932
30.76	54.45456808489877
30.8	54.445640596827886
30.84	54.465270578672246
30.88	54.486075556440525
30.92	54.55519355001125
30.96	54.6043472916468
31.0	54.63498062507442
31.04	54.65994624936354
31.080000000000005	54.67251041227182
31.12	54.62575270603264
31.16	54.597795925235616
31.2	54.571690337182815
31.240000000000002	54.57169391422748
31.28	54.57456999787277
31.32	54.57930943590209
31.36	54.59355540535179
31.400000000000002	54.6018343039608
31.44	54.71703498174382
31.48	54.89164510423612
31.52	55.19639818203231
31.560000000000002	55.76740664538568
31.6	56.563024744227334
31.64	57.64411748785611
31.68	58.95405436746388
31.720000000000002	60.48118377127736
31.76	62.09177234073705
31.8	63.70930953622752
31.84	65.18740612892022
31.88	66.47975872927897
31.92	67.4565584010156
31.96	67.9939505878035
32.0	68.15085236431081
32.04	67.96091804641476
32.08	67.5615523367225
32.12	67.0563955380829
32.160000000000004	66.36162681028694
32.2	65.51928900084933
32.24	64.57292481344929
32.28	63.598536124688465
32.32	62.64310745491825
32.36	61.71871092291306
32.4	60.810106877097596
32.44	59.98604393296304
32.480000000000004	59.143022345422736
32.52	58.28945814541703
32.56	57.473468691114746
32.6	56.68174915974842
32.64	55.99024947280314
32.68	55.52541729410454
32.72	55.15261488444719
32.76	54.766171214773195
32.8	54.460559620796516
32.84	54.18966502093072
32.88	53.9434834559291
32.92	53.738721164760676
32.96	53.721003074073934
33.0	53.710931712458944
33.04	53.71555648349221
33.08	53.71295380416126
33.12	53.71937416863862
33.16000000000001	53.72083325971278
33.2	53.7237972591267
33.24	53.725806195941075
33.28	53.73042575362226
33.32	53.73613755096423
33.36	53.73842700061799
33.4	53.74084355147902
33.44	53.739512455611745
33.480000000000004	53.736287183168415
33.52	53.7365813720004
33.56	53.73535473355065
33.6	53.73792668738356
33.64	53.74233703460327
33.68	53.820458929158406
33.72	53.95327554926456
33.76	54.204948301681654
33.8	54.64460149812925
33.84	55.34071330190281
33.88	56.31479150054365
33.92	57.555024231931256
33.96	59.095572547553815
34.0	60.71956252104383
34.04	62.37469529131273
34.08	63.89225882988997
34.12	65.1885997553483
34.16000000000001	66.15968532855753
34.2	66.64991653180746
34.24	66.6862418459957
34.28	66.37113008489287
34.32	65.81105366796726
34.36	65.06365167021737
34.4	64.1444540522608
34.44	63.14293375238141
34.480000000000004	62.07549064474654
34.52	61.01372305006845
34.56	59.973418632127064
34.6	58.988855370190365
34.64	58.080880289539195
34.68	57.2801966333039
34.72	56.63220515308208
34.76	56.08023237546627
34.800000000000004	55.627954892478755
34.84	55.200406389982334
34.88	54.85674726307967
34.92	54.59133429733288
34.96	54.44178098573434
35.0	54.41897729333432
35.04	54.43743276179312
35.08	54.45852410586974
35.12	54.49226860588476
35.16000000000001	54.56287493666002
35.2	54.600226172029934
35.24	54.60469872166732
35.28	54.59421071509763
35.32	54.55934840449292
35.36	54.471339173804736
35.4	54.42636902657786
35.44	54.393511674444795
35.480000000000004	54.38670269513996
35.52	54.4075467157691
35.56	54.407243132032605
35.6	54.39166720843711
35.64	54.37859481778307
35.68	54.35708058059869
35.72	54.34208513209305
35.76	54.333736736449794
35.800000000000004	54.331995250144175
35.84	54.388815446038635
35.88	54.44799521971913
35.92	54.55583622065538
35.96	54.70959060425386
36.0	55.032505872930926
36.04	55.58650894668824
36.08	56.370424077615866
36.12	57.44078040402529
36.16000000000001	58.818839060267706
36.2	60.31834483747234
36.24	61.946926506969106
36.28	63.67901137824238
36.32	65.36672334786002
36.36	66.90099181209318
36.4	68.08328563149212
36.44	68.80224958865236
36.480000000000004	69.00632586324213
36.52	68.8096364482718
36.56	68.2714181026932
36.6	67.631730381154
36.64	66.81071581292503
36.68	65.8666830768687
36.72	64.83016272855927
36.76	63.71101717479097
36.800000000000004	62.531772901685486
36.84	61.338882813938795
36.88	60.112327163471576
36.92	58.965914746624534
36.96	57.87924331498695
37.0	56.94453859609041
37.04	56.08257578026266
37.08	55.34502082346252
37.12	54.70870910916173
37.16000000000001	54.1776646744873
37.2	53.76129185825637
37.24	53.53141733754039
37.28	53.38636115339996
37.32	53.31520490885546
37.36	53.36170431765795
37.4	53.41722907244487
37.44	53.42007725693051
37.480000000000004	53.42164305763798
37.52	53.41628066598443
37.56	53.42255517348492
37.6	53.42170469908139
37.64	53.42079965989541
37.68	53.41601386332417
37.72	53.42335025594353
37.76	53.43105647996505
37.800000000000004	53.44276375903405
37.84	53.445262698131714
37.88	53.44205307048699
37.92	53.44117164337024
37.96	53.43448358801152
38.0	53.43305961082386
38.04	53.43259364259717
38.08	53.432135281446236
38.12	53.44116743715172
38.16000000000001	53.43875196532339
38.2	53.43928511482946
38.24	53.440043635181496
38.28	53.478165632794926
38.32	53.541793074255295
38.36	53.58931355721961
38.4	53.71849449185231
38.44	54.01412645042835
38.480000000000004	54.62134949304962
38.52	55.57643075540656
38.56	56.82614254873731
38.6	58.41084004319502
38.64	60.157158472862534
38.68	62.08626419685227
38.72	63.97372806473285
38.76	65.72268923911737
38.800000000000004	67.18082598737077
38.84	68.1350796564261
38.88	68.69762297054655
38.92	68.86048204942335
38.96	68.67736834625416
39.0	68.2433643758443
39.04	67.57900787747715
39.08	66.6043733159864
39.12	65.36320931948492
39.16000000000001	64.01272233501047
39.2	62.5285650854555
39.24	60.98362854968457
39.28	59.363328666760495
39.32	57.833707100940416
39.36	56.44325630884673
39.4	55.19132399880087
39.44	54.231555432210016
39.480000000000004	53.44161351825781
39.52	52.84672451366117
39.56	52.48322312716951
39.6	52.336114341035184
39.64	52.39356097943255
39.68	52.44563153588226
39.72	52.523369268626055
39.76	52.49715147856861
39.800000000000004	52.44957294309965
39.84	52.4441771242509
39.88	52.43762850502145
39.92	52.43744522602418
39.96	52.421321716563014
40.0	52.3811297652703
40.04	52.27649320163697
40.08	52.1138795737114
40.12	51.801391306373716
40.16000000000001	51.24561894820724
40.2	50.497127710147936
40.24	49.71143816569702
40.28	48.87112203656369
40.32	47.9423353126336
40.36	47.061160062938654
40.4	46.27901309983257
40.44	45.74418270560197
40.480000000000004	45.47484895280046
40.52	45.71696737257584
40.56	45.74540537987461
40.6	45.76547061627096
40.64	45.84548141885024
40.68	45.93737095428759
40.72	46.062472747350355
40.76	46.04567964652642
40.800000000000004	46.14349602966156
40.84	46.150801399440624
40.88	46.212642653093866
40.92	46.267722452467794
40.96	46.26900240665903
41.0	46.247537919013325
41.04	46.27446250183439
41.08	46.28751262036364
41.12	46.29015084214585
41.16000000000001	46.287566057208096
