hand
t	x
0.0	140.05633802816908
0.04	140.03707264862908
0.08	139.9965204966103
0.12	140.0517417034008
0.16	140.04498563366144
0.2	140.0161262659077
0.24	139.92063154939217
0.28	139.9612830285538
0.32	140.02192754981604
0.36	140.13519411641107
0.4	140.12675955748875
0.44	140.10953900170136
0.48	140.1274428911612
0.52	140.13878917143404
0.56	140.14399219557583
0.6	140.12522491611128
0.64	140.11823457679714
0.68	140.0528830198465
0.72	140.00296117793698
0.76	140.01201407546216
0.8	139.96613957270972
0.84	139.8792126523407
0.88	139.78037154767446
0.92	139.92723686532406
0.96	140.01519880294256
1.0	140.06751971730876
1.04	140.11489656234073
1.08	140.16475634047958
1.12	140.1309025711529
1.16	140.15495362077365
1.2	140.16194277238412
1.24	140.1530879091498
1.28	140.10487135568076
1.32	140.0831060202928
1.36	140.07237739580944
1.4000000000000001	140.05887613135803
1.44	140.06243871824734
1.48	140.04828722853802
1.52	140.0487562798304
1.56	140.04334239865068
1.6	140.03666214947555
1.6400000000000001	140.02890199702335
1.68	140.05476183700887
1.72	140.0527950593122
1.76	140.05160477344236
1.8	140.0521246263844
1.84	140.04354079290363
1.8800000000000003	140.0414373491327
1.92	140.03613004817237
1.96	140.04887928445817
2.0	140.01447924885235
2.04	140.06794335486586
2.08	140.0293027893009
2.12	140.052218467216
2.16	140.05269315741077
2.2	140.19815276301426
2.24	140.1509271898268
2.2800000000000002	140.11420487478574
2.32	139.9636224068687
2.36	139.35127238157258
2.4	137.87480932809933
2.44	135.71591581516725
2.48	133.29698014319285
2.52	129.48385081699382
2.56	126.1467542275069
2.6	123.95980036999629
2.64	125.07491871588184
2.68	125.97673877089812
2.72	126.09187105005105
2.7600000000000007	125.98907792152352
2.8000000000000003	126.07526708468197
2.84	126.09667631773084
2.88	126.09083214328359
2.92	126.08929905343905
2.96	126.05715130944839
3.0	126.07034356726592
3.04	126.06308632385719
3.08	126.05786075840945
3.12	126.05469040449373
3.16	126.05668249516282
3.2	126.06503575431691
3.24	126.04285890233052
3.2800000000000002	126.04397480377077
3.3200000000000003	126.02379193337435
3.36	126.03043565886185
3.4	126.03196027828142
3.44	126.04036520825832
3.48	126.03844627288652
3.52	126.03708086690096
3.56	126.03587418562995
3.6	126.03349055758633
3.64	126.03479475183406
3.68	126.02938430801407
3.72	126.02383018635226
3.7600000000000007	126.02413364525921
3.8000000000000003	126.02842117805915
3.84	125.9894744271711
3.88	125.95763424737845
3.92	125.9539205937009
3.96	125.91247696369976
4.0	126.05284152538059
4.04	126.91528254167599
4.08	127.92419414733388
4.12	128.45603875475956
4.16	127.20219611441746
4.2	123.3830170541379
4.24	115.93774038819436
4.28	107.43004024265622
4.32	100.05260427543874
4.36	97.30419652654416
4.4	100.05157094535355
4.44	106.08701374941995
4.48	113.70818949707484
4.520000000000001	122.5347972348319
4.5600000000000005	131.70460006000405
4.6000000000000005	140.73837681195403
4.64	149.69957371630255
4.68	158.91186635698625
4.72	173.72256925633872
4.76	178.7678435555789
4.8	189.24741316764278
4.84	199.46269825512638
4.88	209.5820200350314
4.92	219.3018897143071
4.96	228.70138256862185
5.0	237.57012429973622
5.04	245.46666353402054
5.08	252.56071447220495
5.12	258.9855430586978
5.16	264.3682975539783
5.2	269.2286878692822
5.24	273.98521113750496
5.28	278.1835252795032
5.32	281.97802454298755
5.36	285.2175679888279
5.4	288.3401427890443
5.44	290.4172251314204
5.48	290.98630077440487
5.520000000000001	289.45866907665675
5.5600000000000005	285.93995364812383
5.6000000000000005	279.97156033618023
5.64	270.9911046650933
5.68	259.9559000268233
5.72	245.9991515612429
5.76	229.23080532502456
5.8	211.69150623665053
5.84	193.1263323455688
5.88	174.40940420730033
5.92	157.69926531844442
5.96	143.9816945488443
6.0	133.06934877004608
6.04	125.66799483715488
6.08	123.4580022246106
6.12	123.30300736178071
6.16	123.81665752734636
6.2	124.44105293045902
6.24	124.81366015910419
6.28	124.80076985545622
6.32	124.5937163270861
6.36	124.82169962487353
6.4	124.95400291307112
6.44	125.04684899922734
6.48	125.09974844972032
6.520000000000001	124.98277636895148
6.5600000000000005	124.593718530302
6.6000000000000005	123.61035927662908
6.640000000000001	120.31768624215795
6.68	117.2775153979502
6.72	116.85887314874628
6.76	119.0060893624833
6.8	124.20503482827928
6.84	132.08266588831532
6.88	141.16659973922754
6.92	150.9822362838546
6.96	160.96401877881874
7.0	171.41100694037698
7.04	181.4860652129513
7.08	191.29946513305083
7.12	200.63292220116284
7.16	209.97848336117966
7.2	219.8326816197183
7.24	230.48420623741288
7.28	247.06063988672452
7.32	252.80916344003356
7.36	264.64777893079065
7.4	276.99056869662775
7.44	289.7119577959353
7.48	301.27760915748934
7.520000000000001	310.0188896952021
7.5600000000000005	314.90144564818104
7.6000000000000005	315.95147665048273
7.640000000000001	313.14449153926523
7.68	306.9292798665475
7.72	297.2898029430411
7.76	284.9822699353464
7.8	270.19874617377366
7.84	253.2332828358227
7.88	234.95866708772485
7.92	215.0020001088909
7.96	195.21812466326026
8.0	176.45750335969262
8.040000000000001	160.3071704531418
8.08	147.1171863118185
8.120000000000001	142.57185876951337
8.16	142.64785071506515
8.2	144.02997627229445
8.24	144.26698368815335
8.28	144.28251490965033
8.32	144.15796144498893
8.36	144.00634491940275
8.4	143.77486787769897
8.44	143.87284111699353
8.48	143.99459624170925
8.52	143.95848569376142
8.56	143.83858070791678
8.6	143.91085160662067
8.64	143.68822176910737
8.68	143.15208348009048
8.72	143.05458601771022
8.76	141.13162337621395
8.8	136.88338253460518
8.84	130.95577292840574
8.88	124.05510753058218
8.92	118.18379780793396
8.96	116.44776007270605
9.0	119.00882941220345
9.040000000000003	125.33179212199627
9.08	134.89035155890917
9.120000000000001	146.5670888716246
9.16	159.1303919108476
9.200000000000001	172.97299540460733
9.24	187.01932168211226
9.28	201.13216399229157
9.32	214.8159232043921
9.36	227.75437085214992
9.4	240.17136902713412
9.44	251.9794273546869
9.48	263.8333704800449
9.52	275.7994581010913
9.56	287.16569700021375
9.6	298.2489520309779
9.64	308.48563514037176
9.68	316.99741068899596
9.72	323.2884093640654
9.76	327.6641621446089
9.8	330.12046185025713
9.84	330.6194415444203
9.88	329.11034391080386
9.92	325.7270225837925
9.96	320.9046425452249
10.0	314.7522856558811
10.040000000000003	307.26213076806573
10.08	298.18769239150436
10.120000000000001	287.0780936238308
10.16	275.8832776653877
10.200000000000001	263.599153726003
10.24	251.15969834541022
10.28	238.3730459549189
10.32	224.6588501721386
10.36	210.2443100899526
10.4	195.63853943400625
10.44	181.1626316518374
10.48	168.38988379241493
10.52	159.74009844934642
10.56	154.93429651492363
10.6	153.57468213739878
10.64	154.4336758833789
10.68	154.89351848127592
10.72	155.01250821932092
10.76	154.9036258518678
10.8	154.39120279224937
10.84	153.23417424949378
10.88	151.06911596849034
10.92	147.21061971106053
10.96	144.0504466648173
11.0	141.7629761276836
11.040000000000003	141.8309001106478
11.08	147.2247247128645
11.120000000000001	150.40904973272575
11.16	158.50730438008998
11.200000000000001	168.5699829957722
11.24	179.80195792305142
11.28	191.80911887338186
11.32	204.2925949065185
11.36	216.90456551929663
11.4	229.89174743056026
11.44	242.8807486493862
11.48	256.4779437639771
11.52	270.28157593144635
11.56	284.19725853618104
11.6	297.03260580835297
11.64	308.375416858073
11.68	318.53174451319967
11.72	326.91869062152466
11.76	333.69589285924064
11.8	339.07182124842086
11.84	343.71258314228055
11.88	347.14118522440583
11.92	348.76478114858776
11.96	348.10874802370665
12.0	344.8719778907399
12.040000000000003	339.6869649095494
12.08	332.47036688857145
12.120000000000001	322.9293736156925
12.16	311.29845240945735
12.200000000000001	298.6197097841001
12.24	284.11438914419466
12.280000000000001	266.91468110065864
12.32	248.2533618450119
12.36	218.3835519818689
12.4	208.49669913582545
12.44	190.31678526089956
12.48	175.39738620896208
12.52	163.57925103462105
12.56	155.74788279458232
12.6	155.0539277882109
12.64	156.04254817590675
12.68	156.36239348411084
12.72	156.27529188991082
12.76	156.23002259273392
12.8	156.0349080357645
12.84	155.87193681831525
12.88	155.31392117484586
12.92	154.17594320386786
12.96	151.16312212822697
13.0	144.0985379494997
13.040000000000003	135.6302411366661
13.08	128.12400177949996
13.120000000000001	122.82777699658197
13.16	120.52085053149915
13.200000000000001	121.9479068292145
13.24	126.36014958922817
13.280000000000001	133.31274339303548
13.32	142.1488280258228
13.36	152.80205290662627
13.4	164.8516332191217
13.44	179.063989858421
13.48	195.0826947301149
13.52	211.73307955249368
13.56	228.80087962813025
13.6	246.02476406078324
13.64	262.8518469556585
13.68	278.5720383295471
13.72	293.15433501469886
13.76	305.85831971650407
13.8	316.5615236575112
13.84	325.8090216106242
13.88	333.0852701921448
13.92	338.6690592891588
13.96	341.88144411535166
14.0	342.90680629046517
14.040000000000003	341.37996583060396
14.08	337.8976003948993
14.120000000000001	333.13976247088124
14.16	327.0826671095157
14.200000000000001	319.8046174655043
14.24	311.07788291265786
14.280000000000001	300.8310173239953
14.32	288.4805094057973
14.36	274.97748792065283
14.4	260.01539377091024
14.44	243.16886282107282
14.48	226.14383373016983
14.52	209.0764770757063
14.56	192.56693731054895
14.6	173.20002565828565
14.64	169.2202856307216
14.68	165.9768865164241
14.72	166.5540587479835
14.76	167.23393245829004
14.8	167.2465158374522
14.84	167.32343239337217
14.88	167.07453518401564
14.92	166.96929266908512
14.96	167.01208275037618
15.0	167.01262320970875
15.040000000000003	166.20723969935386
15.08	163.96297426678336
15.120000000000001	160.05920261617268
15.16	154.236508292218
15.200000000000001	139.9868542230489
15.24	134.16333176596765
15.280000000000001	121.0827488853007
15.32	107.75193836225719
15.36	94.5255362072138
15.4	83.18895519186674
15.44	77.11575753790032
15.48	76.89867306115696
15.52	81.76066867185148
15.56	90.69157591955639
15.6	102.18766426136028
15.64	115.91526625413292
15.68	130.78766401809946
15.72	146.72816685686223
15.76	162.09764197285278
15.8	177.26349713423144
15.84	192.20429739442773
15.88	207.11762444259432
15.92	222.075489859992
15.96	236.87259203686324
16.0	251.69619438576285
16.04	266.13300765693054
16.080000000000002	279.8123433860893
16.12	292.0131623829658
16.16	302.4896117555228
16.2	311.83098924749913
16.240000000000002	319.715412420701
16.28	325.6394915246957
16.32	329.36908781068416
16.36	330.447722695522
16.4	329.35787523269494
16.44	326.6301354964377
16.48	322.52047825894294
16.52	313.09487838001075
16.56	309.059372793252
16.6	300.11010716426506
16.64	289.1690365092692
16.68	276.3048419548701
16.72	261.42076855052585
16.76	245.62864612905184
16.8	228.57780057772482
16.84	212.08380515263536
16.88	195.91923941480138
16.92	172.7596361729694
16.96	166.02098588601768
17.0	153.91479092291968
17.04	144.07114287766433
17.080000000000005	136.73361124330643
17.12	134.5643907434843
17.16	135.20810371111259
17.2	135.95361805037567
17.240000000000002	136.0820252278819
17.28	136.47031203596487
17.32	136.5025100105412
17.36	136.08919828115734
17.400000000000002	135.80141945531147
17.44	134.24662417108004
17.48	133.39673603852668
17.52	128.20057494517835
17.56	119.12737360139874
17.6	107.33978242337332
17.64	94.61254000798397
17.68	84.96399673085068
17.72	79.95963167882712
17.76	80.01593343203592
17.8	85.04986816072699
17.84	94.00780563295723
17.88	105.91754923659721
17.92	120.12671467850271
17.96	136.60965484058795
18.0	154.38907479630745
18.04	173.1070317101736
18.080000000000005	191.87899416691278
18.12	210.59434848617605
18.16	228.9230178543611
18.2	247.2138896808957
18.240000000000002	265.014834085565
18.28	282.09787363980365
18.32	297.6554336237492
18.36	311.1256171490942
18.400000000000002	321.1323032522488
18.44	327.90163739751563
18.48	331.78386214600357
18.52	333.00653161807975
18.56	332.1627368285332
18.6	330.0044115495722
18.64	326.96557006877936
18.68	323.56059005749523
18.72	319.8892059867245
18.76	315.00861448829494
18.8	309.1092314335684
18.84	301.2670867831679
18.88	291.30266490652855
18.92	279.83417751469153
18.96	266.7357941884776
19.0	252.04173587282924
19.04	236.202860793043
19.080000000000005	219.9213352720693
19.12	203.9429017232186
19.16	188.0422436043283
19.2	173.5306644944859
19.240000000000002	161.67005870080118
19.28	152.02870699982088
19.32	146.300229889178
19.36	144.19854927946938
19.400000000000002	146.00826962279973
19.44	147.04932992058286
19.48	147.05541127096205
19.52	147.15284772847974
19.56	147.18276685831472
19.6	146.9512859621933
19.64	146.32528243031322
19.68	146.03062606230299
19.72	143.95842427094988
19.76	139.25119548782652
19.8	132.63218187661107
19.84	123.8924828043024
19.88	114.12477503996513
19.92	105.73131280712062
19.96	100.23599459415038
20.0	99.02316007696538
20.04	101.8563918004071
20.080000000000005	107.23633181209459
20.12	114.16106204164555
20.16	122.7643420987232
20.2	139.9845141356401
20.240000000000002	146.67509030222493
20.28	160.66205277901656
20.32	174.2338291459556
20.36	187.99259517975258
20.400000000000002	202.87810869274028
20.44	218.6880735274857
20.48	234.50003781390308
20.52	250.86479041898212
20.56	267.53926170899183
20.6	283.1530902612627
20.64	297.019016464361
20.68	306.75440192371354
20.72	311.9696263869786
20.76	312.8965861047735
20.8	310.7948210722076
20.84	306.26280520853163
20.88	299.94227505722426
20.92	292.7471215821689
20.96	283.9438234418791
21.0	273.11066805835287
21.04	261.3959771337819
21.080000000000005	247.9855590248677
21.12	232.76736830428433
21.16	215.95614807411278
21.2	198.25453003261111
21.240000000000002	180.51870404536328
21.28	163.05697246272996
21.32	147.04179311118844
21.36	132.83979698745918
21.400000000000002	120.89013946487887
21.44	112.05997825285215
21.48	106.75486935344873
21.52	104.24367348452381
21.56	103.91421082622821
21.6	104.77803269211529
21.64	105.7993263375057
21.68	106.61990488917775
21.72	106.8613353044667
21.76	106.81898180588098
21.8	106.97833503707932
21.84	106.98444666872467
21.88	106.9720334045561
21.92	107.17600295056297
21.96	107.94269102802502
22.0	108.84164994201785
22.04	109.6185421171682
22.080000000000005	110.69260613483618
22.12	111.83571384817935
22.16	112.96656082811444
22.2	115.18747190152055
22.240000000000002	119.55646680401117
22.28	126.1882659769434
22.32	135.06237589374598
22.36	146.14216888898557
22.400000000000002	158.5424788647798
22.44	171.1493773138278
22.48	183.44145654457054
22.52	201.37655977847578
22.56	207.84149554054545
22.6	222.17504697130573
22.64	237.99962533675432
22.68	254.0393227188407
22.72	270.8102739870243
22.76	287.7003430822439
22.8	303.78224462462265
22.84	317.1155697666708
22.88	326.98808647764906
22.92	334.240969291311
22.96	334.3372252038497
23.0	333.0577932243133
23.04	328.7125058305588
23.080000000000005	321.7864285352258
23.12	312.65588141791807
23.16	302.0415224906345
23.2	289.6700233927887
23.240000000000002	275.0677563863993
23.28	258.1371912697165
23.32	238.31658801889137
23.36	216.4441393441533
23.400000000000002	193.6218773985712
23.44	170.2796450058869
23.48	148.47755012362416
23.52	129.88850256639455
23.56	116.09825387708008
23.6	110.0135252900917
23.64	109.39118944846416
23.68	110.33659381243444
23.72	111.1325371447798
23.76	111.95513409194893
23.8	112.11766667172571
23.84	112.0164923358094
23.88	112.00766174047055
23.92	111.96369695908254
23.96	111.99312256964538
24.0	112.05262601368497
24.04	112.04695293167208
24.080000000000005	112.06210325167797
24.12	112.18800207778543
24.16	113.10932723416329
24.2	113.79317127460001
24.240000000000002	114.0145205875807
24.28	114.02684700267662
24.32	113.91028349477267
24.36	113.92175745213183
24.400000000000002	114.09308607750825
24.44	116.18794411722877
24.48	120.05170630049145
24.52	125.8250307805298
24.560000000000002	133.1412816604285
24.6	142.99024863682973
24.64	153.84222389480544
24.68	165.1491322965211
24.72	176.13605925943932
24.76	186.83480864166143
24.8	197.1853281671639
24.84	209.05015326063528
24.88	222.01175254725956
24.92	235.77438302407643
24.96	250.22734721569407
25.0	264.80736508087386
25.04	279.2770445413295
25.080000000000005	293.4787838446674
25.12	306.40980060741197
25.16	317.7380527086808
25.2	326.1621778872126
25.240000000000002	329.9723489116915
25.28	329.8768288014536
25.32	326.23314285017716
25.36	320.29457869894316
25.400000000000002	312.0624720600043
25.44	301.5744919047671
25.48	289.2341483229708
25.52	274.7629275096548
25.560000000000002	258.31042515011575
25.6	240.00692818233108
25.64	220.06449954346874
25.68	199.44093238025982
25.72	180.03663620213808
25.76	162.95488978820447
25.8	149.5184683071417
25.84	139.91931788983686
25.88	132.98538675347038
25.92	128.245113923576
25.96	125.81102151395919
26.0	124.6812272493354
26.04	124.82148740274909
26.080000000000005	125.23986057036984
26.12	125.76685929896178
26.16	125.89564878234467
26.2	125.87916320153192
26.240000000000002	125.84701257741756
26.28	125.99669935453801
26.32	126.17812617201355
26.36	126.42219583650842
26.400000000000002	127.94009416625602
26.44	129.1180721272034
26.48	130.1617047792903
26.52	131.04589721091327
26.560000000000002	131.05645468926366
26.6	130.87614855630193
26.64	129.86982396443193
26.68	128.42254146998096
26.72	128.00965921016007
26.76	129.6788507077341
26.8	133.9183298269446
26.84	140.83940047043654
26.88	150.9108002010181
26.92	162.2717028569283
26.96	174.82290429103648
27.0	188.03643123966106
27.04	202.31570661130388
27.080000000000005	216.99727645028872
27.12	231.84468814859986
27.16	246.53044004914375
27.2	260.9246538463773
27.240000000000002	274.6389038041858
27.28	288.0439796321365
27.32	301.36416003485203
27.36	313.89135100560304
27.400000000000002	324.23984254975755
27.44	332.2734426398275
27.48	337.28133542561534
27.52	339.27475350070347
27.560000000000002	338.0337438439368
27.6	334.21190690442074
27.64	329.1354890082347
27.68	322.130178270516
27.72	313.90695350826957
27.76	303.2494733801758
27.8	290.6831540154923
27.84	276.1918060370946
27.88	259.0455220865225
27.92	240.20874240081196
27.96	221.2493450232306
28.0	201.93701648580293
28.04	184.29243129771692
28.080000000000005	167.93603175900273
28.12	154.0840300948022
28.16	143.97034608930915
28.2	137.78924956246954
28.240000000000002	135.3947035949028
28.28	135.99626204605545
28.32	137.14716570828784
28.36	137.71898267111862
28.400000000000002	138.07182662231537
28.44	138.0331489482984
28.48	137.93836243504086
28.52	137.95776107526774
28.560000000000002	138.00002542270556
28.6	137.90603437932748
28.64	137.21034362914236
28.68	136.8505098205702
28.72	135.02755471724242
28.76	132.1031524699564
28.8	129.16789819111852
28.84	126.33714356381972
28.88	123.69020454881968
28.92	122.05857643321053
28.96	122.76954161058586
29.0	125.84531187475238
29.04	130.26808132714825
29.080000000000005	135.95606799559562
29.12	143.22409511258695
29.16	153.06735071285686
29.2	165.04930847886192
29.240000000000002	178.1275885613005
29.28	191.8724853503346
29.32	205.91411288365532
29.36	219.99300611399542
29.400000000000002	234.13435593524525
29.44	247.03116751800883
29.48	259.2893115785415
29.52	271.3379877300189
29.560000000000002	283.33989405758473
29.6	300.7643333132097
29.64	306.183921500715
29.68	315.9621962211819
29.72	324.04087978301743
29.76	330.08716425308114
29.8	334.09129843201697
29.84	335.5159537200608
29.88	334.0431235250968
29.92	330.2619811685678
29.96	324.9932786578289
30.0	317.6406021718195
30.04	308.7173562481631
30.080000000000005	297.9349769913896
30.12	285.528197492447
30.16	270.6334647960558
30.2	254.3545521932739
30.240000000000002	236.50005454991253
30.28	218.65288590749753
30.32	202.20490037695538
30.36	186.11665632783604
30.400000000000002	172.15546870189075
30.44	160.94651582419613
30.48	152.2483106186029
30.52	146.6507774231576
30.560000000000002	143.98346456220622
30.6	143.26539576855123
30.64	144.1181404405785
30.68	145.1090606313868
30.72	145.17307442089543
30.76	145.0449969153575
30.8	144.97397235876326
30.84	144.58938072026547
30.88	144.41184961298597
30.92	144.15058833413843
30.96	143.99769877433675
31.0	143.85071484856633
31.04	143.80240929561717
31.080000000000005	142.98823480586555
31.12	141.88901339131837
31.16	140.94798014945866
31.2	139.6935596380223
31.240000000000002	138.76212338776816
31.28	137.70486808047065
31.32	136.16007611694533
31.36	135.17219770714667
31.400000000000002	137.0381209843473
31.44	143.02606194143993
31.48	151.2144521805934
31.52	160.90299751927307
31.560000000000002	172.18139864124203
31.6	185.14461027530217
31.64	207.0823100101985
31.68	214.81533907973278
31.720000000000002	229.94980094025016
31.76	244.37364242200567
31.8	258.3686863043532
31.84	273.0557924721344
31.88	288.84294548434275
31.92	303.90437837977663
31.96	317.3126650624414
32.0	328.4105085882221
32.04	336.25055667663685
32.08	340.9928980988258
32.12	342.9494120205369
32.160000000000004	342.36825879327705
32.2	340.37860530061573
32.24	337.6849070912
32.28	331.71938596109806
32.32	329.2396927611027
32.36	323.21356842759803
32.4	315.82588645537646
32.44	306.34099010328885
32.480000000000004	294.96910429175875
32.52	281.1323116678328
32.56	265.0450472595172
32.6	247.60123236920288
32.64	229.26298759235726
32.68	211.58369394326348
32.72	195.01905554427833
32.76	180.0048368083677
32.8	166.9093130534269
32.84	157.23125346246627
32.88	151.23249718167938
32.92	148.27698138576773
32.96	147.9628035237655
33.0	148.94534235188632
33.04	149.97033089390254
33.08	150.25022184300894
33.12	150.28013152762344
33.16000000000001	150.05231753863347
33.2	150.00903060436224
33.24	149.9332119837062
33.28	150.00462579778116
33.32	149.9698762298268
33.36	149.78325606383567
33.4	149.13032935069702
33.44	149.0851238131355
33.480000000000004	148.38939387575795
33.52	146.36734312593364
33.56	142.92755692132334
33.6	138.06077053135834
33.64	132.8260438336307
33.68	125.58403973615088
33.72	124.04067622339437
33.76	122.87996346810735
33.8	125.17754855547639
33.84	131.09109892756908
33.88	140.1675142389455
33.92	151.5353369947444
33.96	164.86413010255967
34.0	180.65334164683384
34.04	199.01200574118832
34.08	218.70378116149743
34.12	239.3612992997747
34.16000000000001	259.1621278761978
34.2	286.80488744113893
34.24	295.2111435300818
34.28	311.0417444064391
34.32	324.88446880333197
34.36	336.3864134128015
34.4	345.19885191594597
34.44	351.7840246676443
34.480000000000004	355.07701265055005
34.52	356.14128904450956
34.56	354.64967280323674
34.6	351.52015042825826
34.64	347.1634954908196
34.68	341.8905187951801
34.72	335.57107459526003
34.76	328.20997548578487
34.800000000000004	319.7898260448959
34.84	309.84278541664764
34.88	298.0777306663705
34.92	285.9240607557032
34.96	266.3075305447459
35.0	259.9801439861768
35.04	245.4152198898015
35.08	230.9726753132992
35.12	217.9121892198251
35.16000000000001	204.88350173057745
35.2	193.87354007627175
35.24	184.10276122730568
35.28	176.1453452535544
35.32	171.16506225314754
35.36	168.86695183284166
35.4	168.61180012400666
35.44	169.69895960786414
35.480000000000004	169.9841779869813
35.52	169.94510283509874
35.56	169.9639674543315
35.6	169.72087251316555
35.64	169.22186059212652
35.68	169.1511798831076
35.72	169.15042916916047
35.76	169.1932691206822
35.800000000000004	169.26364289555147
35.84	169.13035120957431
35.88	169.00545648545415
35.92	168.0136879552598
35.96	166.0274891137807
36.0	163.98186912449353
36.04	160.9714273345213
36.08	156.1588825815985
36.12	151.14252251212054
36.16000000000001	146.6790907469939
36.2	142.54595808905208
36.24	138.86748753622862
36.28	136.03407245839537
36.32	134.04375752769567
36.36	133.7703197469633
36.4	134.7868807283479
36.44	137.7954202410407
36.480000000000004	143.06435361532692
36.52	150.22953334881197
36.56	158.97606308271986
36.6	167.95609937506572
36.64	178.97719651507452
36.68	191.09881071799703
36.72	204.20145484945317
36.76	218.01412663164422
36.800000000000004	232.2894150279575
36.84	246.71309950437683
36.88	261.3030580284295
36.92	276.5044521599376
36.96	292.3787372835624
37.0	307.9935101473292
37.04	322.3030163197858
37.08	335.2065593089138
37.12	346.00897832954126
37.16000000000001	353.9962992868933
37.2	359.26546489605573
37.24	361.2431925611621
37.28	361.06053472354404
37.32	359.0455322807651
37.36	355.84565909622745
37.4	350.9306195865719
37.44	343.5646573711714
37.480000000000004	334.5981512212917
37.52	324.2684353071155
37.56	312.0011137271032
37.6	298.8983028178419
37.64	285.24187786284904
37.68	270.2988170519724
37.72	255.00096517547775
37.76	239.27295494200973
37.800000000000004	224.28887473823113
37.84	211.0757810105448
37.88	199.92428800249183
37.92	189.1321669889054
37.96	181.05501769296518
38.0	175.0037906760582
38.04	169.9346855459586
38.08	166.9030156787145
38.12	166.04571101539148
38.16000000000001	166.1457220603644
38.2	167.1750707100067
38.24	168.04300914580847
38.28	168.06687384224563
38.32	168.05032776100836
38.36	168.00015256439167
38.4	168.00756381273015
38.44	168.0620813333427
38.480000000000004	168.06106814661268
38.52	168.02581646874648
38.56	168.02030256730643
38.6	167.92131383169556
38.64	167.17514019145494
38.68	166.92501974593836
38.72	166.07959478468445
38.76	164.97502489414057
38.800000000000004	163.07795668289816
38.84	161.852716765649
38.88	160.19008373810414
38.92	158.9875428589354
38.96	157.24004182069064
39.0	156.09253928069654
39.04	154.764692155832
39.08	153.23997780612615
39.12	152.74710827408933
39.16000000000001	152.90251166362225
39.2	154.9391436478203
39.24	159.19744238620763
39.28	166.5561799161004
39.32	176.04474341108892
39.36	187.68012493286926
39.4	201.22621780802876
39.44	216.47941383235855
39.480000000000004	232.41867417256492
39.52	248.23257361253434
39.56	263.3800874222969
39.6	278.40990496810025
39.64	293.2660846640789
39.68	307.0209151107848
39.72	325.5955858797362
39.76	331.28450441829557
39.800000000000004	340.64585788776947
39.84	348.509401193037
39.88	354.066424280462
39.92	357.5778066270383
39.96	359.13640850748004
40.0	359.08306724839906
40.04	357.95857612661086
40.08	355.9090962391218
40.12	352.28260934220805
40.16000000000001	347.21948266585434
40.2	341.0436088727091
40.24	333.03690250764987
40.28	324.0879186736339
40.32	313.1244484511693
40.36	299.0153462141817
40.4	283.14308323675016
40.44	266.7052422264061
40.480000000000004	239.95734645984533
40.52	232.09606603192708
40.56	215.81784690687994
40.6	202.0981028881198
40.64	190.966732362495
40.68	180.99701559188736
40.72	174.45823095826938
40.76	169.95248075258826
40.800000000000004	168.05432205361228
40.84	168.00688917469972
40.88	168.9534593800089
40.92	169.9919799453038
40.96	170.08142168430243
41.0	170.12972090717187
41.04	169.9414833471111
41.08	170.00606252671025
41.12	170.0549916728661
41.16000000000001	169.93755684677637
41.2	169.9926845664146
41.24	169.17214409873543
41.28	169.11189560682135
41.32	168.20222895552854
41.36	167.01297015501098
41.4	164.8802728498207
41.44	162.21594207645478
41.480000000000004	159.07384103590368
41.52	155.62149513180373
41.56	151.70779613392745
41.6	147.96902669090935
41.64	145.1185902509584
41.68	144.35591432804233
41.72	146.00692874281242
41.76	149.38522285469787
41.800000000000004	154.90871487698848
41.84	162.9173011618974
41.88	173.0721743645778
41.92	184.05995841701053
41.96	196.18614822077063
42.0	210.21516729484244
42.04	226.51039011759588
42.08	243.96906046851393
42.12	261.9019148587298
42.16000000000001	279.7662834847937
42.2	296.55948844521447
42.24	312.5427239570546
42.28	326.7735523236564
42.32	338.8200928740397
42.36	348.3516895478907
42.4	355.7763149912877
42.44	360.72411774031673
42.480000000000004	364.04305193151856
42.52	365.332025942197
42.56	365.7372156150328
42.6	364.9192081352768
42.64	364.3782963133141
42.68	363.05657133492707
42.72	362.02230072735813
42.76	361.0749218034897
42.800000000000004	360.271877534335
42.84	359.47405527261765
42.88	358.1368161003344
42.92	357.1411092503664
42.96	355.1282251241324
43.0	352.1704606985278
43.04	347.1377203087019
43.08	340.48202246796257
43.12	331.11140240281213
43.16000000000001	320.022306689477
43.2	306.98818294913656
43.24	292.0803639322836
43.28	276.8612186753609
43.32	261.71664134243804
43.36	244.95823400116535
43.4	228.15341118225308
43.44	210.92929139313912
43.480000000000004	194.21337093392106
43.52	180.9282327256716
43.56	171.1495877349888
43.6	158.2742090124641
43.64	153.322888197132
43.68	152.4301078727524
43.72	154.87840426057505
43.76	157.10500131176127
43.800000000000004	157.216279122654
43.84	156.69116889940938
43.88	156.26905692044556
43.92	155.79734436529975
43.96	154.92526430915052
44.0	155.0938537168255
44.04	155.34896867929626
44.08	155.09809413820324
44.12	155.05033923471103
44.16000000000001	154.9332774968101
44.2	154.86607075443396
44.24	154.84706082395985
44.28	154.9333756211023
44.32	155.00479510229331
44.36	155.0030734874307
44.4	154.97976558930588
44.44	154.81167970603713
44.480000000000004	154.73634008686702
44.52	154.1613047867794
44.56	154.01284474711326
44.6	153.92664382190958
44.64	153.879600949747
44.68	153.83884450637777
44.72	153.78561659201785
44.76	153.75367985242326
44.800000000000004	153.7341657003825
44.84	153.81907031137723
44.88	153.83468541085801
44.92	153.89139901393298
44.96	153.886961091201
45.0	153.90261565968228
45.04	153.90277881816462
45.08	153.9050657412239
45.12	153.91060286243862
45.16000000000001	153.92405744346877
45.2	153.904945029749
45.24	153.8985522542074
45.28	153.87340972568006
45.32	153.8076458836316
45.36	153.1075256687526
45.4	151.82962309712582
45.44	147.04584601740714
45.480000000000004	136.47211882401427
45.52	123.91659111514048
45.56	113.98183980546321
45.6	109.99093381686328
45.64	103.99082126790165
45.68	102.06059633793177
45.72	104.23740119428578
45.76	109.94507339952327
45.800000000000004	117.13136221608613
45.84	124.89239442686733
45.88	132.02252942295002
45.92	143.06331939793597
45.96	149.8554589550164
46.0	130.50969810428194
46.04	117.0960040717797
46.08	96.16900943206804
46.12	99.65481447471859
46.16000000000001	101.3288926514607
46.2	102.14618874284167
46.24	103.91534932686602
46.28	104.34907690314287
46.32	102.4537292634974
46.36	125.77681099125891
46.4	100.04599236392653
46.44	99.21742864248984
46.480000000000004	95.45508512979211
