hand
t	x
0.0	40.43773416111159
0.04	40.436619963648454
0.08	40.437306951297515
0.12	40.43733595309371
0.16	40.43735273805183
0.2	40.425848476297176
0.24	40.38531094523729
0.28	40.31027433963091
0.32	40.212808055885105
0.36	40.122368799307225
0.4	40.18880680908036
0.44	40.46870026978958
0.48	41.10514188069048
0.52	42.12339698736238
0.56	43.49817706472105
0.6	45.08618102431207
0.64	46.89227828947887
0.68	48.8138959431345
0.72	50.70916550456428
0.76	52.564765211602406
0.8	54.1939937354352
0.84	55.38065172809412
0.88	55.9072845298618
0.92	55.95131792095607
0.96	55.67647122777642
1.0	55.330719735274144
1.04	55.08196825309655
1.08	54.93475079579298
1.12	54.79905287343338
1.16	54.73441681575068
1.2	54.652987183239475
1.24	54.64615729705825
1.28	54.67031376484336
1.32	54.68169568833912
1.36	54.666855713522324
1.4000000000000001	54.661829622726074
1.44	54.684082705690614
1.48	54.73704317083917
1.52	54.798046126726845
1.56	54.89423671057472
1.6	55.062312511971925
1.6400000000000001	55.37978462705131
1.68	55.952366872706634
1.72	56.88247893265577
1.76	58.219917054139444
1.8	60.062529276979745
1.84	62.56405193195074
1.8800000000000003	65.77795917714366
1.92	69.71067587635304
1.96	74.00233746332977
2.0	77.842707023962
2.04	80.74982328265345
2.08	82.69393239943957
2.12	84.08090704321674
2.16	84.7298401731536
2.2	84.75157181959136
2.24	84.47184016070776
2.2800000000000002	83.85693308308485
2.32	83.00723506756549
2.36	82.01379751207817
2.4	80.84782375679065
2.44	79.66447483937814
2.48	78.3856115414476
2.52	77.11801646557005
2.56	75.78472690256336
2.6	74.33097194232907
2.64	72.5739182183907
2.68	70.65765299225477
2.72	68.64338423254758
2.7600000000000007	66.58765817360961
2.8000000000000003	64.51679294943202
2.84	62.45138902721199
2.88	60.34843725520203
2.92	58.29712853043125
2.96	56.41945424372294
3.0	54.93329621411172
3.04	53.978209537857666
3.08	53.60216877669603
3.12	53.5888690275617
3.16	53.607230115494986
3.2	53.60659692900313
3.24	53.62433973233384
3.2800000000000002	53.623545563707836
3.3200000000000003	53.60970788382018
3.36	53.606629327204146
3.4	53.60857663211989
3.44	53.61687087903567
3.48	53.6278169369663
3.52	53.63561854011182
3.56	53.64609312360949
3.6	53.65257649918634
3.64	53.66076138713588
3.68	53.647600410047986
3.72	53.64364579186511
3.7600000000000007	53.72437640169173
3.8000000000000003	53.92277799756391
3.84	54.255941548369066
3.88	54.75356069360599
3.92	55.52299343251636
3.96	56.40113822023636
4.0	57.50688928080781
4.04	58.82244318074487
4.08	60.318725694100465
4.12	62.01075821371481
4.16	63.89281588050335
4.2	66.15624985084212
4.24	69.04899389809611
4.28	72.70909728551845
4.32	76.97683538851153
4.36	81.00094621252143
4.4	83.59161375489131
4.44	85.07101336672397
4.48	85.88634457292827
4.520000000000001	86.02941931704282
4.5600000000000005	85.71899079567496
4.6000000000000005	85.06673480771681
4.64	84.10838101441635
4.68	82.97407580632844
4.72	81.67872272241519
4.76	80.28789920540616
4.8	78.83456578997938
4.84	77.36029394882036
4.88	75.84713808163208
4.92	74.27736030246346
4.96	72.69640280018108
5.0	71.13631324800915
5.04	69.56172292605602
5.08	67.98007703506477
5.12	66.4826554464264
5.16	65.02892342531696
5.2	63.69105637331934
5.24	62.43463775156178
5.28	61.324710421016846
5.32	60.38085194200987
5.36	59.501525241343714
5.4	58.73612618995236
5.44	58.03294821739581
5.48	57.454509286205024
5.520000000000001	57.0346623690902
5.5600000000000005	56.73143582031925
5.6000000000000005	56.594601987925856
5.64	56.60721846353134
5.68	56.710376582521334
5.72	56.821232358622495
5.76	56.852186468229334
5.8	56.8644928546405
5.84	56.85211044926213
5.88	56.8440989212436
5.92	56.846139353717845
5.96	56.84747636091075
6.0	56.84343838514721
6.04	56.84489126542694
6.08	56.84978410188316
6.12	56.86654482821818
6.16	56.988346474165155
6.2	57.199669779905705
6.24	57.55628780206142
6.28	58.14572105659626
6.32	59.07087304087534
6.36	60.349784191530404
6.4	62.03884764475633
6.44	64.25946624793168
6.48	67.14559524374245
6.520000000000001	70.74838499380999
6.5600000000000005	74.61222871289414
6.6000000000000005	77.80569962375905
6.640000000000001	79.89009681479538
6.68	81.34976166931736
6.72	82.30957575490186
6.76	82.73900804782602
6.8	82.7889258986393
6.84	82.57798296301537
6.88	82.17768519345108
6.92	81.6741471383641
6.96	81.10963470756583
7.0	80.3982674077546
7.04	79.55723360365519
7.08	78.60225869953887
7.12	77.47900079671848
7.16	76.17762884784453
7.2	74.74275918138143
7.24	73.23217369304498
7.28	71.64879297270701
7.32	69.97857205975872
7.36	68.23864638584152
7.4	66.43107835456178
7.44	64.56692440466566
7.48	62.8444160838942
7.520000000000001	61.220786623560684
7.5600000000000005	59.718227976056596
7.6000000000000005	58.363932054731066
7.640000000000001	57.145634125507016
7.68	56.204378538800796
7.72	55.613766268143664
7.76	55.33593372054327
7.8	55.30729737461449
7.84	55.40770751369675
7.88	55.51220272413033
7.92	55.57503419669764
7.96	55.61141647248772
8.0	55.62304983072467
8.040000000000001	55.667762146890965
8.08	55.7065809502088
8.120000000000001	55.85438232919165
8.16	56.180306756336506
8.2	56.68495071863414
8.24	57.38393185200172
8.28	58.41126990403025
8.32	59.62942041169411
8.36	61.10201524115065
8.4	62.763575798729505
8.44	64.6044058257111
8.48	66.70886433157145
8.52	69.32620689873627
8.56	72.66589009735644
8.6	76.34080929810546
8.64	79.41510642745406
8.68	81.31799872755188
8.72	82.49612618063536
8.76	83.31861843555004
8.8	83.66570181871602
8.84	83.66783079137862
8.88	83.41619247385839
8.92	82.93704573531615
8.96	82.3602910288025
9.0	81.74484138672037
9.040000000000003	81.11717566296291
9.08	80.38331325214655
9.120000000000001	79.54180470084445
9.16	78.63935179437796
9.200000000000001	77.51038117423803
9.24	76.30780325243302
9.28	74.95092442816508
9.32	73.50841050283498
9.36	71.91331861706392
9.4	70.20212153722444
9.44	68.3986635130143
9.48	66.51646867454404
9.52	64.6240301138835
9.56	62.76504351979632
9.6	61.08991724738554
9.64	59.73851782474283
9.68	58.7431597041616
9.72	58.11468061342909
9.76	57.818592735646334
9.8	57.72008302266903
9.84	57.74862573794519
9.88	57.74122333230255
9.92	57.726556949509074
9.96	57.71323625733966
10.0	57.71276354550923
10.040000000000003	57.70488638290651
10.08	57.6887004158376
10.120000000000001	57.716700744051636
10.16	57.75199952469839
10.200000000000001	57.85649692160723
10.24	57.99273441290512
10.28	58.193586191820344
10.32	58.61778993039569
10.36	59.329259793734295
10.4	60.39145354526572
10.44	61.82782090432541
10.48	63.556920207310654
10.52	65.60458169908036
10.56	68.17928029122886
10.6	71.43564889866305
10.64	75.29443500115815
10.68	78.80001176017574
10.72	81.25861750518735
10.76	82.6151503158772
10.8	83.54552763778868
10.84	84.05761181187957
10.88	84.23436114059203
10.92	84.10414182803422
10.96	83.74856794975328
11.0	83.12667549167317
11.040000000000003	82.25270852675617
11.08	81.25082260655459
11.120000000000001	80.16201541278836
11.16	79.08951593722554
11.200000000000001	77.90118747350695
11.24	76.59303275280251
11.28	75.15169713896898
11.32	73.63824937538136
11.36	71.93316713357157
11.4	70.21773010346206
11.44	68.41433739734221
11.48	66.46759550673234
11.52	64.516638810681
11.56	62.539498589827346
11.6	60.632746225561675
11.64	58.846644295586685
11.68	57.24505353263454
11.72	55.848568444237245
11.76	54.703761654283355
11.8	53.947587149711936
11.84	53.5785807513133
11.88	53.46868515570472
11.92	53.47760803276147
11.96	53.59951636784673
12.0	53.64336252213428
12.040000000000003	53.651073721279516
12.08	53.663907312318216
12.120000000000001	53.69360196165154
12.16	53.739281112980194
12.200000000000001	53.78413922004323
12.24	53.916479956660325
12.280000000000001	54.15015473151004
12.32	54.49682597641069
12.36	55.09318034790883
12.4	56.05156608876679
12.44	57.4443958386819
12.48	59.33111828629198
12.52	61.771187675450946
12.56	64.88429168588596
12.6	68.70025170901273
12.64	73.02212114084428
12.68	77.0516156585481
12.72	80.07413151220649
12.76	81.74227362787187
12.8	82.65850240753001
12.84	83.20746612260848
12.88	83.3580222327449
12.92	83.20537782188005
12.96	82.88927643718851
13.0	82.44875171582382
13.040000000000003	81.981343822224
13.08	81.49141484081508
13.120000000000001	80.99477969837753
13.16	80.44508548642803
13.200000000000001	79.85529643324054
13.24	79.18486300077245
13.280000000000001	78.3660072756839
13.32	77.38729338672118
13.36	76.30749407053037
13.4	75.07071292737129
13.44	73.72815543366437
13.48	72.26987953781311
13.52	70.62971523242787
13.56	68.87991243203287
13.6	67.04298236025072
13.64	65.1826715053634
13.68	63.37400098793714
13.72	61.64068177986154
13.76	59.919547585133984
13.8	58.324703720387376
13.84	56.97466658317532
13.88	55.80043443331451
13.92	54.87742470260427
13.96	54.271015618474934
14.0	54.015454393273316
14.040000000000003	54.03985498335062
14.08	54.15378510920557
14.120000000000001	54.219918194313834
14.16	54.3368821432736
14.200000000000001	54.37053062373184
14.24	54.36956153832435
14.280000000000001	54.419398861415345
14.32	54.48862861157966
14.36	54.64364999484212
14.4	54.98055434641867
14.44	55.53559049835293
14.48	56.33558856682579
14.52	57.374364126059234
14.56	58.72470336439751
14.6	60.43115010325839
14.64	62.55114274030778
14.68	65.2233977810501
14.72	68.45438179529368
14.76	72.33883594619766
14.8	76.28688981806366
14.84	79.2757842544254
14.88	81.02504513676185
14.92	81.7907110991602
14.96	82.21591358103714
15.0	82.29346984956537
15.040000000000003	82.08296406132452
15.08	81.63483643149478
15.120000000000001	81.1178982246591
15.16	80.52895766487318
15.200000000000001	79.88851894693686
15.24	79.23557101534142
15.280000000000001	78.5113414040893
15.32	77.69835681477548
15.36	76.76784552894892
15.4	75.72323896967828
15.44	74.53864891757246
15.48	73.18934476859955
15.52	71.69332117112293
15.56	70.06402311361173
15.6	68.41956303817884
15.64	66.71701709429297
15.68	65.04611955825261
15.72	63.39057148143908
15.76	61.81748563642991
15.8	60.3496531247272
15.84	59.004907048799566
15.88	57.73046966163332
15.92	56.70296878630228
15.96	55.81908241250828
16.0	55.12812221171896
16.04	54.67302202152385
16.080000000000002	54.49882197579754
16.12	54.49546177668506
16.16	54.62810508978575
16.2	54.80606590892201
16.240000000000002	54.948621175697866
16.28	55.08454347347504
16.32	55.19925648631326
16.36	55.25115958131798
16.4	55.37389306463774
16.44	55.525264953618205
16.48	55.707148177187136
16.52	55.98656050211328
16.56	56.43874587035867
16.6	57.14558866883361
16.64	58.15572528668453
16.68	59.64201329023469
16.72	61.67178444372951
16.76	64.44021722637397
16.8	67.91706185597644
16.84	72.02052697701906
16.88	76.04860738014787
16.92	79.21303136576843
16.96	81.26000818970864
17.0	82.1999173617759
17.04	82.76324685781836
17.080000000000005	83.00277226103486
17.12	82.9153331503319
17.16	82.59891463332056
17.2	82.1506359309444
17.240000000000002	81.59687269380045
17.28	81.02332419000741
17.32	80.41455762997242
17.36	79.76775022063968
17.400000000000002	79.08474087774482
17.44	78.32289121158871
17.48	77.4522325881297
17.52	76.45992777151001
17.56	75.31408811838797
17.6	74.11675142905482
17.64	72.82761602700023
17.68	71.47977298382855
17.72	70.11847536901685
17.76	68.73129321067663
17.8	67.3853639272306
17.84	65.98587493645044
17.88	64.5429041870666
17.92	63.15350864353887
17.96	61.79410751421982
18.0	60.38369185194745
18.04	59.018318624183934
18.080000000000005	57.67773401252586
18.12	56.53050434027125
18.16	55.537732306815286
18.2	54.769938858899835
18.240000000000002	54.20385879369357
18.28	53.8108499970774
18.32	53.669854411040745
18.36	53.68112414664323
18.400000000000002	53.748131964553636
18.44	53.75240569278125
18.48	53.84805741043937
18.52	53.964411660323705
18.56	54.068511318983155
18.6	54.22944399369035
18.64	54.5111238789534
18.68	54.93880920309536
18.72	55.60854018555693
18.76	56.76318666782825
18.8	58.35685952830612
18.84	60.52089511039232
18.88	63.21921146942026
18.92	66.50060694360543
18.96	70.1444158168748
19.0	74.15511681610836
19.04	77.93148934241965
19.080000000000005	80.86661258751363
19.12	82.52339501935349
19.16	83.35778998870175
19.2	83.82777268069812
19.240000000000002	83.82997472190394
19.28	83.53905875524309
19.32	83.05001960016739
19.36	82.39701713080342
19.400000000000002	81.6010763167598
19.44	80.75133649583748
19.48	79.86469715295743
19.52	78.9378214692504
19.56	77.91480437036175
19.6	76.75370791908182
19.64	75.4827639800032
19.68	74.0716128123375
19.72	72.5842394052633
19.76	71.03938055125633
19.8	69.43415762586655
19.84	67.84412118325545
19.88	66.19555498289077
19.92	64.47173473518907
19.96	62.85043469840991
20.0	61.156332540216454
20.04	59.584730343052
20.080000000000005	58.05896601214441
20.12	56.705839654396044
20.16	55.53260248922176
20.2	54.474555028982294
20.240000000000002	53.577076315081015
20.28	52.83439808022676
20.32	52.289968013386485
20.36	51.95695679549121
20.400000000000002	51.73901060096692
20.44	51.66601868979913
20.48	51.628884770592336
20.52	51.69482189516556
20.56	51.757980279499264
20.6	51.85208928366592
20.64	51.973235266658136
20.68	52.13702842338867
20.72	52.445408857314476
20.76	52.92847493830753
20.8	53.6881459063962
20.84	54.8062773860654
20.88	56.40356062010106
20.92	58.5677153863456
20.96	61.24671791758365
21.0	64.4518713155913
21.04	68.01690745216997
21.080000000000005	71.8381986612742
21.12	75.6775520685101
21.16	78.95953325974398
21.2	81.20158200066129
21.240000000000002	82.30911412666006
21.28	82.83855141519089
21.32	82.9119545536784
21.36	82.59964506696046
21.400000000000002	82.02575764178049
21.44	81.26718054521416
21.48	80.36848465082117
21.52	79.32733900720974
21.56	78.22611135802316
21.6	77.06232299804272
21.64	75.89737086754413
21.68	74.72091718033586
21.72	73.54227752780199
21.76	72.34101939184448
21.8	71.05847327945716
21.84	69.7981173070935
21.88	68.42809457940632
21.92	66.96187172842055
21.96	65.462688270369
22.0	63.99197850543081
22.04	62.578169910136296
22.080000000000005	61.18900732374631
22.12	59.900619973278964
22.16	58.65943881981768
22.2	57.48437050282027
22.240000000000002	56.51264320165187
22.28	55.64743340754082
22.32	54.964285868876516
22.36	54.47549609996125
22.400000000000002	54.16986586401302
22.44	54.03249278109172
22.48	54.01644974245687
22.52	54.076864510968676
22.56	54.22806531804832
22.6	54.35378074530034
22.64	54.49561317225648
22.68	54.647622906624065
22.72	54.77828866988382
22.76	54.933314018571295
22.8	55.113787710904276
22.84	55.353939422445606
22.88	55.65020678722827
22.92	56.141690882846035
22.96	56.81264835998168
23.0	57.83638346438856
23.04	59.257317046477155
23.080000000000005	61.14211912463783
23.12	63.51694133889116
23.16	66.43026455970225
23.2	69.99605553631784
23.240000000000002	73.92059886061227
23.28	77.64554400408008
23.32	80.58506443660723
23.36	82.34316668523692
23.400000000000002	83.19770944144857
23.44	83.66015573864003
23.48	83.64139482593603
23.52	83.22026660975693
23.56	82.4973957027685
23.6	81.5238670451158
23.64	80.35800737022971
23.68	78.98346590560202
23.72	77.46054259915286
23.76	75.81621329424009
23.8	74.15308966969543
23.84	72.43571946251599
23.88	70.705268061814
23.92	68.92177958313692
23.96	67.14510566908767
24.0	65.37738592121234
24.04	63.684675789214324
24.080000000000005	62.010945421509305
24.12	60.39038916081664
24.16	58.86130476413187
24.2	57.470732790768736
24.240000000000002	56.28560318265281
24.28	55.29799396529286
24.32	54.47051670580025
24.36	53.759534639036744
24.400000000000002	53.19238939428426
24.44	52.830493867111585
24.48	52.63103980183557
24.52	52.54498245828914
24.560000000000002	52.540567040402664
24.6	52.576043039855605
24.64	52.65151397984812
24.68	52.76181501517195
24.72	52.924561422974875
24.76	53.17627170343739
24.8	53.49736479015421
24.84	54.01759980617693
24.88	54.77912646626275
24.92	55.828320588909904
24.96	57.3291900604584
25.0	59.33804128497957
25.04	61.76934526670564
25.080000000000005	64.7149303562558
25.12	68.13527678162957
25.16	71.89765546948298
25.2	75.82241193223409
25.240000000000002	79.24818373571853
25.28	81.8343013930342
25.32	83.29121256986339
25.36	84.10649265859078
25.400000000000002	84.40406613757361
25.44	84.26187298728556
25.48	83.83430769405828
25.52	83.1619669709932
25.560000000000002	82.32149059415269
25.6	81.3412795779933
25.64	80.22926821187397
25.68	78.9693414305756
25.72	77.62962143918398
25.76	76.1720491672173
25.8	74.68411778640176
25.84	73.10916033197984
25.88	71.47679692623467
25.92	69.8746334895714
25.96	68.23214676913328
26.0	66.54341409969946
26.04	64.90116353961444
26.080000000000005	63.25458107892729
26.12	61.576188521087744
26.16	59.853484330746454
26.2	58.224722937168494
26.240000000000002	56.816844639552
26.28	55.7006932618344
26.32	55.07013905964351
26.36	54.82860557990054
26.400000000000002	54.897062778574295
26.44	55.087185078533935
26.48	55.24451028652115
26.52	55.27280113239942
26.560000000000002	55.238805948125645
26.6	55.196862217780364
26.64	55.140373841149355
26.68	55.13867349080236
26.72	55.16537147402586
26.76	55.25103331243474
26.8	55.45349937377756
26.84	55.823624060292445
26.88	56.35817885264528
26.92	57.15738457966695
26.96	58.438821145185216
27.0	60.206246947934474
27.04	62.43896174151995
27.080000000000005	65.21108213712839
27.12	68.58135138042343
27.16	72.45175968132811
27.2	76.07918227505971
27.240000000000002	78.71763669592441
27.28	80.25174184222688
27.32	81.38239133716094
27.36	82.0241621505294
27.400000000000002	82.21396819624961
27.44	82.08442677343601
27.48	81.71412035319283
27.52	81.14979374346326
27.560000000000002	80.4320976463114
27.6	79.59214928482035
27.64	78.63390971551763
27.68	77.49065459232156
27.72	76.22192704282968
27.76	74.75429685421183
27.8	73.13807293272144
27.84	71.44885062152157
27.88	69.61155146601924
27.92	67.66552641556689
27.96	65.68039788597899
28.0	63.67013378082973
28.04	61.70371727179533
28.080000000000005	59.77167321274884
28.12	57.988469654482955
28.16	56.40198453215518
28.2	55.09551660479114
28.240000000000002	54.08651545412573
28.28	53.41463231411015
28.32	53.06687680590528
28.36	52.94305958873525
28.400000000000002	53.03509471449189
28.44	53.15184495013342
28.48	53.1787638505547
28.52	53.16173375307672
28.560000000000002	53.12106433760826
28.6	53.14914219173879
28.64	53.173588554114204
28.68	53.229471582169936
28.72	53.342003198513666
28.76	53.59336751510858
28.8	54.035917902646176
28.84	54.80920364213611
28.88	56.03880604866734
28.92	57.703071029249244
28.96	59.587388268631756
29.0	61.75573703058852
29.04	64.03565201371836
29.080000000000005	66.65328752254712
29.12	69.8130644766604
29.16	73.54813842919062
29.2	77.26478156366879
29.240000000000002	80.0835610798494
29.28	81.65384226569587
29.32	82.485461935005
29.36	82.81583234905091
29.400000000000002	82.80122724740103
29.44	82.52393361442442
29.48	82.04655583578422
29.52	81.33463921328998
29.560000000000002	80.38433437758698
29.6	79.19484705748603
29.64	77.83900059924676
29.68	76.32210409005171
29.72	74.63566347754866
29.76	72.87142422565863
29.8	70.98297037330423
29.84	69.00452987293362
29.88	67.00057149902882
29.92	65.01587603054367
29.96	63.07411709491225
30.0	61.26190047937747
30.04	59.645172834470245
30.080000000000005	58.19391561935187
30.12	57.03961485857127
30.16	56.149274148640956
30.2	55.50845495514913
30.240000000000002	55.15059267919284
30.28	55.016513028797306
30.32	55.09195468934955
30.36	55.15060987948834
30.400000000000002	55.12738265637047
30.44	55.16225171025664
30.48	55.24138385225969
30.52	55.26530666226813
30.560000000000002	55.268222280282174
30.6	55.268240324298986
30.64	55.25616552845078
30.68	55.25985281761076
30.72	55.26944502117897
30.76	55.33054008824227
30.8	55.55201444494338
30.84	55.861967675001765
30.88	56.43468493016424
30.92	57.22426136609006
30.96	58.398056673466314
31.0	59.8613868232503
31.04	61.748992528053975
31.080000000000005	64.1964224674357
31.12	67.22947014326186
31.16	71.10278133829968
31.2	75.17555475639801
31.240000000000002	78.7397977677683
31.28	81.10981303526304
31.32	82.2960092892207
31.36	83.0350670323629
31.400000000000002	83.28082056627962
31.44	83.10120620509734
31.48	82.61828802070096
31.52	81.86567144565885
31.560000000000002	80.90263482654336
31.6	79.69100878668665
31.64	78.23165270673724
31.68	76.54543350655219
31.720000000000002	74.61644901895916
31.76	72.58487834364705
31.8	70.49801044212397
31.84	68.47051601558603
31.88	66.53656116167544
31.92	64.6099997013763
31.96	62.8889075964113
32.0	61.2724098095111
32.04	59.84366125637173
32.08	58.568813931331306
32.12	57.52617494426461
32.160000000000004	56.74072661152445
32.2	56.32201747405925
32.24	56.29386417270571
32.28	56.462086116363736
32.32	56.601955188160076
32.36	56.59933630156435
32.4	56.47549249907479
32.44	56.34720755175826
32.480000000000004	56.290651048285795
32.52	56.29896653331937
32.56	56.306450664333354
32.6	56.317199803744344
32.64	56.33545808906321
32.68	56.41415505121141
32.72	56.56573285059869
32.76	56.84731475411105
32.8	57.35527588926945
32.84	58.29271679378884
32.88	59.71098960602225
32.92	61.58924350248206
32.96	63.87916341076139
33.0	66.61993538523971
33.04	69.98319494017527
33.08	73.90823242320248
33.12	77.70605863354976
33.16000000000001	80.46539110808614
33.2	82.02729832968843
33.24	83.05647001461602
33.28	83.60892409743597
33.32	83.79756270773679
33.36	83.7137244504514
33.4	83.38291557877068
33.44	82.86143186686444
33.480000000000004	82.22435244274232
33.52	81.4822683888918
33.56	80.62296174100906
33.6	79.61874229904784
33.64	78.43807307068415
33.68	77.07777537233142
33.72	75.55260622432287
33.76	73.87803290450474
33.8	72.10197954940448
33.84	70.21363814759574
33.88	68.28724561186284
33.92	66.26529278432965
33.96	64.22855191118315
34.0	62.204398641556466
34.04	60.26306264954259
34.08	58.47988620922986
34.12	56.94311909550568
34.16000000000001	55.82522325937025
34.2	55.03259320589068
34.24	54.70075284757742
34.28	54.67804166906663
34.32	54.83686940631368
34.36	54.99132324835452
34.4	55.09180241263435
34.44	55.10278576503276
34.480000000000004	55.07043194021645
34.52	55.02004347571267
34.56	54.984306944113825
34.6	54.980021378894136
34.64	54.98083080723053
34.68	54.984727092244356
34.72	55.022296341503036
34.76	55.1109856938985
34.800000000000004	55.25882207219799
34.84	55.549700497795996
34.88	56.07947667930854
34.92	56.95335728006776
34.96	58.385624085387576
35.0	60.65106615612079
35.04	63.89066624773186
35.08	68.18817320813125
35.12	73.17586770444511
35.16000000000001	77.88293311643262
35.2	81.06152966029431
35.24	82.63121976362929
35.28	83.55481948492049
35.32	83.9730871773164
35.36	83.94920961898194
35.4	83.61139237653764
35.44	82.98087234798415
35.480000000000004	82.21042521503144
35.52	81.33965847148205
35.56	80.4300186467337
35.6	79.46344162488768
35.64	78.43806265595857
35.68	77.39728420528954
35.72	76.28444098978375
35.76	75.10083491846531
35.800000000000004	73.93619041611902
35.84	72.73931981242116
35.88	71.57807975089656
35.92	70.48690301375301
35.96	69.31498037360346
36.0	68.12514153414803
36.04	66.85097017854281
36.08	65.523624960171
36.12	64.08082593555024
36.16000000000001	62.60170898451493
36.2	61.136183358097526
36.24	59.66451347289657
36.28	58.2113269342249
36.32	56.876484851178574
36.36	55.590119703888334
36.4	54.44083995212817
36.44	53.38516765322241
36.480000000000004	52.56112275161276
36.52	51.8639021611787
36.56	51.316563886829485
36.6	50.89672060279024
36.64	50.60981420540921
36.68	50.433232554247866
36.72	50.411798281700925
36.76	50.48229657608735
36.800000000000004	50.58692495730206
36.84	50.63451315011508
36.88	50.60803225454343
36.92	50.44396711269458
36.96	50.07792355544328
37.0	49.51899072211272
37.04	48.6982216255779
37.08	47.67713202384995
37.12	46.52610781079318
37.16000000000001	45.31589961155795
37.2	44.154055678077725
37.24	43.126709466300525
37.28	42.196039681479206
37.32	41.38356731742002
37.36	40.67856017950601
37.4	40.062913946548136
37.44	39.582582915345725
37.480000000000004	39.214341729272746
37.52	39.04462914635788
37.56	39.2186426578439
37.6	39.54646592299824
37.64	40.0157808907565
37.68	40.16808614071316
37.72	40.20005099358943
37.76	40.29770149221096
37.800000000000004	40.35515097779876
37.84	40.372341676137154
37.88	40.363580028736266
