led_handled
t	x	y
0.000000000E0	4.559952414E1	1.371825333E1
4.000000000E-2	4.558426984E1	1.372985434E1
8.000000000E-2	4.557059931E1	1.376567835E1
1.200000000E-1	4.554809438E1	1.373660059E1
1.600000000E-1	4.547330661E1	1.382168366E1
2.000000000E-1	4.550193291E1	1.391179426E1
2.400000000E-1	4.556585941E1	1.392008485E1
2.800000000E-1	4.559317924E1	1.387159076E1
3.200000000E-1	4.561714648E1	1.381493922E1
3.600000000E-1	4.575780968E1	1.369349693E1
4.000000000E-1	4.577221155E1	1.356886049E1
4.400000000E-1	4.571232237E1	1.355488687E1
4.800000000E-1	4.563954626E1	1.360914538E1
5.200000000E-1	4.569301374E1	1.367274422E1
5.600000000E-1	4.576125135E1	1.372183916E1
6.000000000E-1	4.587129087E1	1.371862947E1
6.400000000E-1	4.588608025E1	1.371575645E1
6.800000000E-1	4.589326180E1	1.371440162E1
7.200000000E-1	4.590036182E1	1.371754551E1
7.600000000E-1	4.592034431E1	1.373668129E1
8.000000000E-1	4.597650650E1	1.375190566E1
8.400000000E-1	4.595414834E1	1.372355222E1
8.800000000E-1	4.590142878E1	1.370494795E1
9.200000000E-1	4.588457537E1	1.370713861E1
9.600000000E-1	4.588362617E1	1.370948474E1
1.000000000E0	4.587780351E1	1.370406998E1
1.040000000E0	4.587649762E1	1.370895561E1
1.080000000E0	4.587292960E1	1.371150333E1
1.120000000E0	4.589196099E1	1.371787791E1
1.160000000E0	4.589817373E1	1.372128052E1
1.200000000E0	4.590756949E1	1.374731356E1
1.240000000E0	4.591600960E1	1.385765151E1
1.280000000E0	4.594814533E1	1.394154490E1
1.320000000E0	4.593251223E1	1.395423504E1
1.360000000E0	4.595566140E1	1.392594444E1
1.400000000E0	4.593736792E1	1.387870338E1
1.440000000E0	4.592948227E1	1.386677013E1
1.480000000E0	4.592901287E1	1.386763101E1
1.520000000E0	4.596376644E1	1.388702445E1
1.560000000E0	4.601124237E1	1.387964252E1
1.600000000E0	4.602430195E1	1.387054297E1
1.640000000E0	4.603020416E1	1.386149086E1
1.680000000E0	4.601474253E1	1.386544718E1
1.720000000E0	4.603260213E1	1.388566391E1
1.760000000E0	4.603003506E1	1.390774522E1
1.800000000E0	4.602110011E1	1.390704477E1
1.840000000E0	4.593406613E1	1.389007177E1
1.880000000E0	4.585566547E1	1.387049843E1
1.920000000E0	4.572306728E1	1.385458853E1
1.960000000E0	4.559711931E1	1.385725096E1
2.000000000E0	4.559710807E1	1.386971667E1
2.040000000E0	4.563139251E1	1.389184659E1
2.080000000E0	4.571067006E1	1.390132709E1
2.120000000E0	4.572657836E1	1.388473217E1
2.160000000E0	4.572551317E1	1.387361104E1
2.200000000E0	4.567212534E1	1.387072886E1
2.240000000E0	4.561062796E1	1.386564587E1
2.280000000E0	4.560203590E1	1.386806492E1
2.320000000E0	4.559936958E1	1.386654760E1
2.360000000E0	4.559081075E1	1.386084172E1
2.400000000E0	4.557689723E1	1.385149088E1
2.440000000E0	4.554767978E1	1.383322470E1
2.480000000E0	4.556766261E1	1.384521701E1
2.520000000E0	4.558439089E1	1.385712198E1
2.560000000E0	4.559162973E1	1.386301939E1
2.600000000E0	4.559374197E1	1.386991857E1
2.640000000E0	4.559842949E1	1.387252949E1
2.680000000E0	4.566774304E1	1.407518939E1
2.720000000E0	4.595123766E1	1.434842750E1
2.760000000E0	4.647183772E1	1.474324969E1
2.800000000E0	4.740110317E1	1.536702951E1
2.840000000E0	4.874826883E1	1.599927708E1
2.880000000E0	5.047515660E1	1.656337727E1
2.920000000E0	5.256339188E1	1.687972406E1
2.960000000E0	5.490249152E1	1.692445075E1
3.000000000E0	5.735513443E1	1.676597623E1
3.040000000E0	5.985436841E1	1.646972495E1
3.080000000E0	6.212912186E1	1.600999935E1
3.120000000E0	6.407027183E1	1.551166595E1
3.160000000E0	6.562889107E1	1.501652350E1
3.200000000E0	6.688373914E1	1.465503913E1
3.240000000E0	6.774579877E1	1.452139628E1
3.280000000E0	6.840557539E1	1.463791309E1
3.320000000E0	6.885328411E1	1.492027126E1
3.360000000E0	6.915951679E1	1.510064090E1
3.400000000E0	6.934480890E1	1.523228179E1
3.440000000E0	6.942704423E1	1.532628572E1
3.480000000E0	6.946131958E1	1.535027992E1
3.520000000E0	6.941463455E1	1.530483881E1
3.560000000E0	6.926173346E1	1.520308087E1
3.600000000E0	6.896402430E1	1.526613806E1
3.640000000E0	6.850630616E1	1.562180629E1
3.680000000E0	6.776116197E1	1.611311167E1
3.720000000E0	6.664358478E1	1.659021459E1
3.760000000E0	6.516386598E1	1.708994728E1
3.800000000E0	6.346780911E1	1.759682189E1
3.840000000E0	6.154291471E1	1.784182182E1
3.880000000E0	5.939231005E1	1.792159651E1
3.920000000E0	5.716944015E1	1.790590383E1
3.960000000E0	5.492742317E1	1.776696165E1
4.000000000E0	5.269736570E1	1.749950793E1
4.040000000E0	5.065044040E1	1.720735494E1
4.080000000E0	4.888227489E1	1.681370831E1
4.120000000E0	4.722537156E1	1.638020770E1
4.160000000E0	4.594914976E1	1.595035828E1
4.200000000E0	4.489824840E1	1.562003543E1
4.240000000E0	4.408789717E1	1.535698763E1
4.280000000E0	4.353656433E1	1.504958011E1
4.320000000E0	4.320795623E1	1.477063804E1
4.360000000E0	4.308071889E1	1.445744745E1
4.400000000E0	4.309607729E1	1.416154581E1
4.440000000E0	4.318006836E1	1.384878639E1
4.480000000E0	4.321621185E1	1.371639803E1
4.520000000E0	4.322151336E1	1.372351847E1
4.560000000E0	4.324836379E1	1.373056462E1
4.600000000E0	4.325893807E1	1.373497730E1
4.640000000E0	4.327748922E1	1.372333587E1
4.680000000E0	4.332717806E1	1.379522975E1
4.720000000E0	4.350165870E1	1.401859888E1
4.760000000E0	4.408024222E1	1.448731814E1
4.800000000E0	4.515606831E1	1.519037441E1
4.840000000E0	4.682066699E1	1.580962372E1
4.880000000E0	4.891363744E1	1.631558978E1
4.920000000E0	5.144193119E1	1.673225651E1
4.960000000E0	5.413105006E1	1.703835744E1
5.000000000E0	5.695094248E1	1.718050806E1
5.040000000E0	5.965437532E1	1.718886839E1
5.080000000E0	6.211401954E1	1.717112535E1
5.120000000E0	6.425113244E1	1.712945577E1
5.160000000E0	6.605544607E1	1.704339412E1
5.200000000E0	6.747801349E1	1.689746670E1
5.240000000E0	6.846695048E1	1.664154335E1
5.280000000E0	6.916313003E1	1.641277708E1
5.320000000E0	6.957945843E1	1.623915756E1
5.360000000E0	6.988412103E1	1.609917763E1
5.400000000E0	7.003569405E1	1.610580798E1
5.440000000E0	7.004750365E1	1.612130064E1
5.480000000E0	7.002204681E1	1.606890616E1
5.520000000E0	6.995261026E1	1.597141035E1
5.560000000E0	6.985236536E1	1.591092549E1
5.600000000E0	6.959544104E1	1.596021490E1
5.640000000E0	6.925090740E1	1.624151862E1
5.680000000E0	6.864048343E1	1.673351533E1
5.720000000E0	6.774369149E1	1.753996282E1
5.760000000E0	6.641205856E1	1.836772907E1
5.800000000E0	6.472642976E1	1.904362697E1
5.840000000E0	6.275435005E1	1.960886126E1
5.880000000E0	6.057258013E1	1.993746046E1
5.920000000E0	5.834046410E1	1.999167881E1
5.960000000E0	5.610718139E1	1.992251066E1
6.000000000E0	5.391653877E1	1.965987454E1
6.040000000E0	5.185472065E1	1.917755331E1
6.080000000E0	4.999326935E1	1.852436982E1
6.120000000E0	4.823287190E1	1.778918669E1
6.160000000E0	4.667657059E1	1.699433704E1
6.200000000E0	4.532311631E1	1.626233576E1
6.240000000E0	4.433545488E1	1.556600139E1
6.280000000E0	4.374867203E1	1.505236741E1
6.320000000E0	4.346221971E1	1.457482361E1
6.360000000E0	4.338688719E1	1.402045567E1
6.400000000E0	4.336413689E1	1.364644235E1
6.440000000E0	4.335348960E1	1.369491967E1
6.480000000E0	4.335883253E1	1.371548006E1
6.520000000E0	4.338595571E1	1.368928596E1
6.560000000E0	4.337600863E1	1.369293828E1
6.600000000E0	4.336497979E1	1.365433828E1
6.640000000E0	4.332675281E1	1.369000011E1
6.680000000E0	4.324656454E1	1.372416878E1
6.720000000E0	4.320770619E1	1.381519437E1
6.760000000E0	4.332141872E1	1.414052130E1
6.800000000E0	4.368870184E1	1.472770077E1
6.840000000E0	4.447246537E1	1.544851022E1
6.880000000E0	4.572060497E1	1.630194281E1
6.920000000E0	4.747601003E1	1.708240673E1
6.960000000E0	4.961045817E1	1.766734208E1
7.000000000E0	5.205771518E1	1.808155806E1
7.040000000E0	5.471417609E1	1.833478399E1
7.080000000E0	5.737386131E1	1.824599959E1
7.120000000E0	5.993763838E1	1.801972389E1
7.160000000E0	6.232432714E1	1.766639053E1
7.200000000E0	6.440066571E1	1.712823970E1
7.240000000E0	6.616424774E1	1.657281423E1
7.280000000E0	6.752622998E1	1.609927025E1
7.320000000E0	6.841345359E1	1.562078854E1
7.360000000E0	6.896351808E1	1.533672666E1
7.400000000E0	6.925447723E1	1.531741093E1
7.440000000E0	6.940393540E1	1.535697135E1
7.480000000E0	6.943629130E1	1.542280294E1
7.520000000E0	6.941845814E1	1.551448865E1
7.560000000E0	6.940420091E1	1.551232820E1
7.600000000E0	6.937268375E1	1.548085629E1
7.640000000E0	6.928506131E1	1.551958168E1
7.680000000E0	6.912145778E1	1.567411410E1
7.720000000E0	6.871579097E1	1.610697692E1
7.760000000E0	6.804187569E1	1.668824448E1
7.800000000E0	6.701041976E1	1.744986029E1
7.840000000E0	6.557027981E1	1.824536160E1
7.880000000E0	6.376001427E1	1.883015550E1
7.920000000E0	6.165325668E1	1.946300031E1
7.960000000E0	5.927821449E1	1.992496447E1
8.000000000E0	5.707388760E1	2.013910675E1
8.040000000E0	5.487638008E1	2.025932899E1
8.080000000E0	5.271561204E1	2.014604277E1
8.120000000E0	5.070023350E1	1.964454435E1
8.160000000E0	4.891615157E1	1.908141967E1
8.200000000E0	4.747135472E1	1.832718563E1
8.240000000E0	4.635078800E1	1.731639326E1
8.280000000E0	4.551124096E1	1.621230173E1
8.320000000E0	4.496421633E1	1.526949867E1
8.360000000E0	4.463674074E1	1.448251035E1
8.400000000E0	4.450446089E1	1.394686270E1
8.440000000E0	4.438983708E1	1.359818712E1
8.480000000E0	4.424556840E1	1.333190017E1
8.520000000E0	4.409582014E1	1.326912546E1
8.560000000E0	4.396134702E1	1.327021014E1
8.600000000E0	4.384837099E1	1.323366116E1
8.640000000E0	4.380811323E1	1.315964512E1
8.680000000E0	4.381054072E1	1.312285654E1
8.720000000E0	4.387071949E1	1.311543312E1
8.760000000E0	4.395629058E1	1.312386285E1
8.800000000E0	4.410441872E1	1.326820885E1
8.840000000E0	4.453975397E1	1.363543359E1
8.880000000E0	4.540458255E1	1.432330939E1
8.920000000E0	4.671741725E1	1.521249074E1
8.960000000E0	4.852590280E1	1.612527751E1
9.000000000E0	5.084669056E1	1.677978930E1
9.040000000E0	5.356544277E1	1.706856575E1
9.080000000E0	5.639895378E1	1.702708420E1
9.120000000E0	5.912147468E1	1.691308683E1
9.160000000E0	6.164269424E1	1.688575160E1
9.200000000E0	6.378555014E1	1.676244938E1
9.240000000E0	6.557107026E1	1.674166869E1
9.280000000E0	6.703556503E1	1.669283459E1
9.320000000E0	6.815491177E1	1.651686221E1
9.360000000E0	6.898522975E1	1.625786940E1
9.400000000E0	6.948928808E1	1.595317050E1
9.440000000E0	6.976457928E1	1.564171896E1
9.480000000E0	6.992676255E1	1.556800330E1
9.520000000E0	7.000727658E1	1.547718248E1
9.560000000E0	7.001993481E1	1.555036096E1
9.600000000E0	6.995080328E1	1.564033441E1
9.640000000E0	6.979850948E1	1.566758697E1
9.680000000E0	6.955554288E1	1.592683392E1
9.720000000E0	6.902907686E1	1.623940384E1
9.760000000E0	6.829860156E1	1.656648639E1
9.800000000E0	6.735995586E1	1.701314707E1
9.840000000E0	6.613781490E1	1.705876760E1
9.880000000E0	6.466101297E1	1.705492382E1
9.920000000E0	6.296116550E1	1.714026706E1
9.960000000E0	6.113993579E1	1.730567646E1
1.000000000E1	5.903217818E1	1.763722753E1
1.004000000E1	5.682326013E1	1.786400312E1
1.008000000E1	5.467505923E1	1.792771569E1
1.012000000E1	5.259570030E1	1.786993401E1
1.016000000E1	5.068167063E1	1.772417579E1
1.020000000E1	4.890084107E1	1.728662988E1
1.024000000E1	4.729488533E1	1.664908249E1
1.028000000E1	4.586544001E1	1.582109230E1
1.032000000E1	4.468704663E1	1.492838416E1
1.036000000E1	4.367277239E1	1.411896369E1
1.040000000E1	4.291130936E1	1.341811052E1
1.044000000E1	4.246387551E1	1.281361078E1
1.048000000E1	4.216321442E1	1.236552287E1
1.052000000E1	4.199663236E1	1.227316138E1
1.056000000E1	4.195533356E1	1.227335503E1
1.060000000E1	4.196802773E1	1.225338156E1
1.064000000E1	4.194975130E1	1.232658861E1
1.068000000E1	4.197803383E1	1.243278206E1
1.072000000E1	4.195557467E1	1.246648133E1
1.076000000E1	4.199958425E1	1.253331562E1
1.080000000E1	4.204451379E1	1.266867109E1
1.084000000E1	4.225347151E1	1.283878940E1
1.088000000E1	4.262402788E1	1.326936892E1
1.092000000E1	4.334519190E1	1.388535632E1
1.096000000E1	4.449988803E1	1.467422658E1
1.100000000E1	4.608600778E1	1.553789138E1
1.104000000E1	4.821700213E1	1.624189490E1
1.108000000E1	5.065058789E1	1.676852048E1
1.112000000E1	5.342853808E1	1.709261488E1
1.116000000E1	5.627614110E1	1.723117842E1
1.120000000E1	5.898806806E1	1.702233338E1
1.124000000E1	6.150108342E1	1.659658444E1
1.128000000E1	6.369227760E1	1.632363674E1
1.132000000E1	6.543599914E1	1.614037571E1
1.136000000E1	6.677430289E1	1.598328708E1
1.140000000E1	6.779623372E1	1.590625278E1
1.144000000E1	6.849073826E1	1.572700091E1
1.148000000E1	6.892416653E1	1.536426737E1
1.152000000E1	6.916769164E1	1.510895137E1
1.156000000E1	6.925668391E1	1.493339294E1
1.160000000E1	6.925873340E1	1.479180536E1
1.164000000E1	6.922432042E1	1.489006784E1
1.168000000E1	6.914227315E1	1.494953786E1
1.172000000E1	6.899884868E1	1.506952778E1
1.176000000E1	6.876768439E1	1.535512878E1
1.180000000E1	6.828679814E1	1.577046895E1
1.184000000E1	6.753290327E1	1.626561122E1
1.188000000E1	6.654866685E1	1.674383264E1
1.192000000E1	6.525895978E1	1.737117711E1
1.196000000E1	6.372081717E1	1.791506351E1
1.200000000E1	6.207654657E1	1.838509423E1
1.204000000E1	6.017869905E1	1.893144847E1
1.208000000E1	5.815994676E1	1.937758124E1
1.212000000E1	5.617405051E1	1.983793145E1
1.216000000E1	5.417534153E1	2.035854939E1
1.220000000E1	5.222619866E1	2.077526316E1
1.224000000E1	5.046030457E1	2.086783737E1
1.228000000E1	4.880048339E1	2.068159227E1
1.232000000E1	4.729222394E1	2.019855636E1
1.236000000E1	4.607363757E1	1.937390770E1
1.240000000E1	4.500518680E1	1.848047052E1
1.244000000E1	4.411397897E1	1.743176180E1
1.248000000E1	4.353525750E1	1.627675018E1
1.252000000E1	4.308152134E1	1.533996267E1
1.256000000E1	4.286330361E1	1.458637095E1
1.260000000E1	4.277799216E1	1.400755879E1
1.264000000E1	4.272778595E1	1.356518354E1
1.268000000E1	4.274799146E1	1.329019721E1
1.272000000E1	4.275996711E1	1.331429542E1
1.276000000E1	4.277663993E1	1.340425752E1
1.280000000E1	4.288953723E1	1.343508027E1
1.284000000E1	4.313553556E1	1.374517450E1
1.288000000E1	4.360289312E1	1.446677691E1
1.292000000E1	4.446175463E1	1.537523944E1
1.296000000E1	4.580679626E1	1.628721303E1
1.300000000E1	4.777312981E1	1.715099764E1
1.304000000E1	5.011283345E1	1.777131466E1
1.308000000E1	5.279751204E1	1.815069349E1
1.312000000E1	5.564162120E1	1.822166760E1
1.316000000E1	5.850757058E1	1.801902883E1
1.320000000E1	6.130018370E1	1.754364537E1
1.324000000E1	6.375175032E1	1.699595877E1
1.328000000E1	6.572008394E1	1.634657896E1
1.332000000E1	6.717510149E1	1.580683133E1
1.336000000E1	6.813713212E1	1.537714549E1
1.340000000E1	6.868511364E1	1.506920164E1
1.344000000E1	6.899384971E1	1.490243882E1
1.348000000E1	6.913259296E1	1.483368888E1
1.352000000E1	6.916034162E1	1.481670222E1
1.356000000E1	6.914228595E1	1.483070676E1
1.360000000E1	6.912474655E1	1.479260752E1
1.364000000E1	6.911061377E1	1.476374489E1
1.368000000E1	6.899010771E1	1.478359124E1
1.372000000E1	6.883586049E1	1.492879851E1
1.376000000E1	6.855662258E1	1.529929791E1
1.380000000E1	6.814495417E1	1.580166002E1
1.384000000E1	6.748942198E1	1.638720753E1
1.388000000E1	6.663454827E1	1.710612427E1
1.392000000E1	6.549077179E1	1.794276687E1
1.396000000E1	6.403823784E1	1.866436283E1
1.400000000E1	6.242323921E1	1.924418435E1
1.404000000E1	6.073321596E1	1.964134274E1
1.408000000E1	5.889077999E1	1.979753766E1
1.412000000E1	5.699177444E1	1.969340372E1
1.416000000E1	5.507471993E1	1.936596780E1
1.420000000E1	5.313625870E1	1.869685244E1
1.424000000E1	5.136451120E1	1.788938406E1
1.428000000E1	4.969390444E1	1.700789569E1
1.432000000E1	4.823204681E1	1.610337575E1
1.436000000E1	4.695862926E1	1.513750594E1
1.440000000E1	4.597604580E1	1.438817371E1
1.444000000E1	4.529702970E1	1.374695339E1
1.448000000E1	4.488393986E1	1.354703355E1
1.452000000E1	4.481594360E1	1.356984046E1
1.456000000E1	4.486321783E1	1.352576015E1
1.460000000E1	4.498482800E1	1.343771118E1
1.464000000E1	4.510581548E1	1.342042989E1
1.468000000E1	4.513854403E1	1.341931234E1
1.472000000E1	4.514417383E1	1.344840687E1
1.476000000E1	4.520167184E1	1.364140210E1
1.480000000E1	4.556929004E1	1.398028261E1
1.484000000E1	4.632144596E1	1.472871335E1
1.488000000E1	4.749849631E1	1.571851318E1
1.492000000E1	4.920283256E1	1.673678056E1
1.496000000E1	5.130303329E1	1.772209496E1
1.500000000E1	5.366391704E1	1.853450947E1
1.504000000E1	5.619272847E1	1.920762816E1
1.508000000E1	5.866715769E1	1.961070149E1
1.512000000E1	6.122463909E1	1.969888370E1
1.516000000E1	6.364069405E1	1.942014643E1
1.520000000E1	6.573298228E1	1.873561334E1
1.524000000E1	6.740862415E1	1.801800648E1
1.528000000E1	6.860948197E1	1.731560607E1
1.532000000E1	6.936366610E1	1.658502713E1
1.536000000E1	6.980725293E1	1.614106661E1
1.540000000E1	7.004067411E1	1.580477146E1
1.544000000E1	7.015047369E1	1.573942370E1
1.548000000E1	7.018510171E1	1.566903576E1
1.552000000E1	7.016736187E1	1.569833350E1
1.556000000E1	7.006126927E1	1.562780969E1
1.560000000E1	6.992145796E1	1.584690231E1
1.564000000E1	6.964348243E1	1.629125312E1
1.568000000E1	6.922941790E1	1.703739823E1
1.572000000E1	6.858011519E1	1.806670507E1
1.576000000E1	6.758966396E1	1.911354986E1
1.580000000E1	6.616016088E1	2.012685117E1
1.584000000E1	6.439804760E1	2.088067453E1
1.588000000E1	6.243074244E1	2.137919301E1
1.592000000E1	6.026581559E1	2.178545042E1
1.596000000E1	5.798231274E1	2.190942507E1
1.600000000E1	5.578369531E1	2.173120923E1
1.604000000E1	5.360727513E1	2.120776033E1
1.608000000E1	5.158748232E1	2.058082910E1
1.612000000E1	4.966587209E1	1.976401030E1
1.616000000E1	4.798924422E1	1.880922507E1
1.620000000E1	4.660618359E1	1.789994026E1
1.624000000E1	4.551116327E1	1.689075840E1
1.628000000E1	4.467840186E1	1.598268156E1
1.632000000E1	4.410729461E1	1.519954406E1
1.636000000E1	4.377538250E1	1.450717941E1
1.640000000E1	4.352721950E1	1.399293692E1
1.644000000E1	4.344652174E1	1.365082753E1
1.648000000E1	4.345427481E1	1.338898506E1
1.652000000E1	4.348163075E1	1.329800528E1
1.656000000E1	4.349107855E1	1.329291644E1
1.660000000E1	4.350502678E1	1.328100676E1
1.664000000E1	4.351094832E1	1.328833817E1
1.668000000E1	4.363351080E1	1.354044027E1
1.672000000E1	4.406022899E1	1.403953949E1
1.676000000E1	4.497052720E1	1.484767233E1
1.680000000E1	4.639291464E1	1.575360930E1
1.684000000E1	4.828111002E1	1.670292259E1
1.688000000E1	5.057759676E1	1.747516561E1
1.692000000E1	5.311346823E1	1.802694393E1
1.696000000E1	5.576209723E1	1.834849166E1
1.700000000E1	5.846698844E1	1.828012453E1
1.704000000E1	6.097596474E1	1.799600980E1
1.708000000E1	6.324607658E1	1.769987709E1
1.712000000E1	6.511225703E1	1.712983622E1
1.716000000E1	6.659416766E1	1.653915918E1
1.720000000E1	6.775742224E1	1.589289865E1
1.724000000E1	6.859263981E1	1.517436548E1
1.728000000E1	6.907578444E1	1.460524307E1
1.732000000E1	6.936675665E1	1.431140301E1
1.736000000E1	6.951749003E1	1.444696592E1
1.740000000E1	6.955964488E1	1.461384703E1
1.744000000E1	6.951306343E1	1.462250678E1
1.748000000E1	6.942068719E1	1.462283536E1
1.752000000E1	6.922803337E1	1.469701814E1
1.756000000E1	6.887243844E1	1.495350602E1
1.760000000E1	6.827459114E1	1.552457861E1
1.764000000E1	6.741044776E1	1.614757707E1
1.768000000E1	6.630918747E1	1.685746903E1
1.772000000E1	6.480257558E1	1.753262779E1
1.776000000E1	6.306371476E1	1.794301769E1
1.780000000E1	6.109682997E1	1.835691173E1
1.784000000E1	5.889743193E1	1.859973802E1
1.788000000E1	5.660708292E1	1.866915402E1
1.792000000E1	5.428171748E1	1.864801750E1
1.796000000E1	5.206825315E1	1.844757540E1
1.800000000E1	4.998389618E1	1.800749925E1
1.804000000E1	4.819304009E1	1.734229968E1
1.808000000E1	4.664575412E1	1.666547016E1
1.812000000E1	4.524778453E1	1.603446026E1
1.816000000E1	4.410538772E1	1.539200411E1
1.820000000E1	4.322114115E1	1.477328520E1
1.824000000E1	4.255856441E1	1.427655334E1
1.828000000E1	4.217874664E1	1.385278357E1
1.832000000E1	4.202382357E1	1.341024050E1
1.836000000E1	4.198867499E1	1.309894180E1
1.840000000E1	4.201259991E1	1.281465385E1
1.844000000E1	4.209162851E1	1.265092195E1
1.848000000E1	4.214158298E1	1.266285433E1
1.852000000E1	4.214722256E1	1.265913850E1
1.856000000E1	4.224424780E1	1.270818033E1
1.860000000E1	4.261267649E1	1.312118585E1
1.864000000E1	4.346002616E1	1.374365948E1
1.868000000E1	4.493078391E1	1.434719251E1
1.872000000E1	4.698229623E1	1.465991428E1
1.876000000E1	4.939113816E1	1.491749981E1
1.880000000E1	5.214051554E1	1.515945405E1
1.884000000E1	5.500757682E1	1.527137276E1
1.888000000E1	5.788945541E1	1.532828145E1
1.892000000E1	6.062129349E1	1.533473797E1
1.896000000E1	6.312918945E1	1.519326276E1
1.900000000E1	6.514507562E1	1.487951602E1
1.904000000E1	6.666299922E1	1.462192657E1
1.908000000E1	6.783297141E1	1.438330796E1
1.912000000E1	6.852256722E1	1.421888481E1
1.916000000E1	6.900446826E1	1.430509167E1
1.920000000E1	6.929332181E1	1.454679202E1
1.924000000E1	6.937696451E1	1.465101344E1
1.928000000E1	6.941046690E1	1.463844143E1
1.932000000E1	6.940698907E1	1.462040809E1
1.936000000E1	6.938430170E1	1.459917908E1
1.940000000E1	6.938511665E1	1.459156579E1
1.944000000E1	6.929361763E1	1.462644205E1
1.948000000E1	6.912620676E1	1.490240831E1
1.952000000E1	6.876327824E1	1.536714439E1
1.956000000E1	6.805682386E1	1.611971642E1
1.960000000E1	6.677643516E1	1.710537583E1
1.964000000E1	6.507574048E1	1.814899753E1
1.968000000E1	6.309721492E1	1.888975917E1
1.972000000E1	6.100294919E1	1.931022172E1
1.976000000E1	5.879055043E1	1.947933123E1
1.980000000E1	5.647609005E1	1.949466555E1
1.984000000E1	5.425862669E1	1.937889667E1
1.988000000E1	5.202509673E1	1.905079109E1
1.992000000E1	4.981484721E1	1.861132403E1
1.996000000E1	4.770290363E1	1.808677899E1
2.000000000E1	4.580410714E1	1.742079721E1
2.004000000E1	4.412227109E1	1.670278842E1
2.008000000E1	4.278417442E1	1.599237711E1
2.012000000E1	4.181202939E1	1.530825743E1
2.016000000E1	4.115631587E1	1.462766249E1
2.020000000E1	4.080847814E1	1.394521686E1
2.024000000E1	4.063917063E1	1.340623288E1
2.028000000E1	4.057438211E1	1.305405402E1
2.032000000E1	4.054461953E1	1.286098878E1
2.036000000E1	4.057434152E1	1.283642876E1
2.040000000E1	4.065280395E1	1.286522694E1
2.044000000E1	4.087941055E1	1.312175755E1
2.048000000E1	4.142337446E1	1.349821756E1
2.052000000E1	4.238673046E1	1.412409180E1
2.056000000E1	4.382482368E1	1.476348946E1
2.060000000E1	4.575042753E1	1.528461679E1
2.064000000E1	4.802823301E1	1.575563038E1
2.068000000E1	5.053480480E1	1.624904138E1
2.072000000E1	5.325626906E1	1.664185772E1
2.076000000E1	5.598260865E1	1.692433154E1
2.080000000E1	5.863571005E1	1.709025805E1
2.084000000E1	6.117945237E1	1.695436055E1
2.088000000E1	6.341922911E1	1.672810986E1
2.092000000E1	6.536115246E1	1.629566923E1
2.096000000E1	6.686008868E1	1.582921541E1
2.100000000E1	6.793297708E1	1.536359816E1
2.104000000E1	6.861990065E1	1.500042225E1
2.108000000E1	6.907002249E1	1.488155372E1
2.112000000E1	6.931948160E1	1.491492101E1
2.116000000E1	6.939779344E1	1.494928475E1
2.120000000E1	6.943656994E1	1.506041355E1
2.124000000E1	6.944014859E1	1.524337222E1
2.128000000E1	6.944249144E1	1.533405984E1
2.132000000E1	6.935659683E1	1.538958921E1
2.136000000E1	6.907827999E1	1.555948684E1
2.140000000E1	6.852238118E1	1.581496976E1
2.144000000E1	6.758171690E1	1.622889446E1
2.148000000E1	6.632670341E1	1.687183141E1
2.152000000E1	6.474561890E1	1.760790580E1
2.156000000E1	6.270601452E1	1.830979658E1
2.160000000E1	6.029052565E1	1.883612440E1
2.164000000E1	5.777532605E1	1.924286176E1
2.168000000E1	5.526419535E1	1.940475900E1
2.172000000E1	5.290085816E1	1.945016267E1
2.176000000E1	5.070238930E1	1.942443663E1
2.180000000E1	4.873246261E1	1.918647811E1
2.184000000E1	4.718749539E1	1.851495537E1
2.188000000E1	4.587015762E1	1.754857190E1
2.192000000E1	4.474857285E1	1.664796516E1
2.196000000E1	4.386410267E1	1.580038740E1
2.200000000E1	4.315856676E1	1.514760214E1
2.204000000E1	4.276145814E1	1.449319744E1
2.208000000E1	4.266583836E1	1.386743701E1
2.212000000E1	4.261695199E1	1.360758721E1
2.216000000E1	4.260991922E1	1.368194068E1
2.220000000E1	4.263767604E1	1.375902410E1
2.224000000E1	4.273648912E1	1.370526089E1
2.228000000E1	4.275329424E1	1.356802886E1
2.232000000E1	4.273996090E1	1.356476516E1
2.236000000E1	4.283615561E1	1.372577042E1
2.240000000E1	4.319266272E1	1.413856777E1
2.244000000E1	4.385835191E1	1.474515724E1
2.248000000E1	4.494997318E1	1.568198024E1
2.252000000E1	4.659033542E1	1.663627460E1
2.256000000E1	4.870253246E1	1.737271062E1
2.260000000E1	5.112586323E1	1.792548526E1
2.264000000E1	5.363980427E1	1.849345540E1
2.268000000E1	5.594273416E1	1.888260448E1
2.272000000E1	5.817959429E1	1.907455638E1
2.276000000E1	6.037702354E1	1.885436094E1
2.280000000E1	6.236760955E1	1.839798976E1
2.284000000E1	6.416046087E1	1.790742891E1
2.288000000E1	6.564885901E1	1.748675016E1
2.292000000E1	6.685477500E1	1.718266717E1
2.296000000E1	6.779899414E1	1.685027289E1
2.300000000E1	6.849038541E1	1.653497367E1
2.304000000E1	6.895774391E1	1.621447269E1
2.308000000E1	6.924191786E1	1.605770731E1
2.312000000E1	6.943057652E1	1.600961251E1
2.316000000E1	6.955393343E1	1.599117023E1
2.320000000E1	6.960350770E1	1.611238187E1
2.324000000E1	6.959819359E1	1.626288668E1
2.328000000E1	6.945083813E1	1.652102894E1
2.332000000E1	6.918545134E1	1.688178122E1
2.336000000E1	6.865999962E1	1.743957582E1
2.340000000E1	6.773686045E1	1.802370454E1
2.344000000E1	6.652595562E1	1.866263328E1
2.348000000E1	6.509894990E1	1.938341680E1
2.352000000E1	6.340752320E1	1.999300740E1
2.356000000E1	6.139615497E1	2.059165500E1
2.360000000E1	5.904914538E1	2.111045813E1
2.364000000E1	5.665365400E1	2.125328551E1
2.368000000E1	5.433407930E1	2.111815015E1
2.372000000E1	5.212837085E1	2.073644393E1
2.376000000E1	5.017219277E1	2.003943931E1
2.380000000E1	4.844288780E1	1.921321869E1
2.384000000E1	4.695700926E1	1.825493633E1
2.388000000E1	4.581013117E1	1.711952188E1
2.392000000E1	4.485253479E1	1.597741017E1
2.396000000E1	4.422535902E1	1.501787791E1
2.400000000E1	4.370564686E1	1.420698469E1
2.404000000E1	4.337432086E1	1.361866822E1
2.408000000E1	4.321363104E1	1.329978672E1
2.412000000E1	4.320782616E1	1.290497359E1
2.416000000E1	4.323735786E1	1.270916394E1
2.420000000E1	4.332388118E1	1.270511201E1
2.424000000E1	4.338248410E1	1.282816312E1
2.428000000E1	4.356719701E1	1.312719037E1
2.432000000E1	4.405386030E1	1.357875084E1
2.436000000E1	4.498195317E1	1.428654004E1
2.440000000E1	4.636209166E1	1.502925755E1
2.444000000E1	4.829736483E1	1.567613079E1
2.448000000E1	5.069262814E1	1.612877707E1
2.452000000E1	5.334888602E1	1.650275595E1
2.456000000E1	5.618783883E1	1.652945114E1
2.460000000E1	5.882620911E1	1.645448205E1
2.464000000E1	6.121788339E1	1.607365273E1
2.468000000E1	6.338352990E1	1.574487984E1
2.472000000E1	6.517828860E1	1.532578020E1
2.476000000E1	6.662135713E1	1.489400774E1
2.480000000E1	6.765209068E1	1.460775127E1
2.484000000E1	6.836913827E1	1.445686761E1
2.488000000E1	6.881915725E1	1.442121411E1
2.492000000E1	6.911627389E1	1.449000211E1
2.496000000E1	6.926109310E1	1.457040156E1
2.500000000E1	6.926762532E1	1.452335730E1
2.504000000E1	6.928374172E1	1.449789178E1
2.508000000E1	6.928138652E1	1.448123384E1
2.512000000E1	6.927444239E1	1.447451878E1
2.516000000E1	6.918796702E1	1.447389638E1
2.520000000E1	6.895644692E1	1.464314415E1
2.524000000E1	6.846833317E1	1.500070655E1
2.528000000E1	6.764894200E1	1.579226316E1
2.532000000E1	6.633681388E1	1.660726703E1
2.536000000E1	6.459916036E1	1.741382584E1
2.540000000E1	6.262827757E1	1.821522762E1
2.544000000E1	6.036925521E1	1.873296829E1
2.548000000E1	5.800447565E1	1.892913141E1
2.552000000E1	5.553577210E1	1.881944172E1
2.556000000E1	5.310998947E1	1.840362707E1
2.560000000E1	5.082118203E1	1.785376739E1
2.564000000E1	4.862490211E1	1.731060900E1
2.568000000E1	4.677748544E1	1.655697000E1
2.572000000E1	4.519272516E1	1.582878656E1
2.576000000E1	4.394485686E1	1.519892725E1
2.580000000E1	4.309271541E1	1.461120537E1
2.584000000E1	4.259297835E1	1.401687175E1
2.588000000E1	4.235929995E1	1.341913895E1
2.592000000E1	4.230848953E1	1.284943129E1
2.596000000E1	4.226174897E1	1.281867851E1
2.600000000E1	4.229144335E1	1.284166966E1
2.604000000E1	4.231847064E1	1.283802784E1
2.608000000E1	4.242430477E1	1.296749077E1
2.612000000E1	4.261313692E1	1.316042120E1
2.616000000E1	4.305067853E1	1.358121892E1
2.620000000E1	4.380220823E1	1.422064962E1
2.624000000E1	4.500289928E1	1.505541228E1
2.628000000E1	4.669451969E1	1.579601399E1
2.632000000E1	4.884228347E1	1.631654522E1
2.636000000E1	5.125521102E1	1.660336918E1
2.640000000E1	5.388784144E1	1.670748045E1
2.644000000E1	5.656579223E1	1.683853163E1
2.648000000E1	5.913818283E1	1.687211053E1
2.652000000E1	6.155783264E1	1.686045069E1
2.656000000E1	6.372323483E1	1.666198149E1
2.660000000E1	6.556935499E1	1.643964801E1
2.664000000E1	6.699526688E1	1.609822812E1
2.668000000E1	6.806302791E1	1.567688866E1
2.672000000E1	6.879004265E1	1.531527441E1
2.676000000E1	6.923935243E1	1.488870759E1
2.680000000E1	6.947566628E1	1.459546620E1
2.684000000E1	6.955798025E1	1.455006319E1
2.688000000E1	6.958162892E1	1.459341111E1
2.692000000E1	6.957954882E1	1.467012353E1
2.696000000E1	6.949822648E1	1.455813630E1
2.700000000E1	6.943877781E1	1.460450096E1
2.704000000E1	6.930420816E1	1.473813864E1
2.708000000E1	6.900482349E1	1.492382104E1
2.712000000E1	6.849402880E1	1.539071294E1
2.716000000E1	6.759805946E1	1.605741336E1
2.720000000E1	6.635033848E1	1.671325193E1
2.724000000E1	6.476796610E1	1.740855244E1
2.728000000E1	6.283282118E1	1.817177967E1
2.732000000E1	6.051877297E1	1.870050694E1
2.736000000E1	5.812431217E1	1.892865054E1
2.740000000E1	5.567388089E1	1.888373793E1
2.744000000E1	5.329319652E1	1.852506702E1
2.748000000E1	5.106077578E1	1.820030128E1
2.752000000E1	4.902181331E1	1.775770746E1
2.756000000E1	4.730838148E1	1.721896231E1
2.760000000E1	4.589946595E1	1.668261531E1
2.764000000E1	4.474516256E1	1.609123983E1
2.768000000E1	4.383027051E1	1.550759793E1
2.772000000E1	4.324225838E1	1.493709175E1
2.776000000E1	4.288495524E1	1.437149122E1
2.780000000E1	4.271477442E1	1.372623616E1
2.784000000E1	4.260518813E1	1.314911636E1
2.788000000E1	4.248760188E1	1.292277945E1
2.792000000E1	4.244931587E1	1.297419489E1
2.796000000E1	4.245177070E1	1.297425610E1
2.800000000E1	4.247881886E1	1.301545638E1
2.804000000E1	4.258511922E1	1.312392723E1
2.808000000E1	4.281685801E1	1.340586864E1
2.812000000E1	4.335204568E1	1.386362446E1
2.816000000E1	4.422413141E1	1.445464868E1
2.820000000E1	4.542759304E1	1.533874544E1
2.824000000E1	4.705791908E1	1.624369509E1
2.828000000E1	4.914395396E1	1.698200827E1
2.832000000E1	5.148434291E1	1.756172366E1
2.836000000E1	5.392868687E1	1.807199478E1
2.840000000E1	5.651739841E1	1.833566233E1
2.844000000E1	5.907397826E1	1.818407023E1
2.848000000E1	6.143045245E1	1.776024890E1
2.852000000E1	6.344901112E1	1.723206058E1
2.856000000E1	6.510927886E1	1.673416413E1
2.860000000E1	6.641029728E1	1.623005186E1
2.864000000E1	6.743737905E1	1.578509871E1
2.868000000E1	6.813083708E1	1.548705057E1
2.872000000E1	6.853155364E1	1.519726368E1
2.876000000E1	6.877975105E1	1.512707680E1
2.880000000E1	6.894228831E1	1.504145243E1
2.884000000E1	6.901102612E1	1.498167867E1
2.888000000E1	6.899553958E1	1.489738869E1
2.892000000E1	6.898407847E1	1.475548521E1
2.896000000E1	6.897427831E1	1.473504461E1
2.900000000E1	6.898230852E1	1.475591195E1
2.904000000E1	6.896807334E1	1.477989643E1
2.908000000E1	6.888747858E1	1.491278717E1
2.912000000E1	6.867679843E1	1.520325085E1
2.916000000E1	6.822774560E1	1.550683390E1
2.920000000E1	6.742561424E1	1.596736278E1
2.924000000E1	6.639075358E1	1.641118020E1
2.928000000E1	6.490759190E1	1.705397331E1
2.932000000E1	6.283613855E1	1.758725399E1
2.936000000E1	6.058473621E1	1.793854229E1
2.940000000E1	5.809542305E1	1.831773131E1
2.944000000E1	5.551005576E1	1.840478507E1
2.948000000E1	5.299059475E1	1.817536652E1
2.952000000E1	5.058637201E1	1.764623407E1
2.956000000E1	4.845635792E1	1.699675440E1
2.960000000E1	4.652391285E1	1.629832897E1
2.964000000E1	4.485892595E1	1.542848400E1
2.968000000E1	4.353005440E1	1.462245028E1
2.972000000E1	4.258977415E1	1.388345763E1
2.976000000E1	4.198657177E1	1.326908327E1
2.980000000E1	4.169323070E1	1.271510232E1
2.984000000E1	4.158011167E1	1.226357879E1
2.988000000E1	4.158079356E1	1.177641331E1
2.992000000E1	4.156644967E1	1.147730980E1
2.996000000E1	4.155231543E1	1.144106513E1
3.000000000E1	4.157480252E1	1.148204071E1
3.004000000E1	4.157073426E1	1.162787691E1
3.008000000E1	4.157052626E1	1.190711483E1
3.012000000E1	4.170295495E1	1.252958958E1
3.016000000E1	4.206430824E1	1.352953718E1
3.020000000E1	4.294760871E1	1.456780377E1
3.024000000E1	4.439330644E1	1.564703668E1
3.028000000E1	4.634564072E1	1.664552785E1
3.032000000E1	4.879737770E1	1.751140356E1
3.036000000E1	5.166582503E1	1.814887013E1
3.040000000E1	5.478312006E1	1.860925227E1
3.044000000E1	5.801482665E1	1.840962990E1
3.048000000E1	6.091045238E1	1.794417150E1
3.052000000E1	6.336234262E1	1.732459385E1
3.056000000E1	6.530389791E1	1.672534600E1
3.060000000E1	6.667456056E1	1.608490700E1
3.064000000E1	6.758092846E1	1.558211930E1
3.068000000E1	6.811908287E1	1.516692172E1
3.072000000E1	6.835880466E1	1.476050467E1
3.076000000E1	6.841968218E1	1.448768158E1
3.080000000E1	6.844344451E1	1.433407080E1
3.084000000E1	6.847540734E1	1.434804483E1
3.088000000E1	6.849852980E1	1.434082156E1
3.092000000E1	6.849992551E1	1.431554621E1
3.096000000E1	6.850357457E1	1.432018725E1
3.100000000E1	6.850991576E1	1.432125310E1
3.104000000E1	6.850429467E1	1.436635615E1
3.108000000E1	6.834870023E1	1.448056784E1
3.112000000E1	6.794808456E1	1.477925123E1
3.116000000E1	6.731601731E1	1.521025564E1
3.120000000E1	6.628005821E1	1.565524995E1
3.124000000E1	6.500217871E1	1.612344651E1
3.128000000E1	6.319398456E1	1.658448469E1
3.132000000E1	6.099923285E1	1.697032831E1
3.136000000E1	5.858869385E1	1.748026325E1
3.140000000E1	5.607306319E1	1.779222245E1
3.144000000E1	5.381038804E1	1.765937542E1
3.148000000E1	5.173833299E1	1.732801995E1
3.152000000E1	4.982454398E1	1.676893360E1
3.156000000E1	4.812186853E1	1.609893223E1
3.160000000E1	4.663122158E1	1.550310801E1
3.164000000E1	4.546469540E1	1.488738712E1
3.168000000E1	4.454542691E1	1.442916490E1
3.172000000E1	4.390758921E1	1.406038017E1
3.176000000E1	4.354161671E1	1.373076579E1
3.180000000E1	4.336662573E1	1.357147913E1
3.184000000E1	4.336543504E1	1.341602453E1
3.188000000E1	4.337368678E1	1.340633072E1
3.192000000E1	4.338029115E1	1.342218342E1
3.196000000E1	4.338307254E1	1.351453234E1
3.200000000E1	4.347575334E1	1.378528302E1
3.204000000E1	4.371429174E1	1.440392954E1
3.208000000E1	4.441805189E1	1.534512260E1
3.212000000E1	4.567454893E1	1.638362015E1
3.216000000E1	4.757691834E1	1.722294028E1
3.220000000E1	5.003456400E1	1.789475982E1
3.224000000E1	5.284089583E1	1.835121745E1
3.228000000E1	5.583201966E1	1.853819141E1
3.232000000E1	5.884547808E1	1.836089960E1
3.236000000E1	6.164745193E1	1.808576432E1
3.240000000E1	6.406771657E1	1.762121977E1
3.244000000E1	6.597215173E1	1.725453762E1
3.248000000E1	6.737170863E1	1.683399887E1
3.252000000E1	6.826641436E1	1.644896653E1
3.256000000E1	6.881559327E1	1.608174580E1
3.260000000E1	6.909932922E1	1.571010611E1
3.264000000E1	6.921361341E1	1.538980699E1
3.268000000E1	6.923793542E1	1.512540810E1
3.272000000E1	6.922687211E1	1.501954937E1
3.276000000E1	6.923106952E1	1.504416852E1
3.280000000E1	6.921098584E1	1.502160160E1
3.284000000E1	6.918455029E1	1.496243042E1
3.288000000E1	6.909756825E1	1.500647116E1
3.292000000E1	6.883720964E1	1.519844347E1
3.296000000E1	6.836432451E1	1.550534684E1
3.300000000E1	6.762279474E1	1.603584435E1
3.304000000E1	6.654030807E1	1.674193252E1
3.308000000E1	6.494180694E1	1.757923144E1
3.312000000E1	6.293292523E1	1.839639597E1
3.316000000E1	6.060633647E1	1.905731311E1
3.320000000E1	5.823497774E1	1.949270188E1
3.324000000E1	5.589486303E1	1.965321483E1
3.328000000E1	5.368334283E1	1.945589316E1
3.332000000E1	5.169035655E1	1.890448364E1
3.336000000E1	4.982468697E1	1.822875473E1
3.340000000E1	4.815520634E1	1.745091800E1
3.344000000E1	4.670327034E1	1.662269209E1
3.348000000E1	4.557307746E1	1.583954255E1
3.352000000E1	4.482172614E1	1.526158177E1
3.356000000E1	4.431641131E1	1.475378444E1
3.360000000E1	4.394436730E1	1.431261861E1
3.364000000E1	4.367771486E1	1.390943216E1
3.368000000E1	4.350700421E1	1.356026540E1
3.372000000E1	4.344280398E1	1.353116026E1
3.376000000E1	4.349806930E1	1.356196650E1
3.380000000E1	4.360351608E1	1.367450346E1
3.384000000E1	4.392307310E1	1.402647485E1
3.388000000E1	4.444062000E1	1.468442376E1
3.392000000E1	4.524798552E1	1.556858263E1
3.396000000E1	4.651205790E1	1.665581235E1
3.400000000E1	4.822466747E1	1.768176680E1
3.404000000E1	5.051467579E1	1.840967717E1
3.408000000E1	5.312534526E1	1.893151952E1
3.412000000E1	5.591861264E1	1.927722334E1
3.416000000E1	5.877188337E1	1.923933682E1
3.420000000E1	6.136456653E1	1.913450068E1
3.424000000E1	6.373975735E1	1.882564010E1
3.428000000E1	6.571803845E1	1.843133315E1
3.432000000E1	6.725968370E1	1.789742877E1
3.436000000E1	6.851919066E1	1.726550211E1
3.440000000E1	6.943915273E1	1.652510425E1
3.444000000E1	7.000511194E1	1.581767702E1
3.448000000E1	7.032254615E1	1.522776304E1
3.452000000E1	7.041499132E1	1.490381781E1
3.456000000E1	7.043449511E1	1.488963357E1
3.460000000E1	7.043346801E1	1.488524763E1
3.464000000E1	7.043368968E1	1.490463910E1
3.468000000E1	7.038568806E1	1.490823839E1
3.472000000E1	7.031070603E1	1.492405497E1
3.476000000E1	7.011731927E1	1.500011143E1
3.480000000E1	6.972872052E1	1.534596825E1
3.484000000E1	6.897514249E1	1.602833856E1
3.488000000E1	6.765635653E1	1.696576865E1
3.492000000E1	6.594989571E1	1.805870459E1
3.496000000E1	6.374610454E1	1.910452501E1
3.500000000E1	6.114543338E1	1.992838837E1
3.504000000E1	5.829297859E1	2.040620344E1
3.508000000E1	5.546335147E1	2.053468430E1
3.512000000E1	5.271072914E1	2.029852678E1
3.516000000E1	5.015117405E1	1.983901168E1
3.520000000E1	4.791250201E1	1.925724382E1
3.524000000E1	4.591983388E1	1.850674486E1
3.528000000E1	4.425436691E1	1.758686842E1
3.532000000E1	4.289146277E1	1.648776660E1
3.536000000E1	4.192191146E1	1.546131928E1
3.540000000E1	4.122781933E1	1.477445959E1
3.544000000E1	4.089165556E1	1.419277406E1
3.548000000E1	4.069660325E1	1.372642601E1
3.552000000E1	4.056786285E1	1.342686705E1
3.556000000E1	4.058423252E1	1.312175781E1
3.560000000E1	4.059425981E1	1.284645687E1
3.564000000E1	4.063964250E1	1.261670315E1
3.568000000E1	4.066101920E1	1.249769939E1
3.572000000E1	4.065877160E1	1.247701109E1
3.576000000E1	4.071264175E1	1.242140960E1
3.580000000E1	4.077467563E1	1.226018734E1
3.584000000E1	4.081302519E1	1.207769075E1
3.588000000E1	4.081232450E1	1.201049004E1
3.592000000E1	4.081387395E1	1.203638291E1
3.596000000E1	4.082108276E1	1.194865909E1
3.600000000E1	4.081252901E1	1.189979785E1
3.604000000E1	4.082702361E1	1.181712864E1
3.608000000E1	4.082373286E1	1.176398890E1
3.612000000E1	4.084676016E1	1.174194709E1
3.616000000E1	4.091688614E1	1.167178444E1
3.620000000E1	4.093971428E1	1.161656413E1
3.624000000E1	4.095267780E1	1.157009107E1
3.628000000E1	4.096446272E1	1.150106236E1
3.632000000E1	4.096368126E1	1.146048476E1
3.636000000E1	4.096479822E1	1.138515335E1
3.640000000E1	4.094394431E1	1.132221618E1
3.644000000E1	4.091502789E1	1.131504524E1
3.648000000E1	4.093122035E1	1.131699524E1
3.652000000E1	4.093753511E1	1.131190992E1
3.656000000E1	4.094062744E1	1.130737850E1
3.660000000E1	4.093942437E1	1.130369681E1
3.664000000E1	4.093826728E1	1.129679108E1
3.668000000E1	4.094261890E1	1.130282687E1
3.672000000E1	4.094690122E1	1.130992766E1
3.676000000E1	4.094581050E1	1.130618748E1
3.680000000E1	4.094526709E1	1.130321665E1
3.684000000E1	4.094546716E1	1.129805202E1
3.688000000E1	4.094651108E1	1.130006666E1
3.692000000E1	4.094670461E1	1.130498772E1
3.696000000E1	4.094682736E1	1.130806886E1
