hand
t	x	y
0.000000000E0	4.548330059E1	1.213261297E1
4.000000000E-2	4.548145698E1	1.213402734E1
8.000000000E-2	4.548309253E1	1.213551383E1
1.200000000E-1	4.549039856E1	1.213940469E1
1.600000000E-1	4.549065006E1	1.213618006E1
2.000000000E-1	4.548649009E1	1.213394063E1
2.400000000E-1	4.548590919E1	1.213457602E1
2.800000000E-1	4.548388127E1	1.213835724E1
3.200000000E-1	4.548318630E1	1.213556499E1
3.600000000E-1	4.547976528E1	1.213437181E1
4.000000000E-1	4.547990176E1	1.213375109E1
4.400000000E-1	4.548130948E1	1.213348445E1
4.800000000E-1	4.548218403E1	1.213226967E1
5.200000000E-1	4.548254832E1	1.213306517E1
5.600000000E-1	4.548273873E1	1.213291580E1
6.000000000E-1	4.548258986E1	1.213320802E1
6.400000000E-1	4.548241896E1	1.213343480E1
6.800000000E-1	4.548250840E1	1.213338624E1
7.200000000E-1	4.548256525E1	1.213342373E1
7.600000000E-1	4.548299751E1	1.213497048E1
8.000000000E-1	4.548391216E1	1.213527643E1
8.400000000E-1	4.548485040E1	1.213592613E1
8.800000000E-1	4.548573266E1	1.213660263E1
9.200000000E-1	4.548505087E1	1.213732100E1
9.600000000E-1	4.548497499E1	1.213804575E1
1.000000000E0	4.548567581E1	1.213708411E1
1.040000000E0	4.548464189E1	1.213518852E1
1.080000000E0	4.548409121E1	1.213412824E1
1.120000000E0	4.548382486E1	1.213352846E1
1.160000000E0	4.548370028E1	1.213318993E1
1.200000000E0	4.548797332E1	1.213567309E1
1.240000000E0	4.549491188E1	1.213943079E1
1.280000000E0	4.561304940E1	1.213678428E1
1.320000000E0	4.571742098E1	1.228258327E1
1.360000000E0	4.585148800E1	1.255400353E1
1.400000000E0	4.595746598E1	1.288897576E1
1.440000000E0	4.623148927E1	1.332687660E1
1.480000000E0	4.658070803E1	1.361589326E1
1.520000000E0	4.714253351E1	1.378955802E1
1.560000000E0	4.798978459E1	1.390935056E1
1.600000000E0	4.910581411E1	1.377325555E1
1.640000000E0	5.028272520E1	1.375347050E1
1.680000000E0	5.147883503E1	1.376172798E1
1.720000000E0	5.265428969E1	1.375949597E1
1.760000000E0	5.372723975E1	1.380763918E1
1.800000000E0	5.473879117E1	1.391740278E1
1.840000000E0	5.577775848E1	1.392368649E1
1.880000000E0	5.676310843E1	1.393916909E1
1.920000000E0	5.775117632E1	1.394792964E1
1.960000000E0	5.880575923E1	1.395133700E1
2.000000000E0	5.988529293E1	1.396364615E1
2.040000000E0	6.093099722E1	1.396507145E1
2.080000000E0	6.185163937E1	1.394367334E1
2.120000000E0	6.271550519E1	1.393571073E1
2.160000000E0	6.334010278E1	1.393593187E1
2.200000000E0	6.378031483E1	1.392990095E1
2.240000000E0	6.408043223E1	1.393129686E1
2.280000000E0	6.425137950E1	1.392414796E1
2.320000000E0	6.439323200E1	1.392527424E1
2.360000000E0	6.444770470E1	1.393271809E1
2.400000000E0	6.432795892E1	1.393104487E1
2.440000000E0	6.404962780E1	1.398571468E1
2.480000000E0	6.356123214E1	1.410627288E1
2.520000000E0	6.281008503E1	1.436839835E1
2.560000000E0	6.178341768E1	1.470927459E1
2.600000000E0	6.047273267E1	1.513188936E1
2.640000000E0	5.887646745E1	1.542362388E1
2.680000000E0	5.710911223E1	1.556306613E1
2.720000000E0	5.528136287E1	1.564559591E1
2.760000000E0	5.342601639E1	1.543964156E1
2.800000000E0	5.161352275E1	1.529671839E1
2.840000000E0	4.987479937E1	1.503972828E1
2.880000000E0	4.836526504E1	1.468168256E1
2.920000000E0	4.726642662E1	1.436749013E1
2.960000000E0	4.645381588E1	1.408040130E1
3.000000000E0	4.593213121E1	1.378185992E1
3.040000000E0	4.570053078E1	1.348904633E1
3.080000000E0	4.563301003E1	1.313665049E1
3.120000000E0	4.564535838E1	1.272738032E1
3.160000000E0	4.564564373E1	1.258421704E1
3.200000000E0	4.563968536E1	1.257851274E1
3.240000000E0	4.563749928E1	1.257476571E1
3.280000000E0	4.563601758E1	1.258018143E1
3.320000000E0	4.563554519E1	1.258279570E1
3.360000000E0	4.563557809E1	1.258307148E1
3.400000000E0	4.564828818E1	1.259883606E1
3.440000000E0	4.578202163E1	1.272099867E1
3.480000000E0	4.603730246E1	1.288602772E1
3.520000000E0	4.641125944E1	1.315521499E1
3.560000000E0	4.705404352E1	1.346278410E1
3.600000000E0	4.792857310E1	1.378625873E1
3.640000000E0	4.910063601E1	1.392988850E1
3.680000000E0	5.040774761E1	1.383988616E1
3.720000000E0	5.176509644E1	1.357160639E1
3.760000000E0	5.305806112E1	1.352330097E1
3.800000000E0	5.417804697E1	1.355984326E1
3.840000000E0	5.535248388E1	1.354964948E1
3.880000000E0	5.645045817E1	1.350115362E1
3.920000000E0	5.749627402E1	1.356088681E1
3.960000000E0	5.855184725E1	1.364441740E1
4.000000000E0	5.958846786E1	1.367382098E1
4.040000000E0	6.060902119E1	1.366806969E1
4.080000000E0	6.150508374E1	1.368747576E1
4.120000000E0	6.231592750E1	1.366578552E1
4.160000000E0	6.303093115E1	1.366445287E1
4.200000000E0	6.361534848E1	1.367999093E1
4.240000000E0	6.407093668E1	1.366112122E1
4.280000000E0	6.437100395E1	1.366390964E1
4.320000000E0	6.451172948E1	1.364410537E1
4.360000000E0	6.442123583E1	1.365017854E1
4.400000000E0	6.414796736E1	1.368522464E1
4.440000000E0	6.361424347E1	1.389278174E1
4.480000000E0	6.284370242E1	1.425690109E1
4.520000000E0	6.169680876E1	1.483557113E1
4.560000000E0	6.027141624E1	1.538672148E1
4.600000000E0	5.857412188E1	1.591054083E1
4.640000000E0	5.658530205E1	1.630022026E1
4.680000000E0	5.464748796E1	1.646448065E1
4.720000000E0	5.285386761E1	1.640801866E1
4.760000000E0	5.109501483E1	1.617280860E1
4.800000000E0	4.949070461E1	1.572627960E1
4.840000000E0	4.818214105E1	1.524992372E1
4.880000000E0	4.713857802E1	1.483593173E1
4.920000000E0	4.640517104E1	1.444191030E1
4.960000000E0	4.607344275E1	1.392619022E1
5.000000000E0	4.595280205E1	1.348983177E1
5.040000000E0	4.595492214E1	1.303590632E1
5.080000000E0	4.604069428E1	1.271711399E1
5.120000000E0	4.607241212E1	1.267098176E1
5.160000000E0	4.607682996E1	1.267569604E1
5.200000000E0	4.608986489E1	1.272147323E1
5.240000000E0	4.612432272E1	1.274668288E1
5.280000000E0	4.620981226E1	1.274660984E1
5.320000000E0	4.633894735E1	1.274240003E1
5.360000000E0	4.650899191E1	1.284159760E1
5.400000000E0	4.674172694E1	1.301053690E1
5.440000000E0	4.714311694E1	1.317956361E1
5.480000000E0	4.772936378E1	1.336511361E1
5.520000000E0	4.848982163E1	1.349983092E1
5.560000000E0	4.939450514E1	1.349756593E1
5.600000000E0	5.041649346E1	1.341542909E1
5.640000000E0	5.144908744E1	1.342748113E1
5.680000000E0	5.250854333E1	1.348515803E1
5.720000000E0	5.358276876E1	1.350477696E1
5.760000000E0	5.465896455E1	1.358756172E1
5.800000000E0	5.573858052E1	1.370090118E1
5.840000000E0	5.681353187E1	1.372584805E1
5.880000000E0	5.797319244E1	1.376720539E1
5.920000000E0	5.913003709E1	1.380839371E1
5.960000000E0	6.030079888E1	1.384235936E1
6.000000000E0	6.138822509E1	1.380177550E1
6.040000000E0	6.236604261E1	1.380323065E1
6.080000000E0	6.318039410E1	1.378783121E1
6.120000000E0	6.375443184E1	1.378262070E1
6.160000000E0	6.404198294E1	1.378341881E1
6.200000000E0	6.407580753E1	1.380786474E1
6.240000000E0	6.381151740E1	1.391867465E1
6.280000000E0	6.331173738E1	1.408663257E1
6.320000000E0	6.252525938E1	1.442442963E1
6.360000000E0	6.152634208E1	1.491688006E1
6.400000000E0	6.034187072E1	1.546797272E1
6.440000000E0	5.885863067E1	1.601823579E1
6.480000000E0	5.711394655E1	1.642286000E1
6.520000000E0	5.523497641E1	1.662749109E1
6.560000000E0	5.350808926E1	1.693484127E1
6.600000000E0	5.186152509E1	1.707904853E1
6.640000000E0	5.045136037E1	1.684492757E1
6.680000000E0	4.935670896E1	1.647685995E1
6.720000000E0	4.846582214E1	1.605301687E1
6.760000000E0	4.789679623E1	1.556463297E1
6.800000000E0	4.758014062E1	1.502652166E1
6.840000000E0	4.730088161E1	1.451290715E1
6.880000000E0	4.713894779E1	1.392341843E1
6.920000000E0	4.699606430E1	1.348737168E1
6.960000000E0	4.687617028E1	1.316167691E1
7.000000000E0	4.682432701E1	1.289868035E1
7.040000000E0	4.677620251E1	1.287610814E1
7.080000000E0	4.671659792E1	1.285192319E1
7.120000000E0	4.668437724E1	1.272884050E1
7.160000000E0	4.664204542E1	1.270748217E1
7.200000000E0	4.655064657E1	1.270491854E1
7.240000000E0	4.650792491E1	1.266650071E1
7.280000000E0	4.651171392E1	1.266562792E1
7.320000000E0	4.652199130E1	1.268339068E1
7.360000000E0	4.652965371E1	1.271506456E1
7.400000000E0	4.654566647E1	1.273891099E1
7.440000000E0	4.666527088E1	1.275298254E1
7.480000000E0	4.680421391E1	1.281707432E1
7.520000000E0	4.700298040E1	1.297454499E1
7.560000000E0	4.726477959E1	1.307639074E1
7.600000000E0	4.748021573E1	1.323432408E1
7.640000000E0	4.774791175E1	1.332070961E1
7.680000000E0	4.816609882E1	1.334007442E1
7.720000000E0	4.868855003E1	1.340425911E1
7.760000000E0	4.943260908E1	1.344883391E1
7.800000000E0	5.042877788E1	1.353705536E1
7.840000000E0	5.160744452E1	1.360689499E1
7.880000000E0	5.292672750E1	1.362716878E1
7.920000000E0	5.430414779E1	1.363322636E1
7.960000000E0	5.566249780E1	1.366256449E1
8.000000000E0	5.696348750E1	1.374385155E1
8.040000000E0	5.824373569E1	1.385021170E1
8.080000000E0	5.941682319E1	1.392552279E1
8.120000000E0	6.050928951E1	1.396688620E1
8.160000000E0	6.155356053E1	1.402244855E1
8.200000000E0	6.247757008E1	1.407280703E1
8.240000000E0	6.322101311E1	1.408599313E1
8.280000000E0	6.387179615E1	1.410570495E1
8.320000000E0	6.439177650E1	1.412351174E1
8.360000000E0	6.475614867E1	1.413019249E1
8.400000000E0	6.484294197E1	1.409557589E1
8.440000000E0	6.476877312E1	1.411407288E1
8.480000000E0	6.447603148E1	1.426291012E1
8.520000000E0	6.395140390E1	1.453255099E1
8.560000000E0	6.314620209E1	1.497845309E1
8.600000000E0	6.201110732E1	1.550039289E1
8.640000000E0	6.063072491E1	1.602773340E1
8.680000000E0	5.903188677E1	1.660889022E1
8.720000000E0	5.735932108E1	1.666414729E1
8.760000000E0	5.566722453E1	1.654653179E1
8.800000000E0	5.391984315E1	1.647475429E1
8.840000000E0	5.226789444E1	1.607233171E1
8.880000000E0	5.080823617E1	1.555641798E1
8.920000000E0	4.953919785E1	1.513922429E1
8.960000000E0	4.848862943E1	1.477107134E1
9.000000000E0	4.769120854E1	1.440535589E1
9.040000000E0	4.712478181E1	1.401906181E1
9.080000000E0	4.683156774E1	1.367900752E1
9.120000000E0	4.668462772E1	1.319131388E1
9.160000000E0	4.661438849E1	1.282501752E1
9.200000000E0	4.665537114E1	1.273587242E1
9.240000000E0	4.667529184E1	1.262766783E1
9.280000000E0	4.666888007E1	1.257083867E1
9.320000000E0	4.664292802E1	1.254225404E1
9.360000000E0	4.661990085E1	1.252227884E1
9.400000000E0	4.664481494E1	1.248698417E1
9.440000000E0	4.666020347E1	1.243411922E1
9.480000000E0	4.668635808E1	1.243911779E1
9.520000000E0	4.680719689E1	1.245761976E1
9.560000000E0	4.691255210E1	1.254068906E1
9.600000000E0	4.710587462E1	1.269652287E1
9.640000000E0	4.731482096E1	1.287012964E1
9.680000000E0	4.764665326E1	1.303836759E1
9.720000000E0	4.818062413E1	1.319719324E1
9.760000000E0	4.893264861E1	1.332204707E1
9.800000000E0	4.996756648E1	1.336917262E1
9.840000000E0	5.114558029E1	1.346747976E1
9.880000000E0	5.240836038E1	1.355851807E1
9.920000000E0	5.373876734E1	1.365262167E1
9.960000000E0	5.511990676E1	1.376669078E1
1.000000000E1	5.648506974E1	1.383352634E1
1.004000000E1	5.781490343E1	1.391588131E1
1.008000000E1	5.912724848E1	1.398702047E1
1.012000000E1	6.039120494E1	1.396756094E1
1.016000000E1	6.159220007E1	1.394477894E1
1.020000000E1	6.272138266E1	1.394316633E1
1.024000000E1	6.372898301E1	1.394942457E1
1.028000000E1	6.453894833E1	1.393967626E1
1.032000000E1	6.503572006E1	1.395049303E1
1.036000000E1	6.515731658E1	1.396146806E1
1.040000000E1	6.499994544E1	1.409742659E1
1.044000000E1	6.463734284E1	1.430218517E1
1.048000000E1	6.399946944E1	1.464179179E1
1.052000000E1	6.308085099E1	1.513193296E1
1.056000000E1	6.187978915E1	1.571823231E1
1.060000000E1	6.052049632E1	1.626296283E1
1.064000000E1	5.907662858E1	1.675128751E1
1.068000000E1	5.752807891E1	1.700979508E1
1.072000000E1	5.594927303E1	1.708653013E1
1.076000000E1	5.433950871E1	1.707792222E1
1.080000000E1	5.279356622E1	1.684117749E1
1.084000000E1	5.135545997E1	1.649584246E1
1.088000000E1	5.013560705E1	1.619003982E1
1.092000000E1	4.911939512E1	1.588154060E1
1.096000000E1	4.835467800E1	1.551430691E1
1.100000000E1	4.778898608E1	1.501119143E1
1.104000000E1	4.733275273E1	1.453433278E1
1.108000000E1	4.707370802E1	1.409088982E1
1.112000000E1	4.695122544E1	1.377816169E1
1.116000000E1	4.684773277E1	1.346708868E1
1.120000000E1	4.684407776E1	1.309443800E1
1.124000000E1	4.682229993E1	1.285205510E1
1.128000000E1	4.682177113E1	1.273758868E1
1.132000000E1	4.682207938E1	1.260527631E1
1.136000000E1	4.681473464E1	1.257094467E1
1.140000000E1	4.679955976E1	1.253431119E1
1.144000000E1	4.682670504E1	1.249579965E1
1.148000000E1	4.682957427E1	1.244617728E1
1.152000000E1	4.683629094E1	1.244408876E1
1.156000000E1	4.685824899E1	1.245394358E1
1.160000000E1	4.693772879E1	1.246027933E1
1.164000000E1	4.700771746E1	1.257158848E1
1.168000000E1	4.724767765E1	1.272544427E1
1.172000000E1	4.748671058E1	1.287548276E1
1.176000000E1	4.778063182E1	1.293030923E1
1.180000000E1	4.809117730E1	1.300253128E1
1.184000000E1	4.852345609E1	1.304671021E1
1.188000000E1	4.917694214E1	1.304338778E1
1.192000000E1	5.011136843E1	1.306750957E1
1.196000000E1	5.119195841E1	1.311073583E1
1.200000000E1	5.244879185E1	1.315608333E1
1.204000000E1	5.381048168E1	1.318462403E1
1.208000000E1	5.523274056E1	1.321136316E1
1.212000000E1	5.658259944E1	1.329361437E1
1.216000000E1	5.791370954E1	1.340017014E1
1.220000000E1	5.917275344E1	1.347725174E1
1.224000000E1	6.039061319E1	1.345836344E1
1.228000000E1	6.152673557E1	1.347981093E1
1.232000000E1	6.253243896E1	1.348271155E1
1.236000000E1	6.333713449E1	1.348881886E1
1.240000000E1	6.390827970E1	1.347571898E1
1.244000000E1	6.422520982E1	1.347567014E1
1.248000000E1	6.427966581E1	1.348862075E1
1.252000000E1	6.411580351E1	1.362348550E1
1.256000000E1	6.378852972E1	1.374493774E1
1.260000000E1	6.330858645E1	1.378857502E1
1.264000000E1	6.258130632E1	1.408243120E1
1.268000000E1	6.175618456E1	1.455543713E1
1.272000000E1	6.076938399E1	1.503589435E1
1.276000000E1	5.959037860E1	1.559397101E1
1.280000000E1	5.826730833E1	1.611795536E1
1.284000000E1	5.689375681E1	1.646103915E1
1.288000000E1	5.549165019E1	1.671437245E1
1.292000000E1	5.416419265E1	1.681414225E1
1.296000000E1	5.283709290E1	1.685292618E1
1.300000000E1	5.161339422E1	1.687058821E1
1.304000000E1	5.049367949E1	1.672174334E1
1.308000000E1	4.950753093E1	1.645276885E1
1.312000000E1	4.867782780E1	1.606284040E1
1.316000000E1	4.800663079E1	1.551805625E1
1.320000000E1	4.745970851E1	1.497793925E1
1.324000000E1	4.703034148E1	1.438584608E1
1.328000000E1	4.671354840E1	1.383369762E1
1.332000000E1	4.652982902E1	1.339529998E1
1.336000000E1	4.643488610E1	1.293936230E1
1.340000000E1	4.638680585E1	1.272410723E1
1.344000000E1	4.638364857E1	1.266808835E1
1.348000000E1	4.639137903E1	1.259540334E1
1.352000000E1	4.643696787E1	1.258235610E1
1.356000000E1	4.643343584E1	1.259313148E1
1.360000000E1	4.643965742E1	1.262970679E1
1.364000000E1	4.645085265E1	1.265675510E1
1.368000000E1	4.650553530E1	1.263308381E1
1.372000000E1	4.655593530E1	1.268536130E1
1.376000000E1	4.669387400E1	1.276474048E1
1.380000000E1	4.683634318E1	1.285941637E1
1.384000000E1	4.700794781E1	1.288817891E1
1.388000000E1	4.728236918E1	1.288346565E1
1.392000000E1	4.760360682E1	1.291977018E1
1.396000000E1	4.804576094E1	1.294092503E1
1.400000000E1	4.862661069E1	1.292429863E1
1.404000000E1	4.932674347E1	1.291592610E1
1.408000000E1	5.016154870E1	1.293796360E1
1.412000000E1	5.118983331E1	1.291153616E1
1.416000000E1	5.237971106E1	1.290188792E1
1.420000000E1	5.360427398E1	1.289024387E1
1.424000000E1	5.483818164E1	1.297740576E1
1.428000000E1	5.606533596E1	1.302597749E1
1.432000000E1	5.729042141E1	1.305248654E1
1.436000000E1	5.849551460E1	1.314970012E1
1.440000000E1	5.967635071E1	1.318928723E1
1.444000000E1	6.080624793E1	1.321971667E1
1.448000000E1	6.188977721E1	1.326901496E1
1.452000000E1	6.283567895E1	1.329323455E1
1.456000000E1	6.355948470E1	1.331064954E1
1.460000000E1	6.394124802E1	1.334316108E1
1.464000000E1	6.396257438E1	1.338121902E1
1.468000000E1	6.378332858E1	1.360788363E1
1.472000000E1	6.339935904E1	1.390505079E1
1.476000000E1	6.288343818E1	1.422041950E1
1.480000000E1	6.225103630E1	1.455730403E1
1.484000000E1	6.151640719E1	1.501909014E1
1.488000000E1	6.060599266E1	1.560988908E1
1.492000000E1	5.945779611E1	1.622621169E1
1.496000000E1	5.799977945E1	1.679635994E1
1.500000000E1	5.642880594E1	1.708879732E1
1.504000000E1	5.490201390E1	1.721688654E1
1.508000000E1	5.339078481E1	1.724478848E1
1.512000000E1	5.187056231E1	1.709594227E1
1.516000000E1	5.044515001E1	1.679692623E1
1.520000000E1	4.920849399E1	1.645349305E1
1.524000000E1	4.811205187E1	1.598185708E1
1.528000000E1	4.727358617E1	1.551165580E1
1.532000000E1	4.664427660E1	1.507951637E1
1.536000000E1	4.625920707E1	1.462108378E1
1.540000000E1	4.607739683E1	1.420898485E1
1.544000000E1	4.605062786E1	1.377091952E1
1.548000000E1	4.607681186E1	1.340885077E1
1.552000000E1	4.619423879E1	1.307950618E1
1.556000000E1	4.623162285E1	1.283434888E1
1.560000000E1	4.628434383E1	1.255554019E1
1.564000000E1	4.632191161E1	1.230188737E1
1.568000000E1	4.636475172E1	1.226962853E1
1.572000000E1	4.637646310E1	1.224042241E1
1.576000000E1	4.639072399E1	1.226715169E1
1.580000000E1	4.640671707E1	1.229012692E1
1.584000000E1	4.650693063E1	1.234217491E1
1.588000000E1	4.667217494E1	1.245652483E1
1.592000000E1	4.691869820E1	1.261040233E1
1.596000000E1	4.731125736E1	1.275571306E1
1.600000000E1	4.785743878E1	1.273330606E1
1.604000000E1	4.854831804E1	1.274306615E1
1.608000000E1	4.937682154E1	1.270749701E1
1.612000000E1	5.027754686E1	1.270574385E1
1.616000000E1	5.128230532E1	1.276919048E1
1.620000000E1	5.237021240E1	1.289895833E1
1.624000000E1	5.349342628E1	1.302179026E1
1.628000000E1	5.462504043E1	1.305202903E1
1.632000000E1	5.567331240E1	1.324874032E1
1.636000000E1	5.672133768E1	1.332054729E1
1.640000000E1	5.773059006E1	1.337742062E1
1.644000000E1	5.873171996E1	1.345118112E1
1.648000000E1	5.974956343E1	1.348555397E1
1.652000000E1	6.077005172E1	1.349185921E1
1.656000000E1	6.168537974E1	1.350058195E1
1.660000000E1	6.247898066E1	1.350922865E1
1.664000000E1	6.317477177E1	1.349483080E1
1.668000000E1	6.370436224E1	1.351263610E1
1.672000000E1	6.405810679E1	1.350952464E1
1.676000000E1	6.413337023E1	1.357777408E1
1.680000000E1	6.394623088E1	1.376502501E1
1.684000000E1	6.358363709E1	1.398450534E1
1.688000000E1	6.301609526E1	1.440606491E1
1.692000000E1	6.225245732E1	1.498554530E1
1.696000000E1	6.126182320E1	1.570153419E1
1.700000000E1	6.005790914E1	1.647029407E1
1.704000000E1	5.873363356E1	1.718278456E1
1.708000000E1	5.731586004E1	1.779729192E1
1.712000000E1	5.584633595E1	1.822542837E1
1.716000000E1	5.444217535E1	1.850475800E1
1.720000000E1	5.310332240E1	1.841637341E1
1.724000000E1	5.190853928E1	1.807852623E1
1.728000000E1	5.085026169E1	1.750811788E1
1.732000000E1	4.981719292E1	1.678023980E1
1.736000000E1	4.893342827E1	1.607626690E1
1.740000000E1	4.818695610E1	1.534177386E1
1.744000000E1	4.755559199E1	1.466498638E1
1.748000000E1	4.702399860E1	1.412397169E1
1.752000000E1	4.668447644E1	1.363964521E1
1.756000000E1	4.653528979E1	1.315363164E1
1.760000000E1	4.652306651E1	1.253129467E1
1.764000000E1	4.652623134E1	1.211853513E1
1.768000000E1	4.653938966E1	1.211952526E1
1.772000000E1	4.657401976E1	1.213615181E1
1.776000000E1	4.666690318E1	1.217209260E1
1.780000000E1	4.669727856E1	1.228128101E1
1.784000000E1	4.676498170E1	1.229702125E1
1.788000000E1	4.682712319E1	1.237436946E1
1.792000000E1	4.694208998E1	1.245487651E1
1.796000000E1	4.705066968E1	1.258195108E1
1.800000000E1	4.726265126E1	1.266641978E1
1.804000000E1	4.758190684E1	1.287119023E1
1.808000000E1	4.803179766E1	1.302249718E1
1.812000000E1	4.855829526E1	1.303552529E1
1.816000000E1	4.908633706E1	1.303182167E1
1.820000000E1	4.966788289E1	1.315420957E1
1.824000000E1	5.031772690E1	1.330158505E1
1.828000000E1	5.117761666E1	1.336763409E1
1.832000000E1	5.210298370E1	1.346823457E1
1.836000000E1	5.316161633E1	1.349054836E1
1.840000000E1	5.429039553E1	1.349792779E1
1.844000000E1	5.540332726E1	1.351014101E1
1.848000000E1	5.646953127E1	1.357169242E1
1.852000000E1	5.749564490E1	1.366171499E1
1.856000000E1	5.851911273E1	1.372026953E1
1.860000000E1	5.956392596E1	1.368279367E1
1.864000000E1	6.051804045E1	1.368082984E1
1.868000000E1	6.141372959E1	1.370559611E1
1.872000000E1	6.227174915E1	1.366870655E1
1.876000000E1	6.291511744E1	1.369421932E1
1.880000000E1	6.332873399E1	1.376310506E1
1.884000000E1	6.349262260E1	1.398186943E1
1.888000000E1	6.349240869E1	1.426891553E1
1.892000000E1	6.333609604E1	1.467128308E1
1.896000000E1	6.302527316E1	1.510900834E1
1.900000000E1	6.251219175E1	1.555749054E1
1.904000000E1	6.178462677E1	1.611763644E1
1.908000000E1	6.076801469E1	1.677258920E1
1.912000000E1	5.953510607E1	1.725905062E1
1.916000000E1	5.810646081E1	1.765907419E1
1.920000000E1	5.650877148E1	1.800870877E1
1.924000000E1	5.493618378E1	1.815745972E1
1.928000000E1	5.339860688E1	1.811546336E1
1.932000000E1	5.192144939E1	1.786966082E1
1.936000000E1	5.055410166E1	1.739139799E1
1.940000000E1	4.934813432E1	1.695548313E1
1.944000000E1	4.829457449E1	1.650527046E1
1.948000000E1	4.744607493E1	1.603931230E1
1.952000000E1	4.681391135E1	1.570013770E1
1.956000000E1	4.639913781E1	1.528278543E1
1.960000000E1	4.620750678E1	1.488964944E1
1.964000000E1	4.619966897E1	1.448851864E1
1.968000000E1	4.629416492E1	1.400649417E1
1.972000000E1	4.639586410E1	1.356586278E1
1.976000000E1	4.655589945E1	1.305396653E1
1.980000000E1	4.670006793E1	1.258723049E1
1.984000000E1	4.683398786E1	1.227881389E1
1.988000000E1	4.695669535E1	1.232548788E1
1.992000000E1	4.700446771E1	1.231721671E1
1.996000000E1	4.700379203E1	1.228556395E1
2.000000000E1	4.698804639E1	1.228099595E1
2.004000000E1	4.695204663E1	1.225859284E1
2.008000000E1	4.694721771E1	1.226793427E1
2.012000000E1	4.697541739E1	1.235054964E1
2.016000000E1	4.708463820E1	1.251977491E1
2.020000000E1	4.730179313E1	1.268114378E1
2.024000000E1	4.773227275E1	1.278093222E1
2.028000000E1	4.832974727E1	1.302449808E1
2.032000000E1	4.917159821E1	1.316154470E1
2.036000000E1	5.016591519E1	1.315360624E1
2.040000000E1	5.129909635E1	1.318602089E1
2.044000000E1	5.244840077E1	1.320013242E1
2.048000000E1	5.359080689E1	1.319317045E1
2.052000000E1	5.477618746E1	1.319404102E1
2.056000000E1	5.589311606E1	1.323111007E1
2.060000000E1	5.696430241E1	1.322970397E1
2.064000000E1	5.800070624E1	1.329760232E1
2.068000000E1	5.901117614E1	1.334585585E1
2.072000000E1	6.003560796E1	1.333123106E1
2.076000000E1	6.106388745E1	1.333877718E1
2.080000000E1	6.201300694E1	1.336134699E1
2.084000000E1	6.289399606E1	1.334089249E1
2.088000000E1	6.362486384E1	1.333229689E1
2.092000000E1	6.415659553E1	1.333267196E1
2.096000000E1	6.436626235E1	1.332776098E1
2.100000000E1	6.427167450E1	1.336979096E1
2.104000000E1	6.394735139E1	1.358427391E1
2.108000000E1	6.342736160E1	1.382371143E1
2.112000000E1	6.268889108E1	1.420754022E1
2.116000000E1	6.181657100E1	1.472206319E1
2.120000000E1	6.076709411E1	1.532613906E1
2.124000000E1	5.958003692E1	1.589756585E1
2.128000000E1	5.832286858E1	1.650851416E1
2.132000000E1	5.700687474E1	1.709310135E1
2.136000000E1	5.553165033E1	1.758595508E1
2.140000000E1	5.401246818E1	1.798292016E1
2.144000000E1	5.256727530E1	1.810954744E1
2.148000000E1	5.117681692E1	1.810608183E1
2.152000000E1	4.993466494E1	1.783675157E1
2.156000000E1	4.892052318E1	1.750429529E1
2.160000000E1	4.803528232E1	1.704743286E1
2.164000000E1	4.735814301E1	1.655073365E1
2.168000000E1	4.684768853E1	1.599120319E1
2.172000000E1	4.653682385E1	1.536715607E1
2.176000000E1	4.637192999E1	1.482180780E1
2.180000000E1	4.630869354E1	1.425514036E1
2.184000000E1	4.634620110E1	1.383337276E1
2.188000000E1	4.640194029E1	1.348695052E1
2.192000000E1	4.651934507E1	1.315294104E1
2.196000000E1	4.667525216E1	1.286828938E1
2.200000000E1	4.682053643E1	1.254384039E1
2.204000000E1	4.694971858E1	1.228235972E1
2.208000000E1	4.697104130E1	1.227481564E1
2.212000000E1	4.694786171E1	1.225199047E1
2.216000000E1	4.688611305E1	1.227611527E1
2.220000000E1	4.684212403E1	1.228179161E1
2.224000000E1	4.684818120E1	1.229151413E1
2.228000000E1	4.698077851E1	1.232771051E1
2.232000000E1	4.712706896E1	1.246034971E1
2.236000000E1	4.738275307E1	1.261051953E1
2.240000000E1	4.772103387E1	1.279650294E1
2.244000000E1	4.821114527E1	1.290554102E1
2.248000000E1	4.892545891E1	1.303398096E1
2.252000000E1	4.982161404E1	1.305988576E1
2.256000000E1	5.088937756E1	1.304362847E1
2.260000000E1	5.205931382E1	1.319975838E1
2.264000000E1	5.325893778E1	1.326361864E1
2.268000000E1	5.442186755E1	1.332549249E1
2.272000000E1	5.553786277E1	1.335961664E1
2.276000000E1	5.657418669E1	1.346336077E1
2.280000000E1	5.750690651E1	1.351990231E1
2.284000000E1	5.843117647E1	1.353766945E1
2.288000000E1	5.935157708E1	1.354520987E1
2.292000000E1	6.028675420E1	1.349984366E1
2.296000000E1	6.122914686E1	1.348852544E1
2.300000000E1	6.213209073E1	1.346827381E1
2.304000000E1	6.291479592E1	1.347839833E1
2.308000000E1	6.355133860E1	1.348804579E1
2.312000000E1	6.402822633E1	1.351031941E1
2.316000000E1	6.436909232E1	1.359390644E1
2.320000000E1	6.451441241E1	1.368695294E1
2.324000000E1	6.440908890E1	1.377864603E1
2.328000000E1	6.405643076E1	1.402054888E1
2.332000000E1	6.335927361E1	1.454056745E1
2.336000000E1	6.239422721E1	1.519095362E1
2.340000000E1	6.119845812E1	1.571308420E1
2.344000000E1	5.973156192E1	1.623969116E1
2.348000000E1	5.814765063E1	1.656789846E1
2.352000000E1	5.643404681E1	1.667421422E1
2.356000000E1	5.489329825E1	1.658913244E1
2.360000000E1	5.331166823E1	1.606951782E1
2.364000000E1	5.192086601E1	1.548196184E1
2.368000000E1	5.062599351E1	1.495422314E1
2.372000000E1	4.949413381E1	1.448150779E1
2.376000000E1	4.850907790E1	1.395546678E1
2.380000000E1	4.776578225E1	1.360728977E1
2.384000000E1	4.726529613E1	1.328157529E1
2.388000000E1	4.698018442E1	1.277155037E1
2.392000000E1	4.685651776E1	1.241959877E1
2.396000000E1	4.682642375E1	1.231382671E1
2.400000000E1	4.685155881E1	1.228398167E1
2.404000000E1	4.691598411E1	1.225528670E1
2.408000000E1	4.696754486E1	1.222294594E1
2.412000000E1	4.693811841E1	1.214751284E1
2.416000000E1	4.685281057E1	1.212650215E1
2.420000000E1	4.682886905E1	1.211377816E1
2.424000000E1	4.682177185E1	1.211037915E1
2.428000000E1	4.682825265E1	1.211785940E1
2.432000000E1	4.683290391E1	1.213185076E1
2.436000000E1	4.683653907E1	1.215394340E1
2.440000000E1	4.684142126E1	1.218669368E1
2.444000000E1	4.686403748E1	1.220707479E1
2.448000000E1	4.694509699E1	1.220458983E1
2.452000000E1	4.704586253E1	1.229067550E1
2.456000000E1	4.714567072E1	1.241322163E1
2.460000000E1	4.729321644E1	1.251501127E1
2.464000000E1	4.758654615E1	1.262065219E1
2.468000000E1	4.803242358E1	1.272178799E1
2.472000000E1	4.877112620E1	1.288200838E1
2.476000000E1	4.970464978E1	1.299568906E1
2.480000000E1	5.085930865E1	1.303001033E1
2.484000000E1	5.202202770E1	1.303419185E1
2.488000000E1	5.316795271E1	1.306378027E1
2.492000000E1	5.429700193E1	1.306195380E1
2.496000000E1	5.536602555E1	1.315851536E1
2.500000000E1	5.640509257E1	1.321355737E1
2.504000000E1	5.746660324E1	1.320010014E1
2.508000000E1	5.852868872E1	1.321292777E1
2.512000000E1	5.970025439E1	1.319866735E1
2.516000000E1	6.079530741E1	1.321641233E1
2.520000000E1	6.193344225E1	1.329953364E1
2.524000000E1	6.298188888E1	1.332168127E1
2.528000000E1	6.379769925E1	1.333815738E1
2.532000000E1	6.439393697E1	1.333875148E1
2.536000000E1	6.482550939E1	1.335723627E1
2.540000000E1	6.499450463E1	1.345184677E1
2.544000000E1	6.485497592E1	1.363784333E1
2.548000000E1	6.450739057E1	1.395464402E1
2.552000000E1	6.380680912E1	1.443391353E1
2.556000000E1	6.288973658E1	1.500817806E1
2.560000000E1	6.163535355E1	1.559414824E1
2.564000000E1	6.006521949E1	1.601012595E1
2.568000000E1	5.825347442E1	1.638860698E1
2.572000000E1	5.634340282E1	1.653457350E1
2.576000000E1	5.456179582E1	1.636134262E1
2.580000000E1	5.297759935E1	1.611960511E1
2.584000000E1	5.154266350E1	1.553076701E1
2.588000000E1	5.027199753E1	1.488406712E1
2.592000000E1	4.924298462E1	1.437629987E1
2.596000000E1	4.844248496E1	1.381276342E1
2.600000000E1	4.785317625E1	1.334176085E1
2.604000000E1	4.750266731E1	1.284842599E1
2.608000000E1	4.729732687E1	1.228399253E1
2.612000000E1	4.724087102E1	1.183542158E1
2.616000000E1	4.723527031E1	1.158897181E1
2.620000000E1	4.725139352E1	1.153723092E1
2.624000000E1	4.726159738E1	1.150135539E1
2.628000000E1	4.723288125E1	1.147196550E1
2.632000000E1	4.717469364E1	1.146554195E1
2.636000000E1	4.712394982E1	1.142872875E1
2.640000000E1	4.709483407E1	1.139169918E1
2.644000000E1	4.711064453E1	1.139219677E1
2.648000000E1	4.713547657E1	1.152342881E1
2.652000000E1	4.720970942E1	1.170625618E1
2.656000000E1	4.740335563E1	1.198305974E1
2.660000000E1	4.771779222E1	1.213067622E1
2.664000000E1	4.817464409E1	1.239962567E1
2.668000000E1	4.879876264E1	1.268580044E1
2.672000000E1	4.965516892E1	1.286011431E1
2.676000000E1	5.065938809E1	1.304506645E1
2.680000000E1	5.186916352E1	1.313780489E1
2.684000000E1	5.313298730E1	1.328817196E1
2.688000000E1	5.445203155E1	1.344181066E1
2.692000000E1	5.579039333E1	1.346743824E1
2.696000000E1	5.706525077E1	1.349581405E1
2.700000000E1	5.832222916E1	1.359113534E1
2.704000000E1	5.957298335E1	1.361690273E1
2.708000000E1	6.075070898E1	1.364838232E1
2.712000000E1	6.186037050E1	1.365252620E1
2.716000000E1	6.300095546E1	1.363433889E1
2.720000000E1	6.396431260E1	1.353861364E1
2.724000000E1	6.472791802E1	1.344307716E1
2.728000000E1	6.517394502E1	1.344278028E1
2.732000000E1	6.529395805E1	1.347679733E1
2.736000000E1	6.512900347E1	1.350816136E1
2.740000000E1	6.468814136E1	1.364605944E1
2.744000000E1	6.395381664E1	1.392194216E1
2.748000000E1	6.294923449E1	1.446930329E1
2.752000000E1	6.163737857E1	1.517224817E1
2.756000000E1	6.015489623E1	1.587610969E1
2.760000000E1	5.851466077E1	1.663247368E1
2.764000000E1	5.675858225E1	1.719855800E1
2.768000000E1	5.508592745E1	1.745485183E1
2.772000000E1	5.355568190E1	1.754089852E1
2.776000000E1	5.216375582E1	1.738228648E1
2.780000000E1	5.086894424E1	1.704185603E1
2.784000000E1	4.966813870E1	1.651710495E1
2.788000000E1	4.869195932E1	1.571570425E1
2.792000000E1	4.787192271E1	1.494265802E1
2.796000000E1	4.729209075E1	1.406471155E1
2.800000000E1	4.695783555E1	1.325264315E1
2.804000000E1	4.681549568E1	1.260562856E1
2.808000000E1	4.680272428E1	1.206332312E1
2.812000000E1	4.683234042E1	1.189345077E1
2.816000000E1	4.684773380E1	1.184457892E1
2.820000000E1	4.685486688E1	1.182063193E1
2.824000000E1	4.683064763E1	1.182788667E1
2.828000000E1	4.676315675E1	1.182112576E1
2.832000000E1	4.670997494E1	1.180355343E1
2.836000000E1	4.670629389E1	1.174761445E1
2.840000000E1	4.670046179E1	1.170433376E1
2.844000000E1	4.674502244E1	1.173682790E1
2.848000000E1	4.680955871E1	1.179901720E1
2.852000000E1	4.689133466E1	1.188941783E1
2.856000000E1	4.700693141E1	1.199672657E1
2.860000000E1	4.726707221E1	1.213687409E1
2.864000000E1	4.755445957E1	1.226902386E1
2.868000000E1	4.788468871E1	1.237780221E1
2.872000000E1	4.833374670E1	1.256545322E1
2.876000000E1	4.897464233E1	1.270334753E1
2.880000000E1	4.985299604E1	1.288173320E1
2.884000000E1	5.087401251E1	1.299566335E1
2.888000000E1	5.196295747E1	1.316358184E1
2.892000000E1	5.316385856E1	1.326807773E1
2.896000000E1	5.445617040E1	1.333775831E1
2.900000000E1	5.572277018E1	1.335191741E1
2.904000000E1	5.703366451E1	1.335325076E1
2.908000000E1	5.836490048E1	1.335742421E1
2.912000000E1	5.965273705E1	1.343495694E1
2.916000000E1	6.092630192E1	1.347501430E1
2.920000000E1	6.215187856E1	1.348413774E1
2.924000000E1	6.323099041E1	1.347738091E1
2.928000000E1	6.408932932E1	1.344623808E1
2.932000000E1	6.464346935E1	1.346792551E1
2.936000000E1	6.480464941E1	1.350727736E1
2.940000000E1	6.456152829E1	1.374703146E1
2.944000000E1	6.406056625E1	1.403292561E1
2.948000000E1	6.321223899E1	1.437392351E1
2.952000000E1	6.215547828E1	1.467381270E1
2.956000000E1	6.087946529E1	1.499974064E1
2.960000000E1	5.932741546E1	1.529760191E1
2.964000000E1	5.769586194E1	1.550221585E1
2.968000000E1	5.608290061E1	1.569756025E1
2.972000000E1	5.449177638E1	1.574050319E1
2.976000000E1	5.293203670E1	1.553187764E1
2.980000000E1	5.160598241E1	1.528210380E1
2.984000000E1	5.040562592E1	1.513498120E1
2.988000000E1	4.935029986E1	1.483043144E1
2.992000000E1	4.838059467E1	1.462283983E1
2.996000000E1	4.756720079E1	1.440267620E1
3.000000000E1	4.685192775E1	1.404181423E1
3.004000000E1	4.634441186E1	1.372715503E1
3.008000000E1	4.605114649E1	1.339870015E1
3.012000000E1	4.588581326E1	1.303688954E1
3.016000000E1	4.579501078E1	1.273574684E1
3.020000000E1	4.579201229E1	1.246226402E1
3.024000000E1	4.581131591E1	1.243517925E1
3.028000000E1	4.588236770E1	1.237151154E1
3.032000000E1	4.594880005E1	1.230384463E1
3.036000000E1	4.593848066E1	1.226886209E1
3.040000000E1	4.592570659E1	1.218903894E1
3.044000000E1	4.590150813E1	1.215304354E1
3.048000000E1	4.588610958E1	1.214136664E1
3.052000000E1	4.591855758E1	1.216496755E1
3.056000000E1	4.595312047E1	1.227599785E1
3.060000000E1	4.607312531E1	1.232339896E1
3.064000000E1	4.620745637E1	1.240304068E1
3.068000000E1	4.638941487E1	1.246553381E1
3.072000000E1	4.664646109E1	1.256807334E1
3.076000000E1	4.697492353E1	1.264243947E1
3.080000000E1	4.730249988E1	1.273707219E1
3.084000000E1	4.771161621E1	1.280727447E1
3.088000000E1	4.820321096E1	1.288722550E1
3.092000000E1	4.891702702E1	1.300293826E1
3.096000000E1	4.981665053E1	1.307954290E1
3.100000000E1	5.090735377E1	1.315501212E1
3.104000000E1	5.219196388E1	1.319564732E1
3.108000000E1	5.347214219E1	1.320020395E1
3.112000000E1	5.476853165E1	1.332451240E1
3.116000000E1	5.600138500E1	1.342821807E1
3.120000000E1	5.719127405E1	1.347514272E1
3.124000000E1	5.836286084E1	1.349866709E1
3.128000000E1	5.952343390E1	1.352688473E1
3.132000000E1	6.066690700E1	1.354574647E1
3.136000000E1	6.179753764E1	1.362773932E1
3.140000000E1	6.279092321E1	1.365987455E1
3.144000000E1	6.363394069E1	1.363951591E1
3.148000000E1	6.423103225E1	1.359898770E1
3.152000000E1	6.453678009E1	1.361651242E1
3.156000000E1	6.452789952E1	1.365673521E1
3.160000000E1	6.425770981E1	1.374116191E1
3.164000000E1	6.378497228E1	1.379342047E1
3.168000000E1	6.307940183E1	1.393441738E1
3.172000000E1	6.214320246E1	1.426679340E1
3.176000000E1	6.096913639E1	1.478804380E1
3.180000000E1	5.962229934E1	1.529231030E1
3.184000000E1	5.807979393E1	1.588053998E1
3.188000000E1	5.645912429E1	1.631736840E1
3.192000000E1	5.489412995E1	1.663224535E1
3.196000000E1	5.336142823E1	1.677028033E1
3.200000000E1	5.191010760E1	1.664249520E1
3.204000000E1	5.055655033E1	1.621221955E1
3.208000000E1	4.939357861E1	1.578944689E1
3.212000000E1	4.837310006E1	1.529968588E1
3.216000000E1	4.754942072E1	1.485864354E1
3.220000000E1	4.683134241E1	1.444378506E1
3.224000000E1	4.622573483E1	1.396152024E1
3.228000000E1	4.578607247E1	1.359946234E1
3.232000000E1	4.551028001E1	1.320533044E1
3.236000000E1	4.543448390E1	1.278969644E1
3.240000000E1	4.545132536E1	1.244000045E1
3.244000000E1	4.548521893E1	1.212714179E1
3.248000000E1	4.554438428E1	1.200553788E1
3.252000000E1	4.560349457E1	1.187104743E1
3.256000000E1	4.563000316E1	1.182561116E1
3.260000000E1	4.562327941E1	1.180790961E1
3.264000000E1	4.550964240E1	1.180181454E1
3.268000000E1	4.545423659E1	1.182536884E1
3.272000000E1	4.539270366E1	1.196975342E1
3.276000000E1	4.537743019E1	1.213730055E1
3.280000000E1	4.547051141E1	1.224862062E1
3.284000000E1	4.563098481E1	1.228813807E1
3.288000000E1	4.579322640E1	1.250028223E1
3.292000000E1	4.608584754E1	1.268713391E1
3.296000000E1	4.653353081E1	1.279599471E1
3.300000000E1	4.713179035E1	1.302285889E1
3.304000000E1	4.788406259E1	1.319329259E1
3.308000000E1	4.889675041E1	1.330057901E1
3.312000000E1	5.005929824E1	1.331855668E1
3.316000000E1	5.133590556E1	1.332339042E1
3.320000000E1	5.261748894E1	1.333451842E1
3.324000000E1	5.390598895E1	1.334856542E1
3.328000000E1	5.514215814E1	1.334251824E1
3.332000000E1	5.634684882E1	1.343318726E1
3.336000000E1	5.754731815E1	1.354191809E1
3.340000000E1	5.870625066E1	1.362455595E1
3.344000000E1	5.987449421E1	1.364305176E1
3.348000000E1	6.105885967E1	1.364085959E1
3.352000000E1	6.210942355E1	1.364863265E1
3.356000000E1	6.299674842E1	1.367613066E1
3.360000000E1	6.369597831E1	1.365913626E1
3.364000000E1	6.411502670E1	1.365130962E1
3.368000000E1	6.426420553E1	1.368391841E1
3.372000000E1	6.414945912E1	1.382837521E1
3.376000000E1	6.379313451E1	1.394133073E1
3.380000000E1	6.321037011E1	1.414155115E1
3.384000000E1	6.242350508E1	1.438639521E1
3.388000000E1	6.141421514E1	1.471642784E1
3.392000000E1	6.020794947E1	1.511546271E1
3.396000000E1	5.882675879E1	1.544355882E1
3.400000000E1	5.738911466E1	1.570712055E1
3.404000000E1	5.589611437E1	1.583916312E1
3.408000000E1	5.429125591E1	1.591996856E1
3.412000000E1	5.265518161E1	1.589511626E1
3.416000000E1	5.113339881E1	1.563032796E1
3.420000000E1	4.984216566E1	1.528768152E1
3.424000000E1	4.875727415E1	1.495362419E1
3.428000000E1	4.780282153E1	1.447144372E1
3.432000000E1	4.696680459E1	1.409041984E1
3.436000000E1	4.623558387E1	1.365161702E1
3.440000000E1	4.565405725E1	1.329863110E1
3.444000000E1	4.519500372E1	1.305024934E1
3.448000000E1	4.490060794E1	1.284805780E1
3.452000000E1	4.471358498E1	1.274936678E1
3.456000000E1	4.464782189E1	1.263969528E1
3.460000000E1	4.464098238E1	1.243361813E1
3.464000000E1	4.470996650E1	1.231269116E1
3.468000000E1	4.474690679E1	1.229229455E1
3.472000000E1	4.481232722E1	1.228386850E1
3.476000000E1	4.488115028E1	1.228664341E1
3.480000000E1	4.489992896E1	1.229163736E1
3.484000000E1	4.496010766E1	1.229083994E1
3.488000000E1	4.503980512E1	1.229018682E1
3.492000000E1	4.516197973E1	1.231545246E1
3.496000000E1	4.536626735E1	1.243989600E1
3.500000000E1	4.572766119E1	1.258657122E1
3.504000000E1	4.623776373E1	1.269531503E1
3.508000000E1	4.688578038E1	1.276517495E1
3.512000000E1	4.762919470E1	1.284003744E1
3.516000000E1	4.853064399E1	1.291170177E1
3.520000000E1	4.966223150E1	1.291087118E1
3.524000000E1	5.089683057E1	1.289456984E1
3.528000000E1	5.222330535E1	1.290254571E1
3.532000000E1	5.357139594E1	1.290432301E1
3.536000000E1	5.492336621E1	1.298027475E1
3.540000000E1	5.618026271E1	1.303363882E1
3.544000000E1	5.735182136E1	1.308569914E1
3.548000000E1	5.850323007E1	1.313268197E1
3.552000000E1	5.958808117E1	1.318583073E1
3.556000000E1	6.066136043E1	1.321246423E1
3.560000000E1	6.170517058E1	1.322007771E1
3.564000000E1	6.274640684E1	1.320109473E1
3.568000000E1	6.365604955E1	1.317657943E1
3.572000000E1	6.438738459E1	1.316681995E1
3.576000000E1	6.481871460E1	1.317516019E1
3.580000000E1	6.484203096E1	1.322385247E1
3.584000000E1	6.453745708E1	1.336092354E1
3.588000000E1	6.393366352E1	1.352261469E1
3.592000000E1	6.302203395E1	1.389580184E1
3.596000000E1	6.173843344E1	1.440143497E1
3.600000000E1	6.010340616E1	1.501213896E1
3.604000000E1	5.805682220E1	1.557947354E1
3.608000000E1	5.585490084E1	1.588933120E1
3.612000000E1	5.371627931E1	1.593032505E1
3.616000000E1	5.170348134E1	1.560418382E1
3.620000000E1	4.986321682E1	1.511697886E1
3.624000000E1	4.838319359E1	1.439709890E1
3.628000000E1	4.729185760E1	1.363966702E1
3.632000000E1	4.657142641E1	1.300319311E1
3.636000000E1	4.620842748E1	1.206380568E1
3.640000000E1	4.609940495E1	1.165686223E1
3.644000000E1	4.619979086E1	1.140950311E1
3.648000000E1	4.632580249E1	1.136533585E1
3.652000000E1	4.640939839E1	1.139340823E1
3.656000000E1	4.639668518E1	1.139458415E1
3.660000000E1	4.635998665E1	1.137142893E1
3.664000000E1	4.624298272E1	1.135430060E1
3.668000000E1	4.614375165E1	1.134639248E1
3.672000000E1	4.607892963E1	1.133661310E1
3.676000000E1	4.608737565E1	1.135299369E1
3.680000000E1	4.609555261E1	1.136843282E1
3.684000000E1	4.609699876E1	1.137645602E1
3.688000000E1	4.608897034E1	1.137928512E1
3.692000000E1	4.608160935E1	1.137555823E1
3.696000000E1	4.607414007E1	1.137322610E1
3.700000000E1	4.605826662E1	1.137037596E1
3.704000000E1	4.606866448E1	1.137559270E1
3.708000000E1	4.607312554E1	1.137807163E1
3.712000000E1	4.608085648E1	1.137904400E1
3.716000000E1	4.608585732E1	1.138108011E1
3.720000000E1	4.608697830E1	1.137838789E1
3.724000000E1	4.608546512E1	1.138039760E1
3.728000000E1	4.608437481E1	1.138210455E1
3.732000000E1	4.608414205E1	1.138215918E1
3.736000000E1	4.608263732E1	1.138200498E1
3.740000000E1	4.608145824E1	1.138185071E1
3.744000000E1	4.608092063E1	1.137996619E1
3.748000000E1	4.608254703E1	1.138295682E1
