hand
t	x	y
0.000000000E0	4.474736842E1	1.197254005E1
4.000000000E-2	4.474791998E1	1.197220324E1
8.000000000E-2	4.470734583E1	1.224428317E1
1.200000000E-1	4.449774460E1	1.255169925E1
1.600000000E-1	4.405652616E1	1.269569901E1
2.000000000E-1	4.348932027E1	1.285108224E1
2.400000000E-1	4.308584423E1	1.276279751E1
2.800000000E-1	4.282766243E1	1.242120226E1
3.200000000E-1	4.274370753E1	1.221734948E1
3.600000000E-1	4.293762192E1	1.210932363E1
4.000000000E-1	4.315590172E1	1.211223680E1
4.400000000E-1	4.328361705E1	1.227480078E1
4.800000000E-1	4.336232598E1	1.243127523E1
5.200000000E-1	4.344455252E1	1.259576515E1
5.600000000E-1	4.354329363E1	1.263970849E1
6.000000000E-1	4.362610008E1	1.269343768E1
6.400000000E-1	4.382773087E1	1.303717427E1
6.800000000E-1	4.408519031E1	1.343579007E1
7.200000000E-1	4.442614902E1	1.389549799E1
7.600000000E-1	4.478638961E1	1.420379302E1
8.000000000E-1	4.529231152E1	1.406953785E1
8.400000000E-1	4.580085648E1	1.347522468E1
8.800000000E-1	4.591560668E1	1.318769307E1
9.200000000E-1	4.580555151E1	1.315243753E1
9.600000000E-1	4.563437149E1	1.299802408E1
1.000000000E0	4.548578017E1	1.290857163E1
1.040000000E0	4.536377610E1	1.288726921E1
1.080000000E0	4.538276321E1	1.289112868E1
1.120000000E0	4.547799783E1	1.292739380E1
1.160000000E0	4.553643249E1	1.300231882E1
1.200000000E0	4.551563077E1	1.302296850E1
1.240000000E0	4.551189336E1	1.302607442E1
1.280000000E0	4.563134575E1	1.304267759E1
1.320000000E0	4.580071902E1	1.308695415E1
1.360000000E0	4.593592690E1	1.302555819E1
1.400000000E0	4.609478141E1	1.301107800E1
1.440000000E0	4.637748450E1	1.300947617E1
1.480000000E0	4.681774880E1	1.303479678E1
1.520000000E0	4.755504404E1	1.322406386E1
1.560000000E0	4.887942928E1	1.329818106E1
1.600000000E0	5.070320346E1	1.331088968E1
1.640000000E0	5.299902394E1	1.346663051E1
1.680000000E0	5.603947004E1	1.362765503E1
1.720000000E0	6.006842597E1	1.384048897E1
1.760000000E0	6.540926212E1	1.406099728E1
1.800000000E0	7.090558215E1	1.466417355E1
1.840000000E0	7.500657813E1	1.587074554E1
1.880000000E0	7.723800675E1	1.796213868E1
1.920000000E0	7.856631862E1	2.033996455E1
1.960000000E0	7.906676810E1	2.260971237E1
2.000000000E0	7.889634180E1	2.433152918E1
2.040000000E0	7.830363313E1	2.563373291E1
2.080000000E0	7.751445371E1	2.620301925E1
2.120000000E0	7.661636259E1	2.642339446E1
2.160000000E0	7.577653110E1	2.638631631E1
2.200000000E0	7.491617803E1	2.620168321E1
2.240000000E0	7.405991894E1	2.593923310E1
2.280000000E0	7.197865218E1	2.512873644E1
2.320000000E0	7.198367659E1	2.513550830E1
2.360000000E0	7.074130112E1	2.468989461E1
2.400000000E0	6.919003713E1	2.421869012E1
2.440000000E0	6.749094111E1	2.364255121E1
2.480000000E0	6.550495228E1	2.315281281E1
2.520000000E0	6.352763998E1	2.239605040E1
2.560000000E0	6.140598597E1	2.189462867E1
2.600000000E0	5.919327706E1	2.125540540E1
2.640000000E0	5.721296730E1	2.035724020E1
2.680000000E0	5.536243790E1	1.974491911E1
2.720000000E0	5.353314322E1	1.912889980E1
2.760000000E0	5.170184840E1	1.839878950E1
2.800000000E0	5.012941595E1	1.763970572E1
2.840000000E0	4.874631053E1	1.680172486E1
2.880000000E0	4.784966154E1	1.606520105E1
2.920000000E0	4.733267099E1	1.554367473E1
2.960000000E0	4.712195605E1	1.510406795E1
3.000000000E0	4.709771928E1	1.473692244E1
3.040000000E0	4.717618499E1	1.429521430E1
3.080000000E0	4.728337045E1	1.391870738E1
3.120000000E0	4.729578369E1	1.364873042E1
3.160000000E0	4.738819275E1	1.332450167E1
3.200000000E0	4.742826237E1	1.303584738E1
3.240000000E0	4.744389461E1	1.285567993E1
3.280000000E0	4.744386636E1	1.281860057E1
3.320000000E0	4.745562232E1	1.279145321E1
3.360000000E0	4.743285028E1	1.273751220E1
3.400000000E0	4.740634470E1	1.274981544E1
3.440000000E0	4.737300500E1	1.273917688E1
3.480000000E0	4.736479265E1	1.274931690E1
3.520000000E0	4.728634198E1	1.272276141E1
3.560000000E0	4.723114959E1	1.271259411E1
3.600000000E0	4.718699722E1	1.270681197E1
3.640000000E0	4.712886142E1	1.268296709E1
3.680000000E0	4.704959122E1	1.266958958E1
3.720000000E0	4.695799870E1	1.266816579E1
3.760000000E0	4.688828342E1	1.270976681E1
3.800000000E0	4.682706581E1	1.271493865E1
3.840000000E0	4.681769312E1	1.271547794E1
3.880000000E0	4.680872483E1	1.271464895E1
3.920000000E0	4.683313375E1	1.271314692E1
3.960000000E0	4.683860104E1	1.271204208E1
4.000000000E0	4.684068499E1	1.271879564E1
4.040000000E0	4.684812800E1	1.272100608E1
4.080000000E0	4.685236070E1	1.272010857E1
4.120000000E0	4.693598812E1	1.270006372E1
4.160000000E0	4.701843130E1	1.271194388E1
4.200000000E0	4.711528362E1	1.266160533E1
4.240000000E0	4.713825618E1	1.269757127E1
4.280000000E0	4.713999313E1	1.271961627E1
4.320000000E0	4.714096720E1	1.272391037E1
4.360000000E0	4.714654769E1	1.271802748E1
4.400000000E0	4.713834567E1	1.271180006E1
4.440000000E0	4.712922396E1	1.272369553E1
4.480000000E0	4.713365335E1	1.271789202E1
4.520000000E0	4.713957654E1	1.269487189E1
4.560000000E0	4.716111899E1	1.263370626E1
4.600000000E0	4.716476635E1	1.259614822E1
4.640000000E0	4.722120871E1	1.258639857E1
4.680000000E0	4.729367323E1	1.256744625E1
4.720000000E0	4.731033644E1	1.256666309E1
4.760000000E0	4.731762972E1	1.257536064E1
4.800000000E0	4.730506876E1	1.258952514E1
4.840000000E0	4.727267690E1	1.258651079E1
4.880000000E0	4.723808079E1	1.259854227E1
4.920000000E0	4.719179583E1	1.259450277E1
4.960000000E0	4.714808649E1	1.257515671E1
5.000000000E0	4.726546584E1	1.257824047E1
5.040000000E0	4.740375764E1	1.271728662E1
5.080000000E0	4.763674008E1	1.300712496E1
5.120000000E0	4.797111058E1	1.314694165E1
5.160000000E0	4.847880774E1	1.316532162E1
5.200000000E0	4.882606213E1	1.305053530E1
5.240000000E0	4.908212368E1	1.300807170E1
5.280000000E0	4.940593870E1	1.300801365E1
5.320000000E0	5.004390970E1	1.307654744E1
5.360000000E0	5.118155002E1	1.315169326E1
5.400000000E0	5.292707224E1	1.317879864E1
5.440000000E0	5.543355570E1	1.334308893E1
5.480000000E0	5.890267971E1	1.355370522E1
5.520000000E0	6.351378905E1	1.375759877E1
5.560000000E0	6.862633119E1	1.401351166E1
5.600000000E0	7.301707561E1	1.435796468E1
5.640000000E0	7.589787005E1	1.484825122E1
5.680000000E0	7.750983623E1	1.605214043E1
5.720000000E0	7.826918665E1	1.762744825E1
5.760000000E0	7.844579780E1	1.885328810E1
5.800000000E0	7.826595904E1	1.973796437E1
5.840000000E0	7.792398709E1	2.031842878E1
5.880000000E0	7.749007319E1	2.066541121E1
5.920000000E0	7.690477630E1	2.082697909E1
5.960000000E0	7.611105970E1	2.094307707E1
6.000000000E0	7.516133121E1	2.110241091E1
6.040000000E0	7.405563943E1	2.114211591E1
6.080000000E0	7.274623507E1	2.126762239E1
6.120000000E0	7.122620206E1	2.127700804E1
6.160000000E0	6.944235902E1	2.118964688E1
6.200000000E0	6.740333767E1	2.098548889E1
6.240000000E0	6.518294017E1	2.062688151E1
6.280000000E0	6.282754240E1	2.024637812E1
6.320000000E0	6.038590233E1	1.942447954E1
6.360000000E0	5.793373893E1	1.869653213E1
6.400000000E0	5.556634260E1	1.782294705E1
6.440000000E0	5.345714618E1	1.670536890E1
6.480000000E0	5.155794652E1	1.577761151E1
6.520000000E0	5.003411175E1	1.483931550E1
6.560000000E0	4.878199781E1	1.413740360E1
6.600000000E0	4.773730713E1	1.354367543E1
6.640000000E0	4.701350325E1	1.285128827E1
6.680000000E0	4.655195623E1	1.226364117E1
6.720000000E0	4.626878291E1	1.201078956E1
6.760000000E0	4.614200652E1	1.212477584E1
6.800000000E0	4.612998478E1	1.207416051E1
6.840000000E0	4.612778243E1	1.200247960E1
6.880000000E0	4.609919556E1	1.197936605E1
6.920000000E0	4.608375686E1	1.197224766E1
6.960000000E0	4.609072863E1	1.197236889E1
7.000000000E0	4.610099567E1	1.196136404E1
7.040000000E0	4.609985397E1	1.195883313E1
7.080000000E0	4.610377108E1	1.197230367E1
7.120000000E0	4.610173360E1	1.197590931E1
7.160000000E0	4.610372447E1	1.197898420E1
7.200000000E0	4.610820326E1	1.201027662E1
7.240000000E0	4.619492950E1	1.207834435E1
7.280000000E0	4.637690622E1	1.226982796E1
7.320000000E0	4.669118757E1	1.253434427E1
7.360000000E0	4.801526350E1	1.287748302E1
7.400000000E0	4.803073451E1	1.287382193E1
7.440000000E0	4.897804685E1	1.300452882E1
7.480000000E0	5.003827412E1	1.299939011E1
7.520000000E0	5.118478696E1	1.302718240E1
7.560000000E0	5.257872495E1	1.315284565E1
7.600000000E0	5.479245432E1	1.321229548E1
7.640000000E0	5.815585881E1	1.348269380E1
7.680000000E0	6.258045567E1	1.376531464E1
7.720000000E0	6.732481147E1	1.405413342E1
7.760000000E0	7.122781165E1	1.456756389E1
7.800000000E0	7.347659074E1	1.519524954E1
7.840000000E0	7.470832665E1	1.619933235E1
7.880000000E0	7.513740691E1	1.739107897E1
7.920000000E0	7.508401139E1	1.842915020E1
7.960000000E0	7.421840949E1	1.992112001E1
8.000000000E0	7.422555066E1	1.991493724E1
8.040000000E0	7.355085774E1	2.035415552E1
8.080000000E0	7.271976149E1	2.061000937E1
8.120000000E0	7.168769361E1	2.068663484E1
8.160000000E0	7.048779625E1	2.051105562E1
8.200000000E0	6.900031393E1	2.041958410E1
8.240000000E0	6.706840608E1	2.015533011E1
8.280000000E0	6.493472311E1	1.961863303E1
8.320000000E0	6.249786756E1	1.917129684E1
8.360000000E0	5.995201011E1	1.824038491E1
8.400000000E0	5.749748134E1	1.722853122E1
8.440000000E0	5.512703742E1	1.616048759E1
8.480000000E0	5.295979732E1	1.503039123E1
8.520000000E0	5.105950115E1	1.407320698E1
8.560000000E0	4.954876114E1	1.321170691E1
8.600000000E0	4.835204042E1	1.254914819E1
8.640000000E0	4.763712769E1	1.199571929E1
8.680000000E0	4.724160080E1	1.191617036E1
8.720000000E0	4.727941656E1	1.195384102E1
8.760000000E0	4.734566938E1	1.197385315E1
8.800000000E0	4.740305690E1	1.194671280E1
8.840000000E0	4.744770060E1	1.197653831E1
8.880000000E0	4.746795275E1	1.199994544E1
8.920000000E0	4.744819630E1	1.197819273E1
8.960000000E0	4.742984236E1	1.195272163E1
9.000000000E0	4.743159707E1	1.194606839E1
9.040000000E0	4.744294773E1	1.188802007E1
9.080000000E0	4.742845296E1	1.179145162E1
9.120000000E0	4.742765000E1	1.179447246E1
9.160000000E0	4.742729242E1	1.180265395E1
9.200000000E0	4.743505984E1	1.181442506E1
9.240000000E0	4.743722826E1	1.181746016E1
9.280000000E0	4.744084465E1	1.182563863E1
9.320000000E0	4.744540668E1	1.183569634E1
9.360000000E0	4.745976609E1	1.185109903E1
9.400000000E0	4.756020668E1	1.180419829E1
9.440000000E0	4.771621720E1	1.181093790E1
9.480000000E0	4.789451085E1	1.187872392E1
9.520000000E0	4.802890395E1	1.193586434E1
9.560000000E0	4.819014429E1	1.203391112E1
9.600000000E0	4.845898910E1	1.210973036E1
9.640000000E0	4.904584362E1	1.212825109E1
9.680000000E0	5.009800109E1	1.223895332E1
9.720000000E0	5.176271906E1	1.238313422E1
9.760000000E0	5.405452923E1	1.242246409E1
9.800000000E0	5.720263299E1	1.266473203E1
9.840000000E0	6.140095187E1	1.307675378E1
9.880000000E0	6.629914886E1	1.299696470E1
9.920000000E0	7.081981566E1	1.310716825E1
9.960000000E0	7.362238664E1	1.360368040E1
1.000000000E1	7.596840962E1	1.618399879E1
1.004000000E1	7.601562717E1	1.616988199E1
1.008000000E1	7.623706760E1	1.737623049E1
1.012000000E1	7.617164565E1	1.815769588E1
1.016000000E1	7.597715076E1	1.869597539E1
1.020000000E1	7.573315348E1	1.901820080E1
1.024000000E1	7.543552360E1	1.928349070E1
1.028000000E1	7.514038862E1	1.947690662E1
1.032000000E1	7.483309782E1	1.963750412E1
1.036000000E1	7.437328381E1	1.989661500E1
1.040000000E1	7.376790099E1	2.016135813E1
1.044000000E1	7.296371221E1	2.030002627E1
1.048000000E1	7.195278402E1	2.034661942E1
1.052000000E1	6.909616447E1	2.048640175E1
1.056000000E1	6.912753814E1	2.049696436E1
1.060000000E1	6.734474737E1	2.052150646E1
1.064000000E1	6.526074003E1	2.044102057E1
1.068000000E1	6.313441742E1	2.012207165E1
1.072000000E1	6.091299016E1	1.990475613E1
1.076000000E1	5.867346099E1	1.960942316E1
1.080000000E1	5.656552205E1	1.909952930E1
1.084000000E1	5.460107419E1	1.851002051E1
1.088000000E1	5.269864145E1	1.771488539E1
1.092000000E1	5.093467486E1	1.674066823E1
1.096000000E1	4.802684953E1	1.498584746E1
1.100000000E1	4.803393412E1	1.496422821E1
1.104000000E1	4.683138445E1	1.424212073E1
1.108000000E1	4.579467335E1	1.352078782E1
1.112000000E1	4.490102944E1	1.290487370E1
1.116000000E1	4.386273591E1	1.172994854E1
1.120000000E1	4.385333684E1	1.168532866E1
1.124000000E1	4.369140715E1	1.120758060E1
1.128000000E1	4.358868426E1	1.096201671E1
1.132000000E1	4.355877571E1	1.093626508E1
1.136000000E1	4.369303903E1	1.084178643E1
1.140000000E1	4.374057827E1	1.096428876E1
1.144000000E1	4.384363141E1	1.105296658E1
1.148000000E1	4.399998976E1	1.109656239E1
1.152000000E1	4.441059870E1	1.132853741E1
1.156000000E1	4.443692073E1	1.136404914E1
1.160000000E1	4.483315121E1	1.147447055E1
1.164000000E1	4.521303180E1	1.177438446E1
1.168000000E1	4.577908053E1	1.172002327E1
1.172000000E1	4.623162809E1	1.180799939E1
1.176000000E1	4.681118685E1	1.194092233E1
1.180000000E1	4.748818034E1	1.216792505E1
1.184000000E1	4.850212947E1	1.228575268E1
1.188000000E1	4.992099262E1	1.226137996E1
1.192000000E1	5.174465502E1	1.243712434E1
1.196000000E1	5.404019629E1	1.271684076E1
1.200000000E1	5.733047685E1	1.314673444E1
1.204000000E1	6.212736934E1	1.337079822E1
1.208000000E1	6.722385994E1	1.332735060E1
1.212000000E1	7.126896551E1	1.329840725E1
1.216000000E1	7.319737652E1	1.404850297E1
1.220000000E1	7.410798750E1	1.547809858E1
1.224000000E1	7.445949165E1	1.702716342E1
1.228000000E1	7.450964325E1	1.843047261E1
1.232000000E1	7.424128284E1	1.963454220E1
1.236000000E1	7.390141400E1	2.055067273E1
1.240000000E1	7.336060395E1	2.139454211E1
1.244000000E1	7.276569768E1	2.203751895E1
1.248000000E1	7.215105133E1	2.260848870E1
1.252000000E1	7.141321246E1	2.292814693E1
1.256000000E1	7.061555092E1	2.317266793E1
1.260000000E1	6.977761940E1	2.335111217E1
1.264000000E1	6.876167238E1	2.321717672E1
1.268000000E1	6.761817171E1	2.304556752E1
1.272000000E1	6.631149187E1	2.275909958E1
1.276000000E1	6.493885243E1	2.233760453E1
1.280000000E1	6.338886434E1	2.182425115E1
1.284000000E1	6.177905983E1	2.110956276E1
1.288000000E1	6.001364274E1	2.021113202E1
1.292000000E1	5.818605386E1	1.929909354E1
1.296000000E1	5.466601737E1	1.729662522E1
1.300000000E1	5.462637504E1	1.736039968E1
1.304000000E1	5.303284068E1	1.651715581E1
1.308000000E1	5.162435426E1	1.574047018E1
1.312000000E1	5.044177326E1	1.527083302E1
1.316000000E1	4.954195679E1	1.486214007E1
1.320000000E1	4.893616956E1	1.449124992E1
1.324000000E1	4.853913437E1	1.426742529E1
1.328000000E1	4.830255812E1	1.358214443E1
1.332000000E1	4.832965549E1	1.360853906E1
1.336000000E1	4.832160341E1	1.326122426E1
1.340000000E1	4.833897716E1	1.286611029E1
1.344000000E1	4.833106048E1	1.257363175E1
1.348000000E1	4.832405649E1	1.256089476E1
1.352000000E1	4.832260931E1	1.254641177E1
1.356000000E1	4.831440772E1	1.249650516E1
1.360000000E1	4.829298151E1	1.251970472E1
1.364000000E1	4.832980252E1	1.255571252E1
1.368000000E1	4.834661260E1	1.256852366E1
1.372000000E1	4.835474511E1	1.258173574E1
1.376000000E1	4.834570934E1	1.258149165E1
1.380000000E1	4.833998844E1	1.257536092E1
1.384000000E1	4.833669460E1	1.257174601E1
1.388000000E1	4.833362942E1	1.256869383E1
1.392000000E1	4.833236060E1	1.257343046E1
1.396000000E1	4.833535507E1	1.257053597E1
1.400000000E1	4.834050111E1	1.257515430E1
1.404000000E1	4.834137097E1	1.267251257E1
1.408000000E1	4.848831453E1	1.261781166E1
1.412000000E1	4.863960357E1	1.258015224E1
1.416000000E1	4.893949606E1	1.257892888E1
1.420000000E1	4.952921159E1	1.260828366E1
1.424000000E1	5.045975688E1	1.272808892E1
1.428000000E1	5.189994878E1	1.273303357E1
1.432000000E1	5.386537045E1	1.278639080E1
1.436000000E1	5.686766485E1	1.305763027E1
1.440000000E1	6.151964573E1	1.330980817E1
1.444000000E1	6.709368231E1	1.324173885E1
1.448000000E1	7.147628655E1	1.336937362E1
1.452000000E1	7.379942503E1	1.485840470E1
1.456000000E1	7.571599327E1	1.935907582E1
1.460000000E1	7.527734554E1	2.065263158E1
1.464000000E1	7.534099849E1	2.202533733E1
1.468000000E1	7.520638936E1	2.304575799E1
1.472000000E1	7.498897838E1	2.367474729E1
1.476000000E1	7.455507790E1	2.410245756E1
1.480000000E1	7.409206996E1	2.443763191E1
1.484000000E1	7.356298087E1	2.455690251E1
1.488000000E1	7.290408468E1	2.456061067E1
1.492000000E1	7.211573715E1	2.455586614E1
1.496000000E1	7.108338333E1	2.453513007E1
1.500000000E1	6.987538917E1	2.439995200E1
1.504000000E1	6.832840262E1	2.435433346E1
1.508000000E1	6.649073988E1	2.408567042E1
1.512000000E1	6.451444949E1	2.360430529E1
1.516000000E1	6.227660880E1	2.304209420E1
1.520000000E1	5.997207452E1	2.206797367E1
1.524000000E1	5.770823121E1	2.095201362E1
1.528000000E1	5.544730265E1	1.975548796E1
1.532000000E1	5.323387474E1	1.842505018E1
1.536000000E1	5.118476925E1	1.712156756E1
1.540000000E1	4.938434592E1	1.583870844E1
1.544000000E1	4.797464421E1	1.480043720E1
1.548000000E1	4.685100496E1	1.403768277E1
1.552000000E1	4.602426312E1	1.338907480E1
1.556000000E1	4.551151555E1	1.287354627E1
1.560000000E1	4.523772577E1	1.241291479E1
1.564000000E1	4.515050905E1	1.210985918E1
1.568000000E1	4.518179970E1	1.211646302E1
1.572000000E1	4.520611161E1	1.212473627E1
1.576000000E1	4.527210801E1	1.210662538E1
1.580000000E1	4.534860232E1	1.212927467E1
1.584000000E1	4.534972821E1	1.213281385E1
1.588000000E1	4.534586598E1	1.214148841E1
1.592000000E1	4.534633291E1	1.216790144E1
1.596000000E1	4.536189235E1	1.223608174E1
1.600000000E1	4.551438273E1	1.231611792E1
1.604000000E1	4.576883875E1	1.240923126E1
1.608000000E1	4.608005051E1	1.255464712E1
1.612000000E1	4.638844958E1	1.258420551E1
1.616000000E1	4.668815050E1	1.258706011E1
1.620000000E1	4.707683153E1	1.272302569E1
1.624000000E1	4.780705727E1	1.286461913E1
1.628000000E1	4.908262831E1	1.296648581E1
1.632000000E1	5.133119829E1	1.304819718E1
1.636000000E1	5.472000711E1	1.308031894E1
1.640000000E1	5.901908898E1	1.333677564E1
1.644000000E1	6.392901260E1	1.366808429E1
1.648000000E1	6.819176675E1	1.422393913E1
1.652000000E1	7.082196992E1	1.512953888E1
1.656000000E1	7.234339779E1	1.645478760E1
1.660000000E1	7.306390540E1	1.807036701E1
1.664000000E1	7.330962299E1	1.942443370E1
1.668000000E1	7.333334522E1	2.050054612E1
1.672000000E1	7.320629606E1	2.110310673E1
1.676000000E1	7.304107701E1	2.141328176E1
1.680000000E1	7.289129181E1	2.163880363E1
1.684000000E1	7.273071000E1	2.170154854E1
1.688000000E1	7.251445625E1	2.168158999E1
1.692000000E1	7.226642084E1	2.168806809E1
1.696000000E1	7.182413255E1	2.169518561E1
1.700000000E1	7.121583880E1	2.173989918E1
1.704000000E1	7.034598878E1	2.171016298E1
1.708000000E1	6.917655494E1	2.167524660E1
1.712000000E1	6.793974834E1	2.167405106E1
1.716000000E1	6.644892450E1	2.154167666E1
1.720000000E1	6.476372520E1	2.124218468E1
1.724000000E1	6.288616769E1	2.095193406E1
1.728000000E1	6.090400734E1	2.044010815E1
1.732000000E1	5.867912715E1	1.989152805E1
1.736000000E1	5.648992755E1	1.901208266E1
1.740000000E1	5.433480667E1	1.810766190E1
1.744000000E1	5.234625807E1	1.722461322E1
1.748000000E1	5.062394654E1	1.627250808E1
1.752000000E1	4.908400129E1	1.538568088E1
1.756000000E1	4.784447062E1	1.452034496E1
1.760000000E1	4.682877554E1	1.384223547E1
1.764000000E1	4.599613553E1	1.313145690E1
1.768000000E1	4.538614163E1	1.258270814E1
1.772000000E1	4.505226546E1	1.215239984E1
1.776000000E1	4.494123648E1	1.174123948E1
1.780000000E1	4.488248626E1	1.147037287E1
1.784000000E1	4.490020659E1	1.151322280E1
1.788000000E1	4.490605253E1	1.151969146E1
1.792000000E1	4.493351716E1	1.152818566E1
1.796000000E1	4.496050525E1	1.155305943E1
1.800000000E1	4.501145097E1	1.152917503E1
1.804000000E1	4.506294563E1	1.155825252E1
1.808000000E1	4.516584101E1	1.152968238E1
1.812000000E1	4.527139988E1	1.162401359E1
1.816000000E1	4.578313611E1	1.196508093E1
1.820000000E1	4.579024495E1	1.196744314E1
1.824000000E1	4.619561837E1	1.195797080E1
1.828000000E1	4.669793949E1	1.212275987E1
1.832000000E1	4.748837551E1	1.227886910E1
1.836000000E1	4.866744011E1	1.249921095E1
1.840000000E1	5.031088622E1	1.272887483E1
1.844000000E1	5.236933544E1	1.270152392E1
1.848000000E1	5.527277094E1	1.309725366E1
1.852000000E1	5.940778541E1	1.346656144E1
1.856000000E1	6.474505837E1	1.345924078E1
1.860000000E1	6.948603764E1	1.400910847E1
1.864000000E1	7.243744330E1	1.504122353E1
1.868000000E1	7.416317282E1	1.635193662E1
1.872000000E1	7.505907909E1	1.803553533E1
1.876000000E1	7.533422093E1	1.957048204E1
1.880000000E1	7.528422032E1	2.072033147E1
1.884000000E1	7.500765818E1	2.147923018E1
1.888000000E1	7.467046491E1	2.212635145E1
1.892000000E1	7.437529663E1	2.275783527E1
1.896000000E1	7.405646110E1	2.334357470E1
1.900000000E1	7.365730442E1	2.408080823E1
1.904000000E1	7.319597296E1	2.468201609E1
1.908000000E1	7.258354947E1	2.509658086E1
1.912000000E1	7.183370416E1	2.542879977E1
1.916000000E1	7.064740079E1	2.560500554E1
1.920000000E1	6.915777071E1	2.562587790E1
1.924000000E1	6.748705017E1	2.545332719E1
1.928000000E1	6.545186982E1	2.500099148E1
1.932000000E1	6.316546730E1	2.424608311E1
1.936000000E1	6.079216668E1	2.334097901E1
1.940000000E1	5.834069519E1	2.205265339E1
1.944000000E1	5.609033789E1	2.062583659E1
1.948000000E1	5.403331023E1	1.940332006E1
1.952000000E1	5.213564634E1	1.807879141E1
1.956000000E1	5.045326900E1	1.678885759E1
1.960000000E1	4.918908828E1	1.574056644E1
1.964000000E1	4.820061463E1	1.468399461E1
1.968000000E1	4.744636172E1	1.373836517E1
1.972000000E1	4.696710723E1	1.297942292E1
1.976000000E1	4.668410693E1	1.237402346E1
1.980000000E1	4.654589818E1	1.183359770E1
1.984000000E1	4.653948741E1	1.140226387E1
1.988000000E1	4.654017493E1	1.135342552E1
1.992000000E1	4.653752669E1	1.146241268E1
1.996000000E1	4.656411168E1	1.155906316E1
2.000000000E1	4.657155374E1	1.168321714E1
2.004000000E1	4.666395104E1	1.175645245E1
2.008000000E1	4.672287136E1	1.198164674E1
2.012000000E1	4.682502307E1	1.208597909E1
2.016000000E1	4.697305121E1	1.211624653E1
2.020000000E1	4.714884143E1	1.213530689E1
2.024000000E1	4.743746180E1	1.211204872E1
2.028000000E1	4.776140878E1	1.228245157E1
2.032000000E1	4.822458173E1	1.230558418E1
2.036000000E1	4.892093922E1	1.226775668E1
2.040000000E1	5.014835616E1	1.251881002E1
2.044000000E1	5.249146957E1	1.257312587E1
2.048000000E1	5.607195495E1	1.290859708E1
2.052000000E1	6.080976098E1	1.300762547E1
2.056000000E1	6.615758280E1	1.361459480E1
2.060000000E1	7.042530800E1	1.417172373E1
2.064000000E1	7.286588493E1	1.586077812E1
2.068000000E1	7.422907084E1	1.808972087E1
2.072000000E1	7.498906793E1	2.012646230E1
2.076000000E1	7.527131353E1	2.160672199E1
2.080000000E1	7.529709365E1	2.284641494E1
2.084000000E1	7.523104545E1	2.374837571E1
2.088000000E1	7.501309858E1	2.456573300E1
2.092000000E1	7.481378169E1	2.501937717E1
2.096000000E1	7.453042690E1	2.535595351E1
2.100000000E1	7.410974713E1	2.561651658E1
2.104000000E1	7.361866288E1	2.575062785E1
2.108000000E1	7.293731496E1	2.577624799E1
2.112000000E1	7.207949369E1	2.571807516E1
2.116000000E1	6.973694241E1	2.500121352E1
2.120000000E1	6.973923874E1	2.499990559E1
2.124000000E1	6.820598865E1	2.452895919E1
2.128000000E1	6.632958002E1	2.389902436E1
2.132000000E1	6.415639780E1	2.322445877E1
2.136000000E1	6.172780828E1	2.228430045E1
2.140000000E1	5.934476342E1	2.128080747E1
2.144000000E1	5.702064697E1	2.027505002E1
2.148000000E1	5.297764711E1	1.749753546E1
2.152000000E1	5.297713218E1	1.750735665E1
2.156000000E1	5.128436679E1	1.614629694E1
2.160000000E1	4.982605473E1	1.490514435E1
2.164000000E1	4.838345416E1	1.390548997E1
2.168000000E1	4.714599900E1	1.312333889E1
2.172000000E1	4.624432024E1	1.257132119E1
2.176000000E1	4.547578329E1	1.216057278E1
2.180000000E1	4.489237245E1	1.181595569E1
2.184000000E1	4.453679706E1	1.137748223E1
2.188000000E1	4.431411123E1	1.101865927E1
2.192000000E1	4.418624536E1	1.079535157E1
2.196000000E1	4.415339588E1	1.065839873E1
2.200000000E1	4.415324366E1	1.074207837E1
2.204000000E1	4.427326357E1	1.073483321E1
2.208000000E1	4.446597634E1	1.092687370E1
2.212000000E1	4.445584348E1	1.093917465E1
2.216000000E1	4.460229122E1	1.094062101E1
2.220000000E1	4.477336506E1	1.099571375E1
2.224000000E1	4.504674988E1	1.110206499E1
2.228000000E1	4.593659786E1	1.151731643E1
2.232000000E1	4.594266604E1	1.152244939E1
2.236000000E1	4.654546877E1	1.157798128E1
2.240000000E1	4.728692445E1	1.179961197E1
2.244000000E1	4.836598865E1	1.206069557E1
2.248000000E1	5.010260608E1	1.216009237E1
2.252000000E1	5.256351395E1	1.239287521E1
2.256000000E1	5.593784530E1	1.283031603E1
2.260000000E1	6.016182070E1	1.326049584E1
2.264000000E1	6.505372577E1	1.345646116E1
2.268000000E1	7.316864828E1	1.450053576E1
2.272000000E1	7.288283753E1	1.601327231E1
2.276000000E1	7.480360473E1	1.742409946E1
2.280000000E1	7.579610668E1	1.902890023E1
2.284000000E1	7.617146904E1	2.068773231E1
2.288000000E1	7.623571381E1	2.198951374E1
2.292000000E1	7.605049623E1	2.293007029E1
2.296000000E1	7.574325703E1	2.367799763E1
2.300000000E1	7.542828431E1	2.422703479E1
2.304000000E1	7.510460146E1	2.464392287E1
2.308000000E1	7.471754671E1	2.509211008E1
2.312000000E1	7.426686098E1	2.545009931E1
2.316000000E1	7.302583784E1	2.585368696E1
2.320000000E1	7.302713482E1	2.588462168E1
2.324000000E1	7.213021906E1	2.590704565E1
2.328000000E1	7.093670445E1	2.588941651E1
2.332000000E1	6.945546723E1	2.585015846E1
2.336000000E1	6.775517543E1	2.555424376E1
2.340000000E1	6.583081209E1	2.522154481E1
2.344000000E1	6.360898203E1	2.465796291E1
2.348000000E1	6.140402567E1	2.373296175E1
2.352000000E1	5.909260294E1	2.263763860E1
2.356000000E1	5.487241321E1	1.993317123E1
2.360000000E1	5.490760088E1	1.991528250E1
2.364000000E1	5.294846479E1	1.860678830E1
2.368000000E1	5.120701252E1	1.733218855E1
2.372000000E1	4.954799228E1	1.629673305E1
2.376000000E1	4.817840757E1	1.537855661E1
2.380000000E1	4.699878427E1	1.465497021E1
2.384000000E1	4.606635773E1	1.408078136E1
2.388000000E1	4.535404182E1	1.365329776E1
2.392000000E1	4.475061138E1	1.332418352E1
2.396000000E1	4.429773586E1	1.304776495E1
2.400000000E1	4.397468510E1	1.300167465E1
2.404000000E1	4.371867767E1	1.300527288E1
2.408000000E1	4.354970776E1	1.300180635E1
2.412000000E1	4.341092608E1	1.299337438E1
2.416000000E1	4.339243806E1	1.287256461E1
2.420000000E1	4.340562991E1	1.278802951E1
2.424000000E1	4.341428852E1	1.270637993E1
2.428000000E1	4.344204427E1	1.256388071E1
2.432000000E1	4.345633507E1	1.247962846E1
2.436000000E1	4.340381029E1	1.240985798E1
2.440000000E1	4.339944698E1	1.242059610E1
2.444000000E1	4.340437714E1	1.242857306E1
2.448000000E1	4.341788605E1	1.244386599E1
2.452000000E1	4.342734389E1	1.248374589E1
2.456000000E1	4.341074001E1	1.251355672E1
2.460000000E1	4.352590857E1	1.258895696E1
2.464000000E1	4.371521304E1	1.273630866E1
2.468000000E1	4.402067154E1	1.284289185E1
2.472000000E1	4.458898009E1	1.299349429E1
2.476000000E1	4.546633191E1	1.313994963E1
2.480000000E1	4.669528404E1	1.329858382E1
2.484000000E1	4.834540908E1	1.344257056E1
2.488000000E1	5.062528308E1	1.361714857E1
2.492000000E1	5.383688423E1	1.404230232E1
2.496000000E1	5.823442842E1	1.428170218E1
2.500000000E1	6.392560733E1	1.422858954E1
2.504000000E1	6.903576079E1	1.496692063E1
2.508000000E1	7.243429361E1	1.645840910E1
2.512000000E1	7.427728887E1	1.845144670E1
2.516000000E1	7.523364490E1	2.065418069E1
2.520000000E1	7.568499881E1	2.245772625E1
2.524000000E1	7.567424087E1	2.471386355E1
2.528000000E1	7.571445922E1	2.469679917E1
2.532000000E1	7.544318295E1	2.532476461E1
2.536000000E1	7.514109062E1	2.572273858E1
2.540000000E1	7.494161136E1	2.590850093E1
2.544000000E1	7.467922398E1	2.603768499E1
2.548000000E1	7.436368481E1	2.603583733E1
2.552000000E1	7.392625927E1	2.603507518E1
2.556000000E1	7.335401833E1	2.591202238E1
2.560000000E1	7.258854387E1	2.576109737E1
2.564000000E1	7.167895289E1	2.543118948E1
2.568000000E1	7.061973413E1	2.513721846E1
2.572000000E1	6.776538337E1	2.411870289E1
2.576000000E1	6.779441198E1	2.409836365E1
2.580000000E1	6.615984956E1	2.353685935E1
2.584000000E1	6.434152029E1	2.287794749E1
2.588000000E1	6.237372183E1	2.225583871E1
2.592000000E1	6.028318853E1	2.159263379E1
2.596000000E1	5.815078902E1	2.089914610E1
2.600000000E1	5.599501555E1	2.005471028E1
2.604000000E1	5.400138769E1	1.915758532E1
2.608000000E1	5.218253173E1	1.826406460E1
2.612000000E1	5.056144241E1	1.748202379E1
2.616000000E1	4.908706807E1	1.683739032E1
2.620000000E1	4.775793670E1	1.632360221E1
2.624000000E1	4.662056746E1	1.582086857E1
2.628000000E1	4.579606394E1	1.542280510E1
2.632000000E1	4.508056970E1	1.501429843E1
2.636000000E1	4.461955555E1	1.453703439E1
2.640000000E1	4.442338004E1	1.422851507E1
2.644000000E1	4.433652619E1	1.406745952E1
2.648000000E1	4.442879417E1	1.382197572E1
2.652000000E1	4.459708339E1	1.363500274E1
2.656000000E1	4.477359346E1	1.359854715E1
2.660000000E1	4.504358381E1	1.360550368E1
2.664000000E1	4.534346513E1	1.361360540E1
2.668000000E1	4.563646907E1	1.359031045E1
2.672000000E1	4.594972528E1	1.355368866E1
2.676000000E1	4.670679484E1	1.360966543E1
2.680000000E1	4.670099178E1	1.361755633E1
2.684000000E1	4.743770148E1	1.371703000E1
2.688000000E1	4.857888265E1	1.384534398E1
2.692000000E1	5.020046961E1	1.399027298E1
2.696000000E1	5.210254682E1	1.409302999E1
2.700000000E1	5.448107740E1	1.436782747E1
2.704000000E1	5.776103859E1	1.470281421E1
2.708000000E1	6.218022352E1	1.506560926E1
2.712000000E1	6.735325211E1	1.558485182E1
2.716000000E1	7.144343210E1	1.666812374E1
2.720000000E1	7.393455070E1	1.802026491E1
2.724000000E1	7.526175645E1	1.977800650E1
2.728000000E1	7.587491157E1	2.152199522E1
2.732000000E1	7.595146425E1	2.285564664E1
2.736000000E1	7.578193475E1	2.382830691E1
2.740000000E1	7.543487990E1	2.440575690E1
2.744000000E1	7.510169289E1	2.472246568E1
2.748000000E1	7.469176574E1	2.506277214E1
2.752000000E1	7.422948235E1	2.529851711E1
2.756000000E1	7.376782944E1	2.559232932E1
2.760000000E1	7.318953248E1	2.589037417E1
2.764000000E1	7.257860507E1	2.617119914E1
2.768000000E1	7.180609635E1	2.641474565E1
2.772000000E1	7.090666644E1	2.650735993E1
2.776000000E1	6.976183884E1	2.672732968E1
2.780000000E1	6.841094777E1	2.680433419E1
2.784000000E1	6.687006874E1	2.663296469E1
2.788000000E1	6.516042939E1	2.654333299E1
2.792000000E1	6.310778119E1	2.605465559E1
2.796000000E1	6.094325964E1	2.531693056E1
2.800000000E1	5.876280651E1	2.444518128E1
2.804000000E1	5.661111702E1	2.323847075E1
2.808000000E1	5.448749299E1	2.198457534E1
2.812000000E1	5.243853828E1	2.084404896E1
2.816000000E1	5.042199656E1	1.963956971E1
2.820000000E1	4.867326337E1	1.861428400E1
2.824000000E1	4.709605184E1	1.771987178E1
2.828000000E1	4.581186321E1	1.704529323E1
2.832000000E1	4.472680196E1	1.648539502E1
2.836000000E1	4.391470861E1	1.602084407E1
2.840000000E1	4.338790293E1	1.569121291E1
2.844000000E1	4.312426338E1	1.545486766E1
2.848000000E1	4.310324998E1	1.512204487E1
2.852000000E1	4.324990479E1	1.485340884E1
2.856000000E1	4.342102027E1	1.465083805E1
2.860000000E1	4.369143389E1	1.441174047E1
2.864000000E1	4.398378982E1	1.424753472E1
2.868000000E1	4.428667452E1	1.409942300E1
2.872000000E1	4.457728132E1	1.397124912E1
2.876000000E1	4.488548570E1	1.388334085E1
2.880000000E1	4.520312226E1	1.384506906E1
2.884000000E1	4.563257835E1	1.382696485E1
2.888000000E1	4.621930974E1	1.378995618E1
2.892000000E1	4.696285397E1	1.381238620E1
2.896000000E1	4.801939249E1	1.387367650E1
2.900000000E1	4.963886293E1	1.393381391E1
2.904000000E1	5.190362756E1	1.398682576E1
2.908000000E1	5.493069332E1	1.399901077E1
2.912000000E1	5.932739643E1	1.424855929E1
2.916000000E1	6.454061817E1	1.427137744E1
2.920000000E1	6.943349473E1	1.473688953E1
2.924000000E1	7.232056318E1	1.568400356E1
2.928000000E1	7.500900554E1	1.978339082E1
2.932000000E1	7.496889581E1	1.979857426E1
2.936000000E1	7.555852297E1	2.199276690E1
2.940000000E1	7.573048225E1	2.373989432E1
2.944000000E1	7.571696275E1	2.493280925E1
2.948000000E1	7.557599079E1	2.586748736E1
2.952000000E1	7.540795968E1	2.650650082E1
2.956000000E1	7.526623704E1	2.688280991E1
2.960000000E1	7.509731393E1	2.712861815E1
2.964000000E1	7.490330215E1	2.726547621E1
2.968000000E1	7.464987890E1	2.735382906E1
2.972000000E1	7.419070270E1	2.734443967E1
2.976000000E1	7.349396967E1	2.733740168E1
2.980000000E1	7.257573073E1	2.714510906E1
2.984000000E1	7.152918429E1	2.685570392E1
2.988000000E1	7.026641562E1	2.653593793E1
2.992000000E1	6.882900829E1	2.622109248E1
2.996000000E1	6.718589230E1	2.560875011E1
3.000000000E1	6.540238611E1	2.476590330E1
3.004000000E1	6.343819745E1	2.389742326E1
3.008000000E1	6.134661990E1	2.291332021E1
3.012000000E1	5.924951979E1	2.187669267E1
3.016000000E1	5.714182759E1	2.086549328E1
3.020000000E1	5.505713217E1	1.968119367E1
3.024000000E1	5.309522639E1	1.861083791E1
3.028000000E1	5.117791103E1	1.752521949E1
3.032000000E1	4.948626471E1	1.663705682E1
3.036000000E1	4.801776792E1	1.580625072E1
3.040000000E1	4.684845714E1	1.504925824E1
3.044000000E1	4.601972377E1	1.446075187E1
3.048000000E1	4.548956591E1	1.411839523E1
3.052000000E1	4.518325492E1	1.372080131E1
3.056000000E1	4.501126508E1	1.334413997E1
3.060000000E1	4.501868195E1	1.309119015E1
3.064000000E1	4.503658547E1	1.293424418E1
3.068000000E1	4.503799178E1	1.390649035E1
3.072000000E1	4.503712614E1	1.389075827E1
3.076000000E1	4.503182904E1	1.389067520E1
3.080000000E1	4.505732023E1	1.392818320E1
3.084000000E1	4.504889335E1	1.392348833E1
3.088000000E1	4.509505265E1	1.398106473E1
3.092000000E1	4.517798536E1	1.404389064E1
3.096000000E1	4.534484855E1	1.411174718E1
3.100000000E1	4.554371992E1	1.421555308E1
3.104000000E1	4.580768776E1	1.436539404E1
3.108000000E1	4.624790136E1	1.449438618E1
3.112000000E1	4.697607747E1	1.450740459E1
3.116000000E1	4.803627822E1	1.451691296E1
3.120000000E1	4.949085231E1	1.468841209E1
3.124000000E1	5.147950006E1	1.482508941E1
3.128000000E1	5.447505721E1	1.406773455E1
3.132000000E1	5.881534139E1	1.405318308E1
3.136000000E1	6.431712942E1	1.413382125E1
3.140000000E1	6.947062013E1	1.494829834E1
3.144000000E1	7.303249428E1	1.631258581E1
3.148000000E1	7.479973232E1	1.811818547E1
3.152000000E1	7.580652751E1	2.020679776E1
3.156000000E1	7.623631939E1	2.186641251E1
3.160000000E1	7.628213639E1	2.297172826E1
3.164000000E1	7.615767877E1	2.351879727E1
3.168000000E1	7.586447045E1	2.380780080E1
3.172000000E1	7.546056294E1	2.387185003E1
3.176000000E1	7.510142236E1	2.379217840E1
3.180000000E1	7.470234025E1	2.368342235E1
3.184000000E1	7.423097249E1	2.349947696E1
3.188000000E1	7.357903627E1	2.342281321E1
3.192000000E1	7.276571467E1	2.347030510E1
3.196000000E1	7.169837079E1	2.320455521E1
3.200000000E1	7.045914512E1	2.288177789E1
3.204000000E1	6.899700947E1	2.254472781E1
3.208000000E1	6.530286533E1	2.141817701E1
3.212000000E1	6.526898036E1	2.141237914E1
3.216000000E1	6.325276500E1	2.107140871E1
3.220000000E1	6.117336599E1	2.051689671E1
3.224000000E1	5.909604606E1	2.006114426E1
3.228000000E1	5.700057136E1	1.966698910E1
3.232000000E1	5.488814816E1	1.929135561E1
3.236000000E1	5.280974412E1	1.889575851E1
3.240000000E1	5.098293305E1	1.838903826E1
3.244000000E1	4.940830947E1	1.772946251E1
3.248000000E1	4.799264057E1	1.702149186E1
3.252000000E1	4.687021960E1	1.641255169E1
3.256000000E1	4.597856534E1	1.585796637E1
3.260000000E1	4.534829831E1	1.537078897E1
3.264000000E1	4.502942982E1	1.494826687E1
3.268000000E1	4.500500708E1	1.444434048E1
3.272000000E1	4.502932530E1	1.449173042E1
3.276000000E1	4.516289022E1	1.428176084E1
3.280000000E1	4.520970469E1	1.418638591E1
3.284000000E1	4.529700704E1	1.399728841E1
3.288000000E1	4.536943031E1	1.393028358E1
3.292000000E1	4.550267044E1	1.389427100E1
3.296000000E1	4.571085112E1	1.383724669E1
3.300000000E1	4.593670095E1	1.380615830E1
3.304000000E1	4.623904731E1	1.378189565E1
3.308000000E1	4.654253538E1	1.377526228E1
3.312000000E1	4.692375312E1	1.377886302E1
3.316000000E1	4.733082479E1	1.377813141E1
3.320000000E1	4.774562758E1	1.376114046E1
3.324000000E1	4.836033422E1	1.360009143E1
3.328000000E1	4.923677721E1	1.336771949E1
3.332000000E1	5.046739996E1	1.316580782E1
3.336000000E1	5.222543009E1	1.341035106E1
3.340000000E1	5.488120556E1	1.361132020E1
3.344000000E1	5.878449536E1	1.409650837E1
3.348000000E1	6.356484984E1	1.423912533E1
3.352000000E1	6.817729918E1	1.468191558E1
3.356000000E1	7.112185609E1	1.575566382E1
3.360000000E1	7.277131325E1	1.731789178E1
3.364000000E1	7.389145796E1	1.946369313E1
3.368000000E1	7.449832895E1	2.139363661E1
3.372000000E1	7.472486691E1	2.298992786E1
3.376000000E1	7.472693567E1	2.413291888E1
3.380000000E1	7.454809384E1	2.474207518E1
3.384000000E1	7.429414993E1	2.505528756E1
3.388000000E1	7.399547246E1	2.505674552E1
3.392000000E1	7.364744501E1	2.488632980E1
3.396000000E1	7.332805461E1	2.467460447E1
3.400000000E1	7.291216250E1	2.441130129E1
3.404000000E1	7.241224785E1	2.405651075E1
3.408000000E1	7.171973085E1	2.369961754E1
3.412000000E1	7.079667976E1	2.328412932E1
3.416000000E1	6.960548382E1	2.289624745E1
3.420000000E1	6.807721105E1	2.233521425E1
3.424000000E1	6.642322343E1	2.172938285E1
3.428000000E1	6.462140046E1	2.140574676E1
3.432000000E1	6.258623919E1	2.081973402E1
3.436000000E1	6.058139725E1	2.019967883E1
3.440000000E1	5.869690765E1	1.975790205E1
3.444000000E1	5.687125924E1	1.901877521E1
3.448000000E1	5.358220103E1	1.747325829E1
3.452000000E1	5.358170482E1	1.749274576E1
3.456000000E1	5.208879914E1	1.673819097E1
3.460000000E1	5.073208970E1	1.602089652E1
3.464000000E1	4.952944206E1	1.540612528E1
3.468000000E1	4.848688773E1	1.482699476E1
3.472000000E1	4.757457723E1	1.438330861E1
3.476000000E1	4.672454745E1	1.401212381E1
3.480000000E1	4.597731275E1	1.373647720E1
3.484000000E1	4.546179803E1	1.351863750E1
3.488000000E1	4.516517490E1	1.342850888E1
3.492000000E1	4.503177070E1	1.345615640E1
3.496000000E1	4.500737501E1	1.340993009E1
3.500000000E1	4.511132340E1	1.337833327E1
3.504000000E1	4.521732296E1	1.333759540E1
3.508000000E1	4.537638432E1	1.331233032E1
3.512000000E1	4.564762500E1	1.321350731E1
3.516000000E1	4.592880752E1	1.313445493E1
3.520000000E1	4.624638178E1	1.305153540E1
3.524000000E1	4.653682830E1	1.301942868E1
3.528000000E1	4.681854860E1	1.301248903E1
3.532000000E1	4.713085919E1	1.301585100E1
3.536000000E1	4.758865060E1	1.302025167E1
3.540000000E1	4.837239159E1	1.302927471E1
