Axel
t	x	y
0.000000000E0	1.060418958E1	2.794101419E1
4.000000000E-2	1.060582020E1	2.794605473E1
8.000000000E-2	1.060992891E1	2.793118047E1
1.200000000E-1	1.060634642E1	2.793652104E1
1.600000000E-1	1.060695222E1	2.792622369E1
2.000000000E-1	1.060580165E1	2.793141252E1
2.400000000E-1	1.060562483E1	2.793310033E1
2.800000000E-1	1.060936152E1	2.793276501E1
3.200000000E-1	1.061519571E1	2.792801817E1
3.600000000E-1	1.061598415E1	2.792095075E1
4.000000000E-1	1.061622428E1	2.791682461E1
4.400000000E-1	1.062156729E1	2.792373461E1
4.800000000E-1	1.061187821E1	2.793890500E1
5.200000000E-1	1.060779446E1	2.793889439E1
5.600000000E-1	1.060576829E1	2.792831152E1
6.000000000E-1	1.060243908E1	2.793403963E1
6.400000000E-1	1.060042770E1	2.793620408E1
6.800000000E-1	1.060158043E1	2.794147612E1
7.200000000E-1	1.060251387E1	2.793930504E1
7.600000000E-1	1.059874184E1	2.795710299E1
8.000000000E-1	1.059536362E1	2.795342054E1
8.400000000E-1	1.059900049E1	2.794844708E1
8.800000000E-1	1.060025195E1	2.794940577E1
9.200000000E-1	1.060379479E1	2.794463139E1
9.600000000E-1	1.060518491E1	2.794472588E1
1.000000000E0	1.060624224E1	2.794475805E1
1.040000000E0	1.060537654E1	2.794451774E1
1.080000000E0	1.060514275E1	2.794456856E1
1.120000000E0	1.060510731E1	2.794326126E1
1.160000000E0	1.060395256E1	2.794181504E1
1.200000000E0	1.060493059E1	2.793932545E1
1.240000000E0	1.060585778E1	2.793707064E1
1.280000000E0	1.061120555E1	2.793024400E1
1.320000000E0	1.061796687E1	2.792184378E1
1.360000000E0	1.061364698E1	2.792845743E1
1.400000000E0	1.060533149E1	2.793345483E1
1.440000000E0	1.059632693E1	2.793761021E1
1.480000000E0	1.050104538E1	2.794861870E1
1.520000000E0	1.045850499E1	2.795658902E1
1.560000000E0	1.044210026E1	2.797068701E1
1.600000000E0	1.044011112E1	2.796624265E1
1.640000000E0	1.044364565E1	2.798592450E1
1.680000000E0	1.044729184E1	2.805761076E1
1.720000000E0	1.053019099E1	2.809719957E1
1.760000000E0	1.074186249E1	2.823449555E1
1.800000000E0	1.090373002E1	2.838881098E1
1.840000000E0	1.108491945E1	2.855396426E1
1.880000000E0	1.149218253E1	2.868843874E1
1.920000000E0	1.209465255E1	2.889399339E1
1.960000000E0	1.285390061E1	2.926207587E1
2.000000000E0	1.391322221E1	2.977776430E1
2.040000000E0	1.513058419E1	3.036063523E1
2.080000000E0	1.650296869E1	3.098632801E1
2.120000000E0	1.800037440E1	3.157576267E1
2.160000000E0	1.962906206E1	3.214954447E1
2.200000000E0	2.137091758E1	3.258322990E1
2.240000000E0	2.316922001E1	3.292251590E1
2.280000000E0	2.487832707E1	3.318700204E1
2.320000000E0	2.632090404E1	3.338547064E1
2.360000000E0	2.741231815E1	3.347833274E1
2.400000000E0	2.813036541E1	3.346900546E1
2.440000000E0	2.844380246E1	3.348399348E1
2.480000000E0	2.841911350E1	3.337709624E1
2.520000000E0	2.810117476E1	3.333837231E1
2.560000000E0	2.757151511E1	3.336815183E1
2.600000000E0	2.679504677E1	3.347959578E1
2.640000000E0	2.583420208E1	3.346998199E1
2.680000000E0	2.480257408E1	3.335686537E1
2.720000000E0	2.362964334E1	3.330480136E1
2.760000000E0	2.242333537E1	3.319542665E1
2.800000000E0	2.113262544E1	3.313214612E1
2.840000000E0	1.996257754E1	3.306626963E1
2.880000000E0	1.890481436E1	3.300548039E1
2.920000000E0	1.788787216E1	3.291552041E1
2.960000000E0	1.711689433E1	3.277862070E1
3.000000000E0	1.636894167E1	3.257142488E1
3.040000000E0	1.574951345E1	3.230898873E1
3.080000000E0	1.529064869E1	3.211625825E1
3.120000000E0	1.506929833E1	3.188266319E1
3.160000000E0	1.500923729E1	3.178326009E1
3.200000000E0	1.500620425E1	3.172496450E1
3.240000000E0	1.497298430E1	3.167727144E1
3.280000000E0	1.495502077E1	3.158351800E1
3.320000000E0	1.483416281E1	3.148064274E1
3.360000000E0	1.466326401E1	3.124154159E1
3.400000000E0	1.434984861E1	3.093762186E1
3.440000000E0	1.388658434E1	3.056917602E1
3.480000000E0	1.340230926E1	3.031184853E1
3.520000000E0	1.297912007E1	3.005015590E1
3.560000000E0	1.257004221E1	2.971831572E1
3.600000000E0	1.222342158E1	2.945982729E1
3.640000000E0	1.197661529E1	2.917858591E1
3.680000000E0	1.179515256E1	2.889905838E1
3.720000000E0	1.178612892E1	2.871218986E1
3.760000000E0	1.176641205E1	2.846262381E1
3.800000000E0	1.174849554E1	2.839789762E1
3.840000000E0	1.178572438E1	2.832122235E1
3.880000000E0	1.177828429E1	2.821847982E1
3.920000000E0	1.175345089E1	2.816466526E1
3.960000000E0	1.174895313E1	2.811010926E1
4.000000000E0	1.178028632E1	2.809138451E1
4.040000000E0	1.179840659E1	2.819950901E1
4.080000000E0	1.194070986E1	2.833080336E1
4.120000000E0	1.226489742E1	2.847555556E1
4.160000000E0	1.275402432E1	2.882171701E1
4.200000000E0	1.329663089E1	2.916145133E1
4.240000000E0	1.405853280E1	2.959903994E1
4.280000000E0	1.511326538E1	3.009064080E1
4.320000000E0	1.636376854E1	3.059485708E1
4.360000000E0	1.770562767E1	3.117613036E1
4.400000000E0	1.910172952E1	3.176034272E1
4.440000000E0	2.057324902E1	3.219961425E1
4.480000000E0	2.193508733E1	3.263375134E1
4.520000000E0	2.329832294E1	3.295219957E1
4.560000000E0	2.449046798E1	3.317172023E1
4.600000000E0	2.550186757E1	3.332561739E1
4.640000000E0	2.630942826E1	3.336526816E1
4.680000000E0	2.695179990E1	3.341010768E1
4.720000000E0	2.736542972E1	3.343511568E1
4.760000000E0	2.757120662E1	3.348039882E1
4.800000000E0	2.754910803E1	3.348039306E1
4.840000000E0	2.727336057E1	3.349745124E1
4.880000000E0	2.682569417E1	3.352103034E1
4.920000000E0	2.621509266E1	3.351319574E1
4.960000000E0	2.547894401E1	3.345330529E1
5.000000000E0	2.461207719E1	3.335028105E1
5.040000000E0	2.368981512E1	3.332921806E1
5.080000000E0	2.279914062E1	3.331551125E1
5.120000000E0	2.187963053E1	3.311131842E1
5.160000000E0	2.095403230E1	3.286760516E1
5.200000000E0	2.004029849E1	3.261568079E1
5.240000000E0	1.921665523E1	3.232678641E1
5.280000000E0	1.840928801E1	3.210686181E1
5.320000000E0	1.769313195E1	3.190870819E1
5.360000000E0	1.706659628E1	3.170245012E1
5.400000000E0	1.645717928E1	3.151651140E1
5.440000000E0	1.597847014E1	3.138894525E1
5.480000000E0	1.567364056E1	3.126213572E1
5.520000000E0	1.538693770E1	3.116284057E1
5.560000000E0	1.522531614E1	3.094927288E1
5.600000000E0	1.511955719E1	3.091620751E1
5.640000000E0	1.507356308E1	3.084762144E1
5.680000000E0	1.505944948E1	3.078203980E1
5.720000000E0	1.504585735E1	3.066763175E1
5.760000000E0	1.495719666E1	3.053610266E1
5.800000000E0	1.478300264E1	3.031372206E1
5.840000000E0	1.445417412E1	3.004717554E1
5.880000000E0	1.402985561E1	2.977935951E1
5.920000000E0	1.353501549E1	2.948196518E1
5.960000000E0	1.314396728E1	2.930191830E1
6.000000000E0	1.278758239E1	2.905777257E1
6.040000000E0	1.258004807E1	2.896484587E1
6.080000000E0	1.253266686E1	2.883598830E1
6.120000000E0	1.255844792E1	2.884250025E1
6.160000000E0	1.283059077E1	2.905456331E1
6.200000000E0	1.314529275E1	2.914915167E1
6.240000000E0	1.334334743E1	2.928426249E1
6.280000000E0	1.344580060E1	2.931021420E1
6.320000000E0	1.343913012E1	2.929157483E1
6.360000000E0	1.327891855E1	2.921601896E1
6.400000000E0	1.316728461E1	2.928334364E1
6.440000000E0	1.327772484E1	2.941363441E1
6.480000000E0	1.360212221E1	2.946049784E1
6.520000000E0	1.420669646E1	2.973582085E1
6.560000000E0	1.498832260E1	3.008739120E1
6.600000000E0	1.597459335E1	3.055995802E1
6.640000000E0	1.728174073E1	3.111060226E1
6.680000000E0	1.868106145E1	3.161585921E1
6.720000000E0	2.011392833E1	3.201190642E1
6.760000000E0	2.140106998E1	3.232708021E1
6.800000000E0	2.272459000E1	3.259183269E1
6.840000000E0	2.387797590E1	3.278380143E1
6.880000000E0	2.482274968E1	3.287448807E1
6.920000000E0	2.558023502E1	3.288919263E1
6.960000000E0	2.606731049E1	3.288055847E1
7.000000000E0	2.642814577E1	3.287933728E1
7.040000000E0	2.664291383E1	3.289058467E1
7.080000000E0	2.685322284E1	3.292461325E1
7.120000000E0	2.696812248E1	3.290887101E1
7.160000000E0	2.695802868E1	3.289512468E1
7.200000000E0	2.681153331E1	3.299008171E1
7.240000000E0	2.652856502E1	3.316269413E1
7.280000000E0	2.612352453E1	3.323692053E1
7.320000000E0	2.561215179E1	3.334860120E1
7.360000000E0	2.493184469E1	3.334132394E1
7.400000000E0	2.416416056E1	3.330093783E1
7.440000000E0	2.323247277E1	3.320356618E1
7.480000000E0	2.226648798E1	3.316911613E1
7.520000000E0	2.139542359E1	3.320366131E1
7.560000000E0	2.052167360E1	3.319370185E1
7.600000000E0	1.975811572E1	3.304798955E1
7.640000000E0	1.911577099E1	3.289580697E1
7.680000000E0	1.851369459E1	3.276884264E1
7.720000000E0	1.798221371E1	3.260211370E1
7.760000000E0	1.751121948E1	3.235457975E1
7.800000000E0	1.706875770E1	3.214481145E1
7.840000000E0	1.671865922E1	3.196897318E1
7.880000000E0	1.644265614E1	3.181912390E1
7.920000000E0	1.627484266E1	3.167820908E1
7.960000000E0	1.617653592E1	3.152455416E1
8.000000000E0	1.612747165E1	3.139797359E1
8.040000000E0	1.601252629E1	3.129280705E1
8.080000000E0	1.585265735E1	3.110262215E1
8.120000000E0	1.556080728E1	3.082907047E1
8.160000000E0	1.511977198E1	3.048671775E1
8.200000000E0	1.457971469E1	3.013693838E1
8.240000000E0	1.402838328E1	2.979392228E1
8.280000000E0	1.350579161E1	2.955382558E1
8.320000000E0	1.300012376E1	2.930582818E1
8.360000000E0	1.266779995E1	2.906850403E1
8.400000000E0	1.250897639E1	2.889540235E1
8.440000000E0	1.256345992E1	2.870162263E1
8.480000000E0	1.268712109E1	2.868659240E1
8.520000000E0	1.288000911E1	2.870433613E1
8.560000000E0	1.325428534E1	2.893535421E1
8.600000000E0	1.376017628E1	2.914254899E1
8.640000000E0	1.433542702E1	2.933457230E1
8.680000000E0	1.508744790E1	2.968833304E1
8.720000000E0	1.600662854E1	3.015043969E1
8.760000000E0	1.706577230E1	3.062913270E1
8.800000000E0	1.822516360E1	3.112816329E1
8.840000000E0	1.944292983E1	3.155481457E1
8.880000000E0	2.068187244E1	3.194523213E1
8.920000000E0	2.184776614E1	3.227895046E1
8.960000000E0	2.300517353E1	3.256742867E1
9.000000000E0	2.414664911E1	3.286833747E1
9.040000000E0	2.512313739E1	3.304249915E1
9.080000000E0	2.600360314E1	3.317863802E1
9.120000000E0	2.668309620E1	3.331471652E1
9.160000000E0	2.705852506E1	3.343176158E1
9.200000000E0	2.711714041E1	3.349531069E1
9.240000000E0	2.695576801E1	3.338486282E1
9.280000000E0	2.652347135E1	3.331044188E1
9.320000000E0	2.590249186E1	3.317743339E1
9.360000000E0	2.516232008E1	3.305409150E1
9.400000000E0	2.430124175E1	3.301588752E1
9.440000000E0	2.338268142E1	3.292372468E1
9.480000000E0	2.245930815E1	3.282579376E1
9.520000000E0	2.156368765E1	3.274731539E1
9.560000000E0	2.066794849E1	3.261852054E1
9.600000000E0	1.987192189E1	3.242853179E1
9.640000000E0	1.915039803E1	3.225846325E1
9.680000000E0	1.850225063E1	3.209896156E1
9.720000000E0	1.800745378E1	3.189528900E1
9.760000000E0	1.751205578E1	3.169833265E1
9.800000000E0	1.709875549E1	3.153199569E1
9.840000000E0	1.676082381E1	3.138399621E1
9.880000000E0	1.655004451E1	3.126468547E1
9.920000000E0	1.640716344E1	3.114101360E1
9.960000000E0	1.629974182E1	3.106812592E1
1.000000000E1	1.618319965E1	3.097895980E1
1.004000000E1	1.614686243E1	3.093350393E1
1.008000000E1	1.613280944E1	3.085285661E1
1.012000000E1	1.610613661E1	3.076668194E1
1.016000000E1	1.599603869E1	3.056360909E1
1.020000000E1	1.576831787E1	3.029478358E1
1.024000000E1	1.540863972E1	3.004217758E1
1.028000000E1	1.503649501E1	2.987726569E1
1.032000000E1	1.466411319E1	2.972261752E1
1.036000000E1	1.422620075E1	2.957208665E1
1.040000000E1	1.381309834E1	2.942951304E1
1.044000000E1	1.348655097E1	2.928148020E1
1.048000000E1	1.325653457E1	2.914216529E1
1.052000000E1	1.314897299E1	2.903949816E1
1.056000000E1	1.318374814E1	2.894839471E1
1.060000000E1	1.318453339E1	2.894575841E1
1.064000000E1	1.332558226E1	2.897895016E1
1.068000000E1	1.357931387E1	2.902371178E1
1.072000000E1	1.389121072E1	2.914853428E1
1.076000000E1	1.429126775E1	2.923669410E1
1.080000000E1	1.481292278E1	2.938830405E1
1.084000000E1	1.545239572E1	2.956390398E1
1.088000000E1	1.629678159E1	2.992669198E1
1.092000000E1	1.746147791E1	3.034829426E1
1.096000000E1	1.873581463E1	3.079076825E1
1.100000000E1	2.002540026E1	3.125895747E1
1.104000000E1	2.133020080E1	3.169711193E1
1.108000000E1	2.255952938E1	3.205201156E1
1.112000000E1	2.369252289E1	3.234882422E1
1.116000000E1	2.466895054E1	3.260056828E1
1.120000000E1	2.537579799E1	3.275583119E1
1.124000000E1	2.587098673E1	3.287493526E1
1.128000000E1	2.618744395E1	3.291005371E1
1.132000000E1	2.624613946E1	3.292008673E1
1.136000000E1	2.615430260E1	3.289821478E1
1.140000000E1	2.587897866E1	3.287803177E1
1.144000000E1	2.543503094E1	3.283500696E1
1.148000000E1	2.487515752E1	3.281012195E1
1.152000000E1	2.423902559E1	3.272879230E1
1.156000000E1	2.355667657E1	3.260477276E1
1.160000000E1	2.278861191E1	3.249052427E1
1.164000000E1	2.202732644E1	3.233958314E1
1.168000000E1	2.128253824E1	3.222214959E1
1.172000000E1	2.063405872E1	3.213204496E1
1.176000000E1	2.000182314E1	3.199470195E1
1.180000000E1	1.934733631E1	3.182505290E1
1.184000000E1	1.873819771E1	3.164517688E1
1.188000000E1	1.821025688E1	3.142363584E1
1.192000000E1	1.766777827E1	3.123190525E1
1.196000000E1	1.722027740E1	3.110028728E1
1.200000000E1	1.681489315E1	3.099561481E1
1.204000000E1	1.645324732E1	3.090822121E1
1.208000000E1	1.617956294E1	3.087052944E1
1.212000000E1	1.600384939E1	3.081376409E1
1.216000000E1	1.589000305E1	3.077505003E1
1.220000000E1	1.582349988E1	3.072637935E1
1.224000000E1	1.577914235E1	3.076833854E1
1.228000000E1	1.572547581E1	3.078193436E1
1.232000000E1	1.571344462E1	3.070844909E1
1.236000000E1	1.559349957E1	3.059988347E1
1.240000000E1	1.543946612E1	3.044935209E1
1.244000000E1	1.524397512E1	3.032171534E1
1.248000000E1	1.489821566E1	3.004096902E1
1.252000000E1	1.448727684E1	2.977945222E1
1.256000000E1	1.405124547E1	2.952508896E1
1.260000000E1	1.374677102E1	2.944426999E1
1.264000000E1	1.358989619E1	2.927403740E1
1.268000000E1	1.346652243E1	2.918090739E1
1.272000000E1	1.345676217E1	2.911207908E1
1.276000000E1	1.347180027E1	2.912229420E1
1.280000000E1	1.360562653E1	2.917041745E1
1.284000000E1	1.381415098E1	2.927743894E1
1.288000000E1	1.406892685E1	2.943228719E1
1.292000000E1	1.449492365E1	2.950145519E1
1.296000000E1	1.509717910E1	2.974863229E1
1.300000000E1	1.590176932E1	3.001262130E1
1.304000000E1	1.682181461E1	3.035849886E1
1.308000000E1	1.786780100E1	3.077504417E1
1.312000000E1	1.896183593E1	3.115267469E1
1.316000000E1	2.017006941E1	3.155814715E1
1.320000000E1	2.131230750E1	3.192770816E1
1.324000000E1	2.235409267E1	3.229318971E1
1.328000000E1	2.338023446E1	3.259767600E1
1.332000000E1	2.439014553E1	3.290605393E1
1.336000000E1	2.531929966E1	3.315821573E1
1.340000000E1	2.610143318E1	3.332479756E1
1.344000000E1	2.675239879E1	3.346977334E1
1.348000000E1	2.725976148E1	3.361879202E1
1.352000000E1	2.766688840E1	3.368120166E1
1.356000000E1	2.781017379E1	3.366384247E1
1.360000000E1	2.772037424E1	3.365481059E1
1.364000000E1	2.750272199E1	3.364328922E1
1.368000000E1	2.722740307E1	3.368000575E1
1.372000000E1	2.680051485E1	3.370557003E1
1.376000000E1	2.620156024E1	3.364332006E1
1.380000000E1	2.558897296E1	3.352125933E1
1.384000000E1	2.487523849E1	3.336513816E1
1.388000000E1	2.410127020E1	3.318041720E1
1.392000000E1	2.328669413E1	3.299417780E1
1.396000000E1	2.250810109E1	3.280187364E1
1.400000000E1	2.169097059E1	3.256972418E1
1.404000000E1	2.091318047E1	3.241937446E1
1.408000000E1	2.019705232E1	3.224308337E1
1.412000000E1	1.955919728E1	3.201037956E1
1.416000000E1	1.889116504E1	3.172907982E1
1.420000000E1	1.834245895E1	3.151096103E1
1.424000000E1	1.793949167E1	3.131000226E1
1.428000000E1	1.755745600E1	3.108208691E1
1.432000000E1	1.723410605E1	3.091167779E1
1.436000000E1	1.702393912E1	3.078289402E1
1.440000000E1	1.680614532E1	3.062892368E1
1.444000000E1	1.663055447E1	3.053468568E1
1.448000000E1	1.656774579E1	3.048585396E1
1.452000000E1	1.647501849E1	3.046525669E1
1.456000000E1	1.643396290E1	3.038061350E1
1.460000000E1	1.629018381E1	3.029801474E1
1.464000000E1	1.602032240E1	3.019318107E1
1.468000000E1	1.570576494E1	2.999083762E1
1.472000000E1	1.531986292E1	2.989539635E1
1.476000000E1	1.492412713E1	2.979902966E1
1.480000000E1	1.465517087E1	2.973839955E1
1.484000000E1	1.446902376E1	2.970747659E1
1.488000000E1	1.435558763E1	2.967384014E1
1.492000000E1	1.435485611E1	2.969751451E1
1.496000000E1	1.450620641E1	2.974251048E1
1.500000000E1	1.482658523E1	2.989268158E1
1.504000000E1	1.537728357E1	3.003329679E1
1.508000000E1	1.596429670E1	3.030612741E1
1.512000000E1	1.673290286E1	3.059031244E1
1.516000000E1	1.767821418E1	3.094976463E1
1.520000000E1	1.880257007E1	3.139909039E1
1.524000000E1	2.008290460E1	3.180860778E1
1.528000000E1	2.142155511E1	3.224591347E1
1.532000000E1	2.276273809E1	3.263322093E1
1.536000000E1	2.409191297E1	3.293524382E1
1.540000000E1	2.543926878E1	3.320278657E1
1.544000000E1	2.660550145E1	3.345407396E1
1.548000000E1	2.751824731E1	3.358276098E1
1.552000000E1	2.830551052E1	3.363355828E1
1.556000000E1	2.890774541E1	3.360950803E1
1.560000000E1	2.933551663E1	3.361580700E1
1.564000000E1	2.951493680E1	3.362374709E1
1.568000000E1	2.947351944E1	3.348273838E1
1.572000000E1	2.919763004E1	3.336794090E1
1.576000000E1	2.870140913E1	3.334966078E1
1.580000000E1	2.804368784E1	3.347587881E1
1.584000000E1	2.736419051E1	3.350111570E1
1.588000000E1	2.652754034E1	3.361388334E1
1.592000000E1	2.570353057E1	3.359043447E1
1.596000000E1	2.484915259E1	3.360020406E1
1.600000000E1	2.396518628E1	3.354989302E1
1.604000000E1	2.315070340E1	3.336555309E1
1.608000000E1	2.234113175E1	3.318831912E1
1.612000000E1	2.149615103E1	3.297086926E1
1.616000000E1	2.080202688E1	3.275598462E1
1.620000000E1	2.011459599E1	3.254640144E1
1.624000000E1	1.945190805E1	3.239450225E1
1.628000000E1	1.896200320E1	3.221651245E1
1.632000000E1	1.846846827E1	3.209254056E1
1.636000000E1	1.805474125E1	3.199873888E1
1.640000000E1	1.776169439E1	3.193705155E1
1.644000000E1	1.749575116E1	3.185004428E1
1.648000000E1	1.733060199E1	3.173442837E1
1.652000000E1	1.717120969E1	3.163244632E1
1.656000000E1	1.702815553E1	3.147753429E1
1.660000000E1	1.694693821E1	3.149964983E1
1.664000000E1	1.692154404E1	3.152422229E1
1.668000000E1	1.690981194E1	3.152897773E1
1.672000000E1	1.689770891E1	3.151139125E1
1.676000000E1	1.687552016E1	3.137915511E1
1.680000000E1	1.677013864E1	3.125145267E1
1.684000000E1	1.664917394E1	3.120436072E1
1.688000000E1	1.658139217E1	3.108258424E1
1.692000000E1	1.646142369E1	3.097690416E1
1.696000000E1	1.629886148E1	3.090294479E1
1.700000000E1	1.616046375E1	3.071046954E1
1.704000000E1	1.599428586E1	3.060462465E1
1.708000000E1	1.594000969E1	3.035585221E1
1.712000000E1	1.597658317E1	3.033003825E1
1.716000000E1	1.613855719E1	3.032735793E1
1.720000000E1	1.635388372E1	3.034885705E1
1.724000000E1	1.673207652E1	3.056485207E1
1.728000000E1	1.722268193E1	3.074905633E1
1.732000000E1	1.785531369E1	3.103309719E1
1.736000000E1	1.863057663E1	3.137206022E1
1.740000000E1	1.961231465E1	3.174421080E1
1.744000000E1	2.067238499E1	3.213831287E1
1.748000000E1	2.186115261E1	3.254743815E1
1.752000000E1	2.307398023E1	3.290175786E1
1.756000000E1	2.423479006E1	3.318381785E1
1.760000000E1	2.534542711E1	3.336382880E1
1.764000000E1	2.634055198E1	3.347901175E1
1.768000000E1	2.720716105E1	3.358940206E1
1.772000000E1	2.784784678E1	3.372183576E1
1.776000000E1	2.831289678E1	3.380302903E1
1.780000000E1	2.858183981E1	3.382949832E1
1.784000000E1	2.856195779E1	3.390210404E1
1.788000000E1	2.845025711E1	3.395789731E1
1.792000000E1	2.815124566E1	3.395528586E1
1.796000000E1	2.771636670E1	3.397688089E1
1.800000000E1	2.707998627E1	3.402091341E1
1.804000000E1	2.646478496E1	3.405783913E1
1.808000000E1	2.569665171E1	3.404237156E1
1.812000000E1	2.489742792E1	3.395170214E1
1.816000000E1	2.406576542E1	3.382897209E1
1.820000000E1	2.325941885E1	3.376926279E1
1.824000000E1	2.243042921E1	3.365819813E1
1.828000000E1	2.165557832E1	3.357319982E1
1.832000000E1	2.095863795E1	3.348635481E1
1.836000000E1	2.025208711E1	3.334041074E1
1.840000000E1	1.956705073E1	3.313844928E1
1.844000000E1	1.897119783E1	3.285338218E1
1.848000000E1	1.835256281E1	3.260542600E1
1.852000000E1	1.779510622E1	3.231197725E1
1.856000000E1	1.734585177E1	3.213482859E1
1.860000000E1	1.690683632E1	3.193701390E1
1.864000000E1	1.659328699E1	3.171899388E1
1.868000000E1	1.634254605E1	3.163910524E1
1.872000000E1	1.615263844E1	3.151036430E1
1.876000000E1	1.606180808E1	3.146154999E1
1.880000000E1	1.601746942E1	3.139470494E1
1.884000000E1	1.601655067E1	3.138350650E1
1.888000000E1	1.601573245E1	3.137745857E1
1.892000000E1	1.600316237E1	3.123978614E1
1.896000000E1	1.597466693E1	3.107848655E1
1.900000000E1	1.586130003E1	3.085327177E1
1.904000000E1	1.569378450E1	3.062461011E1
1.908000000E1	1.542574517E1	3.041169916E1
1.912000000E1	1.511274409E1	3.019127066E1
1.916000000E1	1.479099506E1	3.005517263E1
1.920000000E1	1.453682770E1	2.986852855E1
1.924000000E1	1.440781216E1	2.980869363E1
1.928000000E1	1.437510574E1	2.976593089E1
1.932000000E1	1.455680972E1	2.976033381E1
1.936000000E1	1.489431701E1	2.977482933E1
1.940000000E1	1.536138314E1	2.992633035E1
1.944000000E1	1.599245819E1	3.010770093E1
1.948000000E1	1.677956017E1	3.035351355E1
1.952000000E1	1.767186644E1	3.066410938E1
1.956000000E1	1.870784689E1	3.100701562E1
1.960000000E1	1.987079781E1	3.137365909E1
1.964000000E1	2.109694710E1	3.179695962E1
1.968000000E1	2.233600733E1	3.224066406E1
1.972000000E1	2.352848863E1	3.258166003E1
1.976000000E1	2.465393171E1	3.283423200E1
1.980000000E1	2.572080465E1	3.299662328E1
1.984000000E1	2.668625540E1	3.319308758E1
1.988000000E1	2.741452731E1	3.330749529E1
1.992000000E1	2.789601412E1	3.335080715E1
1.996000000E1	2.815526465E1	3.336483654E1
2.000000000E1	2.813191382E1	3.333805020E1
2.004000000E1	2.786260154E1	3.333645347E1
2.008000000E1	2.753714852E1	3.333768577E1
2.012000000E1	2.706906923E1	3.334527960E1
2.016000000E1	2.646210350E1	3.336681407E1
2.020000000E1	2.578237788E1	3.337052002E1
2.024000000E1	2.499374332E1	3.333924907E1
2.028000000E1	2.418378340E1	3.320129515E1
2.032000000E1	2.333215997E1	3.303876455E1
2.036000000E1	2.245458999E1	3.288810307E1
2.040000000E1	2.169969894E1	3.274824223E1
2.044000000E1	2.090392994E1	3.258352404E1
2.048000000E1	2.017633361E1	3.245648749E1
2.052000000E1	1.950008664E1	3.229544307E1
2.056000000E1	1.879223333E1	3.208877137E1
2.060000000E1	1.820626987E1	3.188017522E1
2.064000000E1	1.772694303E1	3.172299812E1
2.068000000E1	1.720788034E1	3.152273990E1
2.072000000E1	1.675766043E1	3.141561164E1
2.076000000E1	1.644490643E1	3.132767347E1
2.080000000E1	1.617571233E1	3.126509702E1
2.084000000E1	1.600683441E1	3.122943099E1
2.088000000E1	1.597499406E1	3.113044069E1
2.092000000E1	1.594568347E1	3.093957707E1
2.096000000E1	1.590403099E1	3.086329743E1
2.100000000E1	1.583418738E1	3.064155322E1
2.104000000E1	1.571328371E1	3.053550273E1
2.108000000E1	1.561207726E1	3.031506167E1
2.112000000E1	1.542623016E1	3.020250801E1
2.116000000E1	1.526326865E1	3.005189227E1
2.120000000E1	1.507638600E1	2.999685803E1
2.124000000E1	1.483468817E1	2.987303181E1
2.128000000E1	1.459168841E1	2.973098054E1
2.132000000E1	1.436457929E1	2.967438025E1
2.136000000E1	1.421426103E1	2.962127956E1
2.140000000E1	1.420015720E1	2.959620756E1
2.144000000E1	1.433617215E1	2.960882867E1
2.148000000E1	1.460733515E1	2.971752659E1
2.152000000E1	1.505925302E1	2.980285371E1
2.156000000E1	1.566628413E1	3.002944275E1
2.160000000E1	1.631971678E1	3.026135568E1
2.164000000E1	1.712874433E1	3.053436056E1
2.168000000E1	1.807561857E1	3.082485212E1
2.172000000E1	1.918005058E1	3.115575757E1
2.176000000E1	2.039051255E1	3.154470626E1
2.180000000E1	2.165208454E1	3.188901681E1
2.184000000E1	2.294329760E1	3.218839752E1
2.188000000E1	2.412660206E1	3.242990283E1
2.192000000E1	2.520226913E1	3.265656946E1
2.196000000E1	2.612809084E1	3.275782538E1
2.200000000E1	2.682466732E1	3.276519257E1
2.204000000E1	2.732896089E1	3.276271825E1
2.208000000E1	2.756241556E1	3.274848740E1
2.212000000E1	2.759719106E1	3.274683166E1
2.216000000E1	2.742658698E1	3.274120351E1
2.220000000E1	2.715335578E1	3.274875833E1
2.224000000E1	2.673714954E1	3.274288475E1
2.228000000E1	2.625323176E1	3.276959168E1
2.232000000E1	2.567286056E1	3.280277298E1
2.236000000E1	2.498265524E1	3.274939500E1
2.240000000E1	2.412556195E1	3.272124391E1
2.244000000E1	2.325311769E1	3.260184533E1
2.248000000E1	2.244589989E1	3.250098771E1
2.252000000E1	2.162124677E1	3.242592881E1
2.256000000E1	2.080967703E1	3.228367019E1
2.260000000E1	2.005467952E1	3.209748271E1
2.264000000E1	1.932479966E1	3.185889455E1
2.268000000E1	1.861119894E1	3.168374408E1
2.272000000E1	1.796732756E1	3.153506570E1
2.276000000E1	1.739210985E1	3.136128686E1
2.280000000E1	1.687547546E1	3.125385037E1
2.284000000E1	1.643328969E1	3.110138063E1
2.288000000E1	1.608244235E1	3.097156782E1
2.292000000E1	1.595858091E1	3.076360101E1
2.296000000E1	1.584266963E1	3.067378462E1
2.300000000E1	1.570119650E1	3.054216580E1
2.304000000E1	1.566309145E1	3.047974137E1
2.308000000E1	1.561051231E1	3.046945808E1
2.312000000E1	1.556787548E1	3.047838353E1
2.316000000E1	1.555608957E1	3.048483173E1
2.320000000E1	1.555558915E1	3.048811688E1
2.324000000E1	1.554263242E1	3.048455808E1
2.328000000E1	1.545265378E1	3.039977591E1
2.332000000E1	1.537453666E1	3.020459189E1
2.336000000E1	1.521296738E1	3.011455818E1
2.340000000E1	1.507914937E1	2.998618867E1
2.344000000E1	1.509203711E1	2.991134942E1
2.348000000E1	1.515187083E1	2.991627877E1
2.352000000E1	1.540648917E1	2.989925459E1
2.356000000E1	1.581836876E1	3.000209249E1
2.360000000E1	1.631118731E1	3.017426823E1
2.364000000E1	1.692217962E1	3.036776609E1
2.368000000E1	1.764750545E1	3.059596090E1
2.372000000E1	1.849812333E1	3.089465198E1
2.376000000E1	1.950916392E1	3.119297951E1
2.380000000E1	2.050704652E1	3.152715768E1
2.384000000E1	2.155800178E1	3.180996990E1
2.388000000E1	2.265565296E1	3.214969088E1
2.392000000E1	2.367817622E1	3.244469010E1
2.396000000E1	2.459289313E1	3.270181903E1
2.400000000E1	2.538912323E1	3.289878770E1
2.404000000E1	2.605679514E1	3.305125244E1
2.408000000E1	2.652865233E1	3.319385742E1
2.412000000E1	2.679214724E1	3.321619083E1
2.416000000E1	2.680720678E1	3.318894095E1
2.420000000E1	2.667606202E1	3.317337618E1
2.424000000E1	2.646034318E1	3.305642717E1
2.428000000E1	2.605994229E1	3.304026324E1
2.432000000E1	2.557938443E1	3.299355061E1
2.436000000E1	2.502681973E1	3.293231885E1
2.440000000E1	2.437425227E1	3.275311302E1
2.444000000E1	2.361324808E1	3.260189269E1
2.448000000E1	2.288858049E1	3.244443045E1
2.452000000E1	2.220553048E1	3.230144914E1
2.456000000E1	2.155557184E1	3.225725639E1
2.460000000E1	2.092604597E1	3.221844420E1
2.464000000E1	2.034997466E1	3.222854959E1
2.468000000E1	1.986907443E1	3.213923656E1
2.472000000E1	1.940629379E1	3.200644561E1
2.476000000E1	1.889579312E1	3.187121234E1
2.480000000E1	1.844574269E1	3.173549119E1
2.484000000E1	1.797676422E1	3.163359563E1
2.488000000E1	1.755034968E1	3.154265423E1
2.492000000E1	1.721838658E1	3.147412706E1
2.496000000E1	1.689751647E1	3.149725846E1
2.500000000E1	1.664120322E1	3.151880863E1
2.504000000E1	1.649136893E1	3.152137323E1
2.508000000E1	1.639996218E1	3.149573925E1
2.512000000E1	1.641488439E1	3.146315110E1
2.516000000E1	1.640738859E1	3.139064753E1
2.520000000E1	1.635546288E1	3.137981707E1
2.524000000E1	1.629544105E1	3.133228517E1
2.528000000E1	1.625925412E1	3.124787073E1
2.532000000E1	1.621767993E1	3.124361198E1
2.536000000E1	1.618398047E1	3.123231677E1
2.540000000E1	1.628348307E1	3.115742820E1
2.544000000E1	1.643775884E1	3.111053027E1
2.548000000E1	1.660145917E1	3.117417016E1
2.552000000E1	1.686559090E1	3.123686387E1
2.556000000E1	1.717976337E1	3.134050657E1
2.560000000E1	1.753297549E1	3.150046762E1
2.564000000E1	1.799916180E1	3.165267989E1
2.568000000E1	1.860309636E1	3.181924508E1
2.572000000E1	1.928538529E1	3.198382125E1
2.576000000E1	2.007420139E1	3.219879111E1
2.580000000E1	2.095699512E1	3.240925826E1
2.584000000E1	2.186796518E1	3.266868624E1
2.588000000E1	2.282792531E1	3.294556026E1
2.592000000E1	2.370725806E1	3.314248733E1
2.596000000E1	2.453949880E1	3.330176117E1
2.600000000E1	2.536804032E1	3.348998760E1
2.604000000E1	2.606974073E1	3.361378124E1
2.608000000E1	2.672798122E1	3.365241632E1
2.612000000E1	2.720198848E1	3.364090961E1
2.616000000E1	2.754197016E1	3.363985128E1
2.620000000E1	2.768549782E1	3.364705738E1
2.624000000E1	2.759437715E1	3.365846007E1
2.628000000E1	2.727533980E1	3.364994356E1
2.632000000E1	2.686101923E1	3.380218576E1
2.636000000E1	2.634096864E1	3.392849798E1
2.640000000E1	2.576060444E1	3.407780984E1
2.644000000E1	2.513973751E1	3.410073865E1
2.648000000E1	2.441548908E1	3.407829613E1
2.652000000E1	2.370729317E1	3.405808749E1
2.656000000E1	2.299044405E1	3.394137115E1
2.660000000E1	2.231316781E1	3.380997557E1
2.664000000E1	2.161599834E1	3.364582809E1
2.668000000E1	2.090392643E1	3.347901697E1
2.672000000E1	2.033195744E1	3.329880645E1
2.676000000E1	1.978934635E1	3.303988860E1
2.680000000E1	1.925905826E1	3.273471749E1
2.684000000E1	1.877427319E1	3.247991898E1
2.688000000E1	1.834562690E1	3.229024505E1
2.692000000E1	1.800079300E1	3.214733614E1
2.696000000E1	1.763829318E1	3.195413580E1
2.700000000E1	1.737621906E1	3.172767640E1
2.704000000E1	1.711198721E1	3.153138298E1
2.708000000E1	1.689279096E1	3.143464514E1
2.712000000E1	1.673321209E1	3.139138383E1
2.716000000E1	1.660104174E1	3.136142930E1
2.720000000E1	1.651064345E1	3.127173112E1
2.724000000E1	1.643372723E1	3.123311170E1
2.728000000E1	1.633026894E1	3.120250282E1
2.732000000E1	1.630050140E1	3.109652180E1
2.736000000E1	1.623057201E1	3.103554668E1
2.740000000E1	1.618071907E1	3.109734986E1
2.744000000E1	1.617090100E1	3.111126484E1
2.748000000E1	1.615789472E1	3.108971906E1
2.752000000E1	1.616821128E1	3.109019646E1
2.756000000E1	1.628468156E1	3.108260689E1
2.760000000E1	1.646002825E1	3.113131487E1
2.764000000E1	1.671075901E1	3.135049576E1
2.768000000E1	1.705533201E1	3.158855193E1
2.772000000E1	1.752717208E1	3.186200003E1
2.776000000E1	1.810472224E1	3.215172225E1
2.780000000E1	1.881996029E1	3.251615793E1
2.784000000E1	1.963411571E1	3.289622379E1
2.788000000E1	2.051549724E1	3.323514604E1
2.792000000E1	2.144754354E1	3.355942102E1
2.796000000E1	2.236061407E1	3.381245854E1
2.800000000E1	2.323424820E1	3.407097964E1
2.804000000E1	2.412798073E1	3.421700782E1
2.808000000E1	2.501939434E1	3.429194240E1
2.812000000E1	2.586053136E1	3.439940951E1
2.816000000E1	2.654621764E1	3.442347587E1
2.820000000E1	2.712333997E1	3.442914671E1
2.824000000E1	2.766818681E1	3.440868537E1
2.828000000E1	2.803250973E1	3.441860254E1
2.832000000E1	2.826450096E1	3.438876628E1
2.836000000E1	2.832413029E1	3.439405915E1
2.840000000E1	2.829870727E1	3.438502177E1
2.844000000E1	2.813932869E1	3.438386923E1
2.848000000E1	2.784401757E1	3.451121473E1
2.852000000E1	2.750874693E1	3.466423940E1
2.856000000E1	2.713815966E1	3.474144714E1
2.860000000E1	2.661082696E1	3.483388505E1
2.864000000E1	2.600839664E1	3.483454474E1
2.868000000E1	2.536664953E1	3.491319259E1
2.872000000E1	2.462265650E1	3.486054397E1
2.876000000E1	2.380675160E1	3.483051815E1
2.880000000E1	2.308303642E1	3.473228450E1
2.884000000E1	2.233170038E1	3.458862428E1
2.888000000E1	2.169260821E1	3.444499619E1
2.892000000E1	2.107624725E1	3.426371695E1
2.896000000E1	2.050197330E1	3.404042801E1
2.900000000E1	2.003681090E1	3.382726120E1
2.904000000E1	1.962032587E1	3.363196465E1
2.908000000E1	1.927755403E1	3.335492666E1
2.912000000E1	1.887307865E1	3.318564814E1
2.916000000E1	1.852047766E1	3.298408652E1
2.920000000E1	1.824142464E1	3.275232986E1
2.924000000E1	1.795563836E1	3.267758529E1
2.928000000E1	1.779016001E1	3.247014967E1
2.932000000E1	1.751785799E1	3.241074139E1
2.936000000E1	1.735038914E1	3.221627019E1
2.940000000E1	1.725864161E1	3.214355060E1
2.944000000E1	1.717037181E1	3.210294926E1
2.948000000E1	1.716787628E1	3.202120555E1
2.952000000E1	1.718007988E1	3.196913283E1
2.956000000E1	1.718875401E1	3.194057565E1
2.960000000E1	1.720805401E1	3.196173553E1
2.964000000E1	1.722188057E1	3.198131934E1
2.968000000E1	1.725951537E1	3.198782015E1
2.972000000E1	1.731089002E1	3.197554697E1
2.976000000E1	1.736107111E1	3.199237196E1
2.980000000E1	1.748831310E1	3.202353995E1
2.984000000E1	1.763987216E1	3.211739695E1
2.988000000E1	1.785468723E1	3.219433300E1
2.992000000E1	1.814262545E1	3.230992809E1
2.996000000E1	1.858649827E1	3.245065722E1
3.000000000E1	1.914391666E1	3.264370239E1
3.004000000E1	1.981600595E1	3.286501922E1
3.008000000E1	2.060025308E1	3.306826632E1
3.012000000E1	2.143348111E1	3.330476448E1
3.016000000E1	2.229621774E1	3.348790653E1
3.020000000E1	2.324316899E1	3.369841851E1
3.024000000E1	2.417133381E1	3.382175644E1
3.028000000E1	2.513912055E1	3.395453829E1
3.032000000E1	2.602500045E1	3.405730406E1
3.036000000E1	2.691306633E1	3.411185638E1
3.040000000E1	2.760719664E1	3.412998672E1
3.044000000E1	2.815407866E1	3.409208245E1
3.048000000E1	2.854310165E1	3.406045879E1
3.052000000E1	2.878052416E1	3.398366867E1
3.056000000E1	2.880166319E1	3.383467623E1
3.060000000E1	2.861237904E1	3.375404178E1
3.064000000E1	2.836863158E1	3.379444769E1
3.068000000E1	2.803124952E1	3.393523954E1
3.072000000E1	2.768053330E1	3.404158151E1
3.076000000E1	2.732315345E1	3.412107529E1
3.080000000E1	2.684253205E1	3.410831774E1
3.084000000E1	2.635653500E1	3.409912136E1
3.088000000E1	2.576855372E1	3.409937391E1
3.092000000E1	2.514289924E1	3.408571566E1
3.096000000E1	2.451417176E1	3.396365896E1
3.100000000E1	2.389121270E1	3.380418111E1
3.104000000E1	2.333680972E1	3.370233933E1
3.108000000E1	2.274257029E1	3.354030393E1
3.112000000E1	2.211969268E1	3.342398249E1
3.116000000E1	2.156853197E1	3.324596569E1
3.120000000E1	2.097426788E1	3.312047487E1
3.124000000E1	2.046391865E1	3.294509410E1
3.128000000E1	1.999140720E1	3.269816497E1
3.132000000E1	1.956977925E1	3.260422067E1
3.136000000E1	1.917824383E1	3.245716341E1
3.140000000E1	1.882290705E1	3.232567826E1
3.144000000E1	1.850773543E1	3.226684570E1
3.148000000E1	1.825488828E1	3.212194322E1
3.152000000E1	1.801908313E1	3.203897423E1
3.156000000E1	1.779380800E1	3.198849544E1
3.160000000E1	1.763874879E1	3.190104105E1
3.164000000E1	1.749089030E1	3.176773585E1
3.168000000E1	1.749549137E1	3.173432780E1
3.172000000E1	1.750238739E1	3.170560450E1
3.176000000E1	1.753821484E1	3.171053086E1
3.180000000E1	1.765044470E1	3.172001516E1
3.184000000E1	1.776610910E1	3.171247266E1
3.188000000E1	1.792163088E1	3.171249029E1
3.192000000E1	1.808047357E1	3.175081244E1
3.196000000E1	1.821226470E1	3.182471865E1
3.200000000E1	1.842101075E1	3.193548956E1
3.204000000E1	1.875429022E1	3.208566170E1
3.208000000E1	1.913561168E1	3.224702859E1
3.212000000E1	1.961040172E1	3.244030801E1
3.216000000E1	2.018771523E1	3.262140577E1
3.220000000E1	2.088042039E1	3.287162220E1
3.224000000E1	2.165856325E1	3.313192911E1
3.228000000E1	2.245043391E1	3.338641165E1
3.232000000E1	2.321946973E1	3.362366406E1
3.236000000E1	2.411011825E1	3.393734003E1
3.240000000E1	2.493839544E1	3.419983868E1
3.244000000E1	2.560007127E1	3.433084047E1
3.248000000E1	2.619128145E1	3.436965183E1
3.252000000E1	2.667265666E1	3.438260968E1
3.256000000E1	2.709834913E1	3.438353075E1
3.260000000E1	2.751779773E1	3.438872154E1
3.264000000E1	2.786398349E1	3.439939373E1
3.268000000E1	2.814155496E1	3.439320844E1
3.272000000E1	2.831578321E1	3.439587491E1
3.276000000E1	2.833491589E1	3.438197857E1
3.280000000E1	2.824187039E1	3.435400596E1
3.284000000E1	2.810853046E1	3.438538481E1
3.288000000E1	2.781213844E1	3.451688958E1
3.292000000E1	2.742757853E1	3.467760165E1
3.296000000E1	2.712660506E1	3.472995606E1
3.300000000E1	2.664730545E1	3.482920927E1
3.304000000E1	2.616359515E1	3.483480370E1
3.308000000E1	2.567694337E1	3.488702944E1
3.312000000E1	2.514202075E1	3.485243969E1
3.316000000E1	2.453823410E1	3.470448354E1
3.320000000E1	2.393309232E1	3.454858827E1
3.324000000E1	2.337118559E1	3.431551761E1
3.328000000E1	2.273269731E1	3.407689260E1
3.332000000E1	2.217116827E1	3.390937979E1
3.336000000E1	2.162381138E1	3.379821330E1
3.340000000E1	2.109947695E1	3.367113247E1
3.344000000E1	2.063938134E1	3.359723823E1
3.348000000E1	2.027131296E1	3.355324426E1
3.352000000E1	1.988640818E1	3.327608494E1
3.356000000E1	1.951955334E1	3.322448520E1
3.360000000E1	1.919166513E1	3.308431723E1
3.364000000E1	1.886282185E1	3.296953586E1
3.368000000E1	1.859348672E1	3.290418175E1
3.372000000E1	1.841083810E1	3.272841235E1
3.376000000E1	1.823457704E1	3.261532603E1
3.380000000E1	1.809350003E1	3.251492792E1
3.384000000E1	1.805307160E1	3.243631954E1
3.388000000E1	1.809230759E1	3.243751625E1
3.392000000E1	1.815942147E1	3.245635389E1
3.396000000E1	1.825267581E1	3.244790408E1
3.400000000E1	1.839500280E1	3.245605064E1
3.404000000E1	1.854790935E1	3.246405971E1
3.408000000E1	1.872234251E1	3.253914209E1
3.412000000E1	1.903916014E1	3.261496655E1
3.416000000E1	1.948291980E1	3.276673396E1
3.420000000E1	2.004043966E1	3.293785406E1
3.424000000E1	2.072094085E1	3.314799839E1
3.428000000E1	2.145433027E1	3.336813093E1
3.432000000E1	2.224246047E1	3.351799350E1
3.436000000E1	2.307354064E1	3.367866541E1
3.440000000E1	2.388387007E1	3.383256508E1
3.444000000E1	2.466697822E1	3.394090201E1
3.448000000E1	2.540386762E1	3.397437613E1
3.452000000E1	2.592721793E1	3.396622012E1
3.456000000E1	2.636626870E1	3.409040641E1
3.460000000E1	2.672492409E1	3.416459306E1
3.464000000E1	2.696389896E1	3.410724505E1
3.468000000E1	2.712776186E1	3.409472184E1
3.472000000E1	2.717339607E1	3.408529596E1
3.476000000E1	2.711702364E1	3.408659923E1
3.480000000E1	2.709002776E1	3.411022530E1
3.484000000E1	2.693334460E1	3.425720222E1
3.488000000E1	2.668235971E1	3.440434376E1
3.492000000E1	2.634285447E1	3.449703346E1
3.496000000E1	2.598502227E1	3.452766964E1
3.500000000E1	2.549774628E1	3.467962036E1
3.504000000E1	2.496869285E1	3.467172971E1
3.508000000E1	2.434165648E1	3.465767351E1
3.512000000E1	2.377319070E1	3.455762935E1
3.516000000E1	2.314926000E1	3.439674914E1
3.520000000E1	2.255680333E1	3.422639187E1
3.524000000E1	2.200407401E1	3.408817981E1
3.528000000E1	2.150410221E1	3.386117867E1
3.532000000E1	2.107856647E1	3.361940759E1
3.536000000E1	2.066830917E1	3.346924756E1
3.540000000E1	2.024694469E1	3.329737880E1
3.544000000E1	1.992582795E1	3.310056304E1
3.548000000E1	1.960700732E1	3.292384235E1
3.552000000E1	1.929504722E1	3.276828677E1
3.556000000E1	1.902312994E1	3.270550528E1
3.560000000E1	1.880505064E1	3.258694431E1
3.564000000E1	1.859073316E1	3.249270957E1
3.568000000E1	1.838770811E1	3.242345897E1
3.572000000E1	1.823317348E1	3.231457131E1
3.576000000E1	1.810473669E1	3.221968109E1
3.580000000E1	1.808219230E1	3.216555962E1
3.584000000E1	1.808796685E1	3.213306564E1
3.588000000E1	1.809104129E1	3.208857314E1
3.592000000E1	1.810157681E1	3.198465835E1
3.596000000E1	1.810194859E1	3.189062035E1
3.600000000E1	1.811265400E1	3.184952558E1
3.604000000E1	1.814680155E1	3.185047111E1
3.608000000E1	1.825628640E1	3.184629922E1
3.612000000E1	1.840320270E1	3.185959631E1
3.616000000E1	1.866961431E1	3.204707950E1
3.620000000E1	1.904453502E1	3.215380803E1
3.624000000E1	1.949530489E1	3.230897793E1
3.628000000E1	2.008578371E1	3.249259436E1
3.632000000E1	2.078636318E1	3.265432819E1
3.636000000E1	2.159259024E1	3.283925280E1
3.640000000E1	2.239656017E1	3.305259478E1
3.644000000E1	2.329101346E1	3.327486593E1
3.648000000E1	2.421761353E1	3.350929559E1
3.652000000E1	2.513632018E1	3.375700627E1
3.656000000E1	2.599556043E1	3.393585885E1
3.660000000E1	2.678923340E1	3.405651544E1
3.664000000E1	2.748757276E1	3.409216355E1
3.668000000E1	2.811456132E1	3.413320195E1
3.672000000E1	2.856531831E1	3.421030369E1
3.676000000E1	2.887355117E1	3.422577607E1
3.680000000E1	2.905026091E1	3.413287235E1
3.684000000E1	2.901415731E1	3.405378330E1
3.688000000E1	2.887310776E1	3.406511356E1
3.692000000E1	2.859172552E1	3.408474695E1
3.696000000E1	2.826148336E1	3.411667666E1
3.700000000E1	2.773763209E1	3.423595056E1
3.704000000E1	2.720547586E1	3.424928424E1
3.708000000E1	2.664473918E1	3.427091226E1
3.712000000E1	2.597993455E1	3.419267461E1
3.716000000E1	2.530255703E1	3.409904483E1
3.720000000E1	2.465813650E1	3.398236170E1
3.724000000E1	2.399060788E1	3.383841247E1
3.728000000E1	2.326059771E1	3.363673614E1
3.732000000E1	2.259505131E1	3.347266946E1
3.736000000E1	2.200825734E1	3.332241405E1
3.740000000E1	2.146463982E1	3.316321161E1
3.744000000E1	2.096086078E1	3.301351755E1
3.748000000E1	2.049061052E1	3.287826624E1
3.752000000E1	2.007367367E1	3.276158989E1
3.756000000E1	1.966657861E1	3.271348189E1
3.760000000E1	1.931670109E1	3.263125533E1
3.764000000E1	1.906721480E1	3.244729112E1
3.768000000E1	1.874963050E1	3.239325356E1
3.772000000E1	1.852443323E1	3.222498325E1
3.776000000E1	1.835584908E1	3.213491862E1
3.780000000E1	1.820850363E1	3.202530074E1
3.784000000E1	1.810530526E1	3.186526989E1
3.788000000E1	1.797052392E1	3.182729183E1
3.792000000E1	1.782179956E1	3.172371848E1
3.796000000E1	1.765316945E1	3.155482014E1
3.800000000E1	1.742781095E1	3.141850033E1
3.804000000E1	1.707229410E1	3.117966372E1
3.808000000E1	1.661770769E1	3.096348118E1
3.812000000E1	1.610422069E1	3.081525787E1
3.816000000E1	1.563593296E1	3.067143759E1
3.820000000E1	1.527285315E1	3.065140693E1
3.824000000E1	1.509084463E1	3.064552780E1
3.828000000E1	1.510457868E1	3.068299325E1
3.832000000E1	1.520412971E1	3.083859315E1
3.836000000E1	1.530566183E1	3.102794067E1
3.840000000E1	1.540127727E1	3.130955781E1
3.844000000E1	1.546757880E1	3.150133482E1
3.848000000E1	1.541606274E1	3.166287820E1
3.852000000E1	1.541014727E1	3.174600238E1
3.856000000E1	1.545150179E1	3.194283394E1
3.860000000E1	1.548464540E1	3.205791979E1
3.864000000E1	1.569737662E1	3.217037043E1
3.868000000E1	1.600706216E1	3.222101479E1
3.872000000E1	1.630845687E1	3.227808382E1
3.876000000E1	1.666766961E1	3.230984285E1
3.880000000E1	1.702454840E1	3.238740418E1
3.884000000E1	1.733328494E1	3.244385739E1
3.888000000E1	1.761541605E1	3.242305796E1
3.892000000E1	1.789568123E1	3.233229409E1
3.896000000E1	1.821860500E1	3.228028807E1
3.900000000E1	1.855317463E1	3.225453295E1
3.904000000E1	1.881187776E1	3.221578526E1
3.908000000E1	1.898866895E1	3.214250112E1
3.912000000E1	1.916534153E1	3.212762042E1
3.916000000E1	1.948995615E1	3.229490606E1
3.920000000E1	1.971875093E1	3.236384648E1
3.924000000E1	1.977358364E1	3.236459428E1
3.928000000E1	1.975038091E1	3.230779676E1
3.932000000E1	1.956784522E1	3.217603224E1
