armbåge
t	x	y
0.000000000E0	9.844079243E0	8.024811403E0
4.000000000E-2	9.844183942E0	8.025194984E0
8.000000000E-2	1.001407530E1	8.131675576E0
1.200000000E-1	1.030239311E1	8.223708380E0
1.600000000E-1	1.065196353E1	8.309223473E0
2.000000000E-1	1.105432703E1	8.329967130E0
2.400000000E-1	1.148434278E1	8.344426185E0
2.800000000E-1	1.178601649E1	8.325315717E0
3.200000000E-1	1.193715486E1	8.313491488E0
3.600000000E-1	1.208974123E1	8.324326594E0
4.000000000E-1	1.227925964E1	8.331662904E0
4.400000000E-1	1.251458895E1	8.329310426E0
4.800000000E-1	1.267514657E1	8.317407252E0
5.200000000E-1	1.284646627E1	8.156502573E0
5.600000000E-1	1.283837838E1	8.165333120E0
6.000000000E-1	1.284429152E1	8.064636889E0
6.400000000E-1	1.283248906E1	7.968565143E0
6.800000000E-1	1.278362972E1	7.872748088E0
7.200000000E-1	1.271826810E1	7.777064345E0
7.600000000E-1	1.270287321E1	7.776440850E0
8.000000000E-1	1.269403265E1	7.769675967E0
8.400000000E-1	1.271039732E1	7.747053236E0
8.800000000E-1	1.270215511E1	7.737155049E0
9.200000000E-1	1.269325596E1	7.732085070E0
9.600000000E-1	1.268890477E1	7.729448077E0
1.000000000E0	1.269169717E1	7.736109575E0
1.040000000E0	1.268789425E1	7.763820230E0
1.080000000E0	1.268342994E1	7.797060989E0
1.120000000E0	1.268077695E1	7.768397469E0
1.160000000E0	1.267899803E1	7.754332377E0
1.200000000E0	1.264214937E1	7.757849239E0
1.240000000E0	1.257329644E1	7.759149851E0
1.280000000E0	1.265532014E1	7.889382011E0
1.320000000E0	1.297716689E1	8.173744649E0
1.360000000E0	1.429094850E1	9.083249672E0
1.400000000E0	1.430703543E1	9.077163825E0
1.440000000E0	1.523804604E1	9.671379351E0
1.480000000E0	1.658963757E1	1.045387806E1
1.520000000E0	1.851255638E1	1.150169108E1
1.560000000E0	2.109976013E1	1.282290620E1
1.600000000E0	2.422075202E1	1.430876787E1
1.640000000E0	2.759182325E1	1.576503982E1
1.680000000E0	3.119617196E1	1.697829337E1
1.720000000E0	3.517623779E1	1.820370870E1
1.760000000E0	3.974996217E1	1.950506125E1
1.800000000E0	4.440730251E1	2.096858046E1
1.840000000E0	4.773803940E1	2.209242516E1
1.880000000E0	5.026397111E1	2.311937683E1
1.920000000E0	5.130198075E1	2.367017487E1
1.960000000E0	5.187403541E1	2.438011272E1
2.000000000E0	5.198907037E1	2.477384273E1
2.040000000E0	5.178199474E1	2.511008405E1
2.080000000E0	5.144287913E1	2.537446294E1
2.120000000E0	5.091596879E1	2.550888987E1
2.160000000E0	5.025420096E1	2.552969081E1
2.200000000E0	4.941252437E1	2.532956899E1
2.240000000E0	4.839784384E1	2.505572415E1
2.280000000E0	4.715696583E1	2.442576908E1
2.320000000E0	4.562292756E1	2.356345186E1
2.360000000E0	4.386609022E1	2.245681479E1
2.400000000E0	4.173403808E1	2.122644977E1
2.440000000E0	3.951861120E1	1.997573776E1
2.480000000E0	3.697729205E1	1.865859554E1
2.520000000E0	3.444922018E1	1.742829995E1
2.560000000E0	3.159804764E1	1.612774288E1
2.600000000E0	2.903022057E1	1.506641638E1
2.640000000E0	2.651235964E1	1.400753445E1
2.680000000E0	2.419614389E1	1.304492166E1
2.720000000E0	2.204841009E1	1.224555274E1
2.760000000E0	2.038295562E1	1.158211209E1
2.800000000E0	1.890901249E1	1.105016509E1
2.840000000E0	1.791799666E1	1.069295702E1
2.880000000E0	1.715745215E1	1.038489959E1
2.920000000E0	1.655153520E1	1.009107924E1
2.960000000E0	1.607292537E1	9.832644328E0
3.000000000E0	1.561659520E1	9.419414133E0
3.040000000E0	1.561652246E1	9.399794456E0
3.080000000E0	1.560844651E1	9.228813612E0
3.120000000E0	1.563170328E1	9.100396881E0
3.160000000E0	1.575416962E1	9.089771650E0
3.200000000E0	1.589442054E1	9.202311048E0
3.240000000E0	1.592698775E1	9.237276065E0
3.280000000E0	1.607241781E1	9.372117687E0
3.320000000E0	1.622221554E1	9.533176649E0
3.360000000E0	1.684159288E1	1.000473854E1
3.400000000E0	1.683115494E1	9.994013426E0
3.440000000E0	1.743791843E1	1.039454666E1
3.480000000E0	1.814098980E1	1.078624631E1
3.520000000E0	1.921222965E1	1.141089392E1
3.560000000E0	2.069382003E1	1.223159921E1
3.600000000E0	2.272585145E1	1.329450835E1
3.640000000E0	2.530856487E1	1.446599484E1
3.680000000E0	2.823105882E1	1.576395073E1
3.720000000E0	3.148628202E1	1.727458975E1
3.760000000E0	3.515081563E1	1.894290641E1
3.800000000E0	3.866268550E1	2.056578578E1
3.840000000E0	4.197201335E1	2.172941374E1
3.880000000E0	4.413303738E1	2.241535899E1
3.920000000E0	4.523449234E1	2.269232847E1
3.960000000E0	4.572102776E1	2.316135582E1
4.000000000E0	4.582638258E1	2.352242685E1
4.040000000E0	4.565017940E1	2.382355096E1
4.080000000E0	4.533432342E1	2.400939681E1
4.120000000E0	4.500180895E1	2.412030830E1
4.160000000E0	4.457916335E1	2.406969156E1
4.200000000E0	4.414116230E1	2.400660421E1
4.240000000E0	4.367431553E1	2.386451255E1
4.280000000E0	4.308501983E1	2.362369113E1
4.320000000E0	4.237143672E1	2.327942937E1
4.360000000E0	4.156636380E1	2.286998961E1
4.400000000E0	4.055401421E1	2.227216883E1
4.440000000E0	3.936788983E1	2.164082328E1
4.480000000E0	3.788777445E1	2.072750721E1
4.520000000E0	3.637479033E1	2.005481938E1
4.560000000E0	3.463689562E1	1.907433022E1
4.600000000E0	3.281515390E1	1.815394615E1
4.640000000E0	3.089248587E1	1.710827739E1
4.680000000E0	2.888191676E1	1.594695995E1
4.720000000E0	2.695714611E1	1.489239615E1
4.760000000E0	2.516830902E1	1.400777900E1
4.800000000E0	2.354322120E1	1.326511460E1
4.840000000E0	2.211660999E1	1.263399717E1
4.880000000E0	2.077118789E1	1.206021140E1
4.920000000E0	1.963987060E1	1.161933444E1
4.960000000E0	1.861852713E1	1.116084530E1
5.000000000E0	1.773053331E1	1.072280281E1
5.040000000E0	1.710301813E1	1.041707135E1
5.080000000E0	1.667719397E1	1.015825711E1
5.120000000E0	1.650696000E1	1.001836938E1
5.160000000E0	1.653864819E1	9.985512524E0
5.200000000E0	1.682270392E1	1.013686282E1
5.240000000E0	1.725621991E1	1.033186314E1
5.280000000E0	1.787054430E1	1.061478291E1
5.320000000E0	1.866388063E1	1.100517820E1
5.360000000E0	1.964922283E1	1.147617961E1
5.400000000E0	2.081615096E1	1.206249367E1
5.440000000E0	2.207127067E1	1.264393104E1
5.480000000E0	2.369804634E1	1.339035685E1
5.520000000E0	2.598728517E1	1.424751799E1
5.560000000E0	2.924977413E1	1.544675022E1
5.600000000E0	3.352912834E1	1.712708878E1
5.640000000E0	3.808105316E1	1.891123183E1
5.680000000E0	4.209667097E1	2.068830427E1
5.720000000E0	4.444483071E1	2.194093898E1
5.760000000E0	4.555332255E1	2.252428935E1
5.800000000E0	4.595899994E1	2.312753157E1
5.840000000E0	4.599590454E1	2.353428699E1
5.880000000E0	4.578472230E1	2.381840859E1
5.920000000E0	4.544130598E1	2.386752330E1
5.960000000E0	4.505103412E1	2.382747749E1
6.000000000E0	4.458233320E1	2.370220327E1
6.040000000E0	4.400345933E1	2.342778311E1
6.080000000E0	4.330012779E1	2.312670158E1
6.120000000E0	4.237168181E1	2.261781857E1
6.160000000E0	4.113173509E1	2.184480699E1
6.200000000E0	3.950155499E1	2.064715442E1
6.240000000E0	3.757790888E1	1.925735085E1
6.280000000E0	3.546538635E1	1.790876716E1
6.320000000E0	3.305547026E1	1.644785603E1
6.360000000E0	3.054310360E1	1.510263316E1
6.400000000E0	2.796969761E1	1.378478694E1
6.440000000E0	2.547112425E1	1.252748056E1
6.480000000E0	2.321555654E1	1.162189294E1
6.520000000E0	2.103877950E1	1.084823075E1
6.560000000E0	1.932614950E1	1.043580971E1
6.600000000E0	1.798839617E1	1.014491004E1
6.640000000E0	1.694620861E1	9.856509769E0
6.680000000E0	1.618942288E1	9.714420891E0
6.720000000E0	1.558039501E1	9.537839197E0
6.760000000E0	1.516556975E1	9.397698210E0
6.800000000E0	1.499917859E1	9.389629710E0
6.840000000E0	1.490096530E1	9.317657217E0
6.880000000E0	1.484074464E1	9.280826092E0
6.920000000E0	1.489649502E1	9.209091329E0
6.960000000E0	1.504002725E1	9.207905310E0
7.000000000E0	1.514890808E1	9.154630562E0
7.040000000E0	1.530392233E1	9.153065406E0
7.080000000E0	1.546961698E1	9.203997491E0
7.120000000E0	1.552931182E1	9.174436772E0
7.160000000E0	1.564038411E1	9.350704528E0
7.200000000E0	1.579450498E1	9.490379844E0
7.240000000E0	1.606080005E1	9.686672258E0
7.280000000E0	1.637089148E1	9.837163967E0
7.320000000E0	1.694277199E1	1.014238695E1
7.360000000E0	1.759970888E1	1.039152175E1
7.400000000E0	1.861280671E1	1.085831136E1
7.440000000E0	1.982226195E1	1.129482399E1
7.480000000E0	2.134607316E1	1.186520239E1
7.520000000E0	2.295847431E1	1.250817263E1
7.560000000E0	2.490806853E1	1.338456383E1
7.600000000E0	2.711995647E1	1.443558425E1
7.640000000E0	2.996193905E1	1.579153494E1
7.680000000E0	3.387025197E1	1.744479217E1
7.720000000E0	3.881726688E1	1.948721984E1
7.760000000E0	4.280493322E1	2.118507750E1
7.800000000E0	4.534789189E1	2.239237892E1
7.840000000E0	4.653403145E1	2.299023452E1
7.880000000E0	4.696980369E1	2.359418945E1
7.920000000E0	4.693143093E1	2.415712431E1
7.960000000E0	4.665868494E1	2.461950621E1
8.000000000E0	4.625141839E1	2.492111196E1
8.040000000E0	4.583873296E1	2.517552444E1
8.080000000E0	4.508948445E1	2.531137547E1
8.120000000E0	4.507858963E1	2.534456171E1
8.160000000E0	4.464604564E1	2.521864422E1
8.200000000E0	4.413702150E1	2.494324431E1
8.240000000E0	4.340737022E1	2.452117347E1
8.280000000E0	4.247751575E1	2.385749905E1
8.320000000E0	4.121896057E1	2.282614143E1
8.360000000E0	3.983644714E1	2.182704389E1
8.400000000E0	3.824183504E1	2.051675430E1
8.440000000E0	3.640076833E1	1.928230325E1
8.480000000E0	3.459823020E1	1.805506890E1
8.520000000E0	3.264760316E1	1.684467778E1
8.560000000E0	3.059311727E1	1.568420837E1
8.600000000E0	2.866712080E1	1.460063615E1
8.640000000E0	2.685008679E1	1.369739610E1
8.680000000E0	2.517366188E1	1.295297439E1
8.720000000E0	2.357729575E1	1.224155196E1
8.760000000E0	2.227986729E1	1.173647329E1
8.800000000E0	2.104340274E1	1.133703906E1
8.840000000E0	2.002661756E1	1.099092756E1
8.880000000E0	1.907807935E1	1.066392569E1
8.920000000E0	1.820412721E1	1.030790695E1
8.960000000E0	1.761905594E1	1.007871728E1
9.000000000E0	1.715517708E1	9.862187423E0
9.040000000E0	1.685031933E1	9.716616504E0
9.080000000E0	1.672358819E1	9.661178147E0
9.120000000E0	1.670035102E1	9.689566299E0
9.160000000E0	1.678061942E1	9.719488327E0
9.200000000E0	1.700598999E1	9.837220888E0
9.240000000E0	1.740566080E1	1.001720167E1
9.280000000E0	1.797769407E1	1.028121413E1
9.320000000E0	1.863189360E1	1.057569196E1
9.360000000E0	1.939350406E1	1.090064566E1
9.400000000E0	2.039887934E1	1.139868778E1
9.440000000E0	2.163731040E1	1.195286369E1
9.480000000E0	2.325033986E1	1.269464986E1
9.520000000E0	2.522124046E1	1.355781904E1
9.560000000E0	2.759978906E1	1.447667901E1
9.600000000E0	3.055769639E1	1.567532374E1
9.640000000E0	3.416456067E1	1.713875566E1
9.680000000E0	3.834209521E1	1.893980198E1
9.720000000E0	4.215868444E1	2.062806416E1
9.760000000E0	4.476204406E1	2.178433143E1
9.800000000E0	4.595823160E1	2.166493200E1
9.840000000E0	4.654187614E1	2.210353650E1
9.880000000E0	4.672055364E1	2.265646947E1
9.920000000E0	4.660143696E1	2.310985982E1
9.960000000E0	4.628909443E1	2.342135214E1
1.000000000E1	4.596343278E1	2.365358020E1
1.004000000E1	4.562249155E1	2.373428938E1
1.008000000E1	4.540016669E1	2.529970295E1
1.012000000E1	4.475051132E1	2.360315001E1
1.016000000E1	4.416307865E1	2.339016170E1
1.020000000E1	4.341050484E1	2.294541590E1
1.024000000E1	4.237491896E1	2.228102089E1
1.028000000E1	4.116732827E1	2.132546992E1
1.032000000E1	3.953830029E1	2.002809684E1
1.036000000E1	3.777248885E1	1.861429414E1
1.040000000E1	3.580220340E1	1.733333488E1
1.044000000E1	3.385902544E1	1.612623693E1
1.048000000E1	3.175205884E1	1.497720751E1
1.052000000E1	2.962033582E1	1.382484844E1
1.056000000E1	2.754234179E1	1.276392795E1
1.060000000E1	2.563127598E1	1.184619873E1
1.064000000E1	2.370520906E1	1.108719963E1
1.068000000E1	2.203881323E1	1.058929694E1
1.072000000E1	2.040457259E1	1.005838021E1
1.076000000E1	1.906388691E1	9.618337656E0
1.080000000E1	1.799136033E1	9.292204274E0
1.084000000E1	1.710460061E1	9.034265188E0
1.088000000E1	1.643188033E1	8.814878647E0
1.092000000E1	1.589978563E1	8.714300665E0
1.096000000E1	1.553197644E1	8.619250705E0
1.100000000E1	1.527934866E1	8.539331037E0
1.104000000E1	1.520597749E1	8.437290987E0
1.108000000E1	1.522753349E1	8.395771543E0
1.112000000E1	1.537010233E1	8.451294493E0
1.116000000E1	1.550597196E1	8.565694195E0
1.120000000E1	1.588190541E1	1.054057231E1
1.124000000E1	1.619082817E1	1.071375391E1
1.128000000E1	1.663122678E1	1.097245217E1
1.132000000E1	1.719962561E1	1.126582427E1
1.136000000E1	1.782501378E1	1.157199209E1
1.140000000E1	1.858976340E1	1.189592409E1
1.144000000E1	1.961027901E1	1.234445821E1
1.148000000E1	2.092633153E1	1.293202335E1
1.152000000E1	2.244192951E1	1.357517265E1
1.156000000E1	2.442469097E1	1.438577143E1
1.160000000E1	2.682240496E1	1.530546220E1
1.164000000E1	2.975783698E1	1.636287398E1
1.168000000E1	3.323906201E1	1.756030424E1
1.172000000E1	3.735144917E1	1.938066190E1
1.176000000E1	4.094945433E1	2.144873392E1
1.180000000E1	4.334846361E1	2.294862930E1
1.184000000E1	4.463662886E1	2.383145753E1
1.188000000E1	4.530192373E1	2.460822992E1
1.192000000E1	4.559557359E1	2.521776280E1
1.196000000E1	4.563498336E1	2.576044359E1
1.200000000E1	4.548827946E1	2.620520202E1
1.204000000E1	4.528141074E1	2.659355729E1
1.208000000E1	4.501008970E1	2.681179013E1
1.212000000E1	4.470078513E1	2.686018168E1
1.216000000E1	4.437719310E1	2.680914393E1
1.220000000E1	4.391510858E1	2.661703893E1
1.224000000E1	4.332615003E1	2.624189392E1
1.228000000E1	4.248913125E1	2.556149404E1
1.232000000E1	4.151230850E1	2.485841478E1
1.236000000E1	4.029175788E1	2.379237701E1
1.240000000E1	3.875141499E1	2.260776890E1
1.244000000E1	3.715730287E1	2.145434947E1
1.248000000E1	3.523515072E1	2.014351290E1
1.252000000E1	3.329280582E1	1.888638092E1
1.256000000E1	3.118580847E1	1.751829534E1
1.260000000E1	2.890178916E1	1.624137879E1
1.264000000E1	2.667011785E1	1.517352541E1
1.268000000E1	2.446571713E1	1.421323274E1
1.272000000E1	2.228260285E1	1.347375560E1
1.276000000E1	2.016021892E1	1.278392424E1
1.280000000E1	1.814452948E1	1.213154320E1
1.284000000E1	1.630576860E1	1.159656650E1
1.288000000E1	1.471328645E1	1.113505057E1
1.292000000E1	1.347962897E1	1.083954237E1
1.296000000E1	1.250455467E1	1.055771915E1
1.300000000E1	1.183027296E1	1.039888345E1
1.304000000E1	1.141700982E1	1.022883318E1
1.308000000E1	1.124660011E1	1.011007785E1
1.312000000E1	1.124273460E1	1.004949827E1
1.316000000E1	1.126238745E1	9.935762398E0
1.320000000E1	1.142355599E1	9.918480955E0
1.324000000E1	1.166895976E1	9.949686648E0
1.328000000E1	1.185668083E1	9.991021325E0
1.332000000E1	1.207657650E1	1.012601770E1
1.336000000E1	1.230683126E1	1.024720395E1
1.340000000E1	1.258611666E1	1.040428573E1
1.344000000E1	1.292016312E1	1.063151173E1
1.348000000E1	1.333405151E1	1.084290763E1
1.352000000E1	1.387949876E1	1.112195967E1
1.356000000E1	1.453622932E1	1.133676751E1
1.360000000E1	1.545747472E1	1.170603950E1
1.364000000E1	1.668722725E1	1.216807558E1
1.368000000E1	1.832919039E1	1.276867746E1
1.372000000E1	2.062447088E1	1.365927874E1
1.376000000E1	2.342040153E1	1.457771978E1
1.380000000E1	2.725148244E1	1.590762521E1
1.384000000E1	3.190157111E1	1.770724192E1
1.388000000E1	3.733343080E1	1.996365745E1
1.392000000E1	4.223661876E1	2.205801586E1
1.396000000E1	4.549475168E1	2.364593263E1
1.400000000E1	4.690962323E1	2.395796380E1
1.404000000E1	4.781598813E1	2.483852640E1
1.408000000E1	4.810482134E1	2.550752289E1
1.412000000E1	4.807590261E1	2.601908530E1
1.416000000E1	4.781434001E1	2.630590278E1
1.420000000E1	4.750120540E1	2.646825592E1
1.424000000E1	4.719541478E1	2.649965882E1
1.428000000E1	4.690772660E1	2.649580866E1
1.432000000E1	4.661500230E1	2.649271500E1
1.436000000E1	4.631410070E1	2.643212911E1
1.440000000E1	4.596632120E1	2.623549001E1
1.444000000E1	4.540353352E1	2.588523446E1
1.448000000E1	4.444424369E1	2.510014644E1
1.452000000E1	4.305606262E1	2.403691113E1
1.456000000E1	3.901546492E1	2.140125253E1
1.460000000E1	3.900437724E1	2.140713096E1
1.464000000E1	3.674319200E1	2.020712945E1
1.468000000E1	3.406801150E1	1.873028663E1
1.472000000E1	3.149498617E1	1.739768068E1
1.476000000E1	2.884397280E1	1.591102522E1
1.480000000E1	2.644997701E1	1.466686976E1
1.484000000E1	2.422532562E1	1.366875812E1
1.488000000E1	2.236392947E1	1.289979303E1
1.492000000E1	2.074572663E1	1.231346501E1
1.496000000E1	1.945570288E1	1.188948101E1
1.500000000E1	1.839418684E1	1.153764889E1
1.504000000E1	1.752954374E1	1.126225372E1
1.508000000E1	1.687998334E1	1.111771811E1
1.512000000E1	1.632363969E1	1.100650460E1
1.516000000E1	1.595514747E1	1.096991746E1
1.520000000E1	1.573211343E1	1.089943688E1
1.524000000E1	1.557762359E1	1.085883770E1
1.528000000E1	1.558842939E1	1.083850363E1
1.532000000E1	1.565260377E1	1.087866533E1
1.536000000E1	1.571691007E1	1.084205511E1
1.540000000E1	1.596448771E1	1.093893837E1
1.544000000E1	1.614860326E1	1.097217434E1
1.548000000E1	1.642089788E1	1.110366871E1
1.552000000E1	1.674557265E1	1.121176305E1
1.556000000E1	1.713379379E1	1.141996088E1
1.560000000E1	1.765693105E1	1.159391995E1
1.564000000E1	1.836302193E1	1.188215904E1
1.568000000E1	1.930181883E1	1.226571961E1
1.572000000E1	2.054802576E1	1.272931687E1
1.576000000E1	2.210687846E1	1.333508631E1
1.580000000E1	2.386586219E1	1.401287770E1
1.584000000E1	2.602228124E1	1.482948034E1
1.588000000E1	2.823409494E1	1.563300185E1
1.592000000E1	3.083619237E1	1.649435011E1
1.596000000E1	3.405418461E1	1.767325005E1
1.600000000E1	3.773337471E1	1.903602982E1
1.604000000E1	4.165754116E1	2.054831935E1
1.608000000E1	4.461779307E1	2.173722227E1
1.612000000E1	4.629360534E1	2.233652272E1
1.616000000E1	4.730933891E1	2.293636708E1
1.620000000E1	4.782464300E1	2.350909052E1
1.624000000E1	4.792951363E1	2.390742236E1
1.628000000E1	4.779520001E1	2.427707572E1
1.632000000E1	4.762377209E1	2.452882828E1
1.636000000E1	4.738737541E1	2.470947484E1
1.640000000E1	4.718621705E1	2.489041911E1
1.644000000E1	4.694231321E1	2.504141053E1
1.648000000E1	4.673237384E1	2.517676318E1
1.652000000E1	4.645832848E1	2.528069428E1
1.656000000E1	4.604569783E1	2.526189697E1
1.660000000E1	4.553187184E1	2.512642838E1
1.664000000E1	4.469845685E1	2.468757945E1
1.668000000E1	4.362591740E1	2.398599307E1
1.672000000E1	4.238725452E1	2.318418577E1
1.676000000E1	4.095177849E1	2.227357951E1
1.680000000E1	3.927447755E1	2.129546607E1
1.684000000E1	3.754444617E1	2.030307223E1
1.688000000E1	3.551761900E1	1.922342774E1
1.692000000E1	3.352193252E1	1.813559146E1
1.696000000E1	3.150783129E1	1.710977763E1
1.700000000E1	2.951334910E1	1.601937668E1
1.704000000E1	2.759162484E1	1.517845696E1
1.708000000E1	2.572580290E1	1.425264745E1
1.712000000E1	2.409289107E1	1.359997228E1
1.716000000E1	2.258997204E1	1.302438210E1
1.720000000E1	2.123284875E1	1.246437563E1
1.724000000E1	2.020152542E1	1.209121591E1
1.728000000E1	1.927077055E1	1.173701628E1
1.732000000E1	1.861839257E1	1.155365623E1
1.736000000E1	1.807787674E1	1.131800068E1
1.740000000E1	1.772837881E1	1.117791614E1
1.744000000E1	1.762135783E1	1.109599888E1
1.748000000E1	1.762103103E1	1.110632461E1
1.752000000E1	1.765058373E1	1.116110024E1
1.756000000E1	1.782346904E1	1.127581565E1
1.760000000E1	1.808871596E1	1.143659878E1
1.764000000E1	1.838732230E1	1.162381526E1
1.768000000E1	1.889388193E1	1.187473901E1
1.772000000E1	1.959232970E1	1.218305052E1
1.776000000E1	2.064163341E1	1.260614542E1
1.780000000E1	2.210017182E1	1.309398218E1
1.784000000E1	2.423096344E1	1.378211072E1
1.788000000E1	2.724188769E1	1.482642548E1
1.792000000E1	3.143971224E1	1.645449165E1
1.796000000E1	3.615263303E1	1.845164105E1
1.800000000E1	4.095786252E1	2.065364871E1
1.804000000E1	4.425178528E1	2.228218937E1
1.808000000E1	4.598570109E1	2.340427692E1
1.812000000E1	4.707165470E1	2.438697829E1
1.816000000E1	4.739708602E1	2.568935510E1
1.820000000E1	4.737502076E1	2.571756792E1
1.824000000E1	4.703150723E1	2.611751238E1
1.828000000E1	4.664882762E1	2.638914519E1
1.832000000E1	4.628201635E1	2.648599887E1
1.836000000E1	4.591969285E1	2.647328653E1
1.840000000E1	4.557908433E1	2.647366660E1
1.844000000E1	4.526669456E1	2.643443617E1
1.848000000E1	4.483950722E1	2.631045388E1
1.852000000E1	4.430792655E1	2.603904577E1
1.856000000E1	4.362773304E1	2.559479369E1
1.860000000E1	4.271781965E1	2.485725217E1
1.864000000E1	4.154505743E1	2.397792314E1
1.868000000E1	4.020139337E1	2.288556018E1
1.872000000E1	3.872194308E1	2.170715624E1
1.876000000E1	3.721230740E1	2.054596148E1
1.880000000E1	3.558627055E1	1.928191593E1
1.884000000E1	3.371986668E1	1.799601998E1
1.888000000E1	3.164452864E1	1.669676814E1
1.892000000E1	2.962876498E1	1.555532457E1
1.896000000E1	2.755228270E1	1.452430116E1
1.900000000E1	2.550944597E1	1.368934018E1
1.904000000E1	2.361711213E1	1.294070659E1
1.908000000E1	2.209406602E1	1.243733508E1
1.912000000E1	2.074216775E1	1.201181417E1
1.916000000E1	1.964490160E1	1.164870683E1
1.920000000E1	1.872872512E1	1.143275888E1
1.924000000E1	1.775372192E1	1.125130647E1
1.928000000E1	1.777157451E1	1.125876869E1
1.932000000E1	1.751893049E1	1.120997391E1
1.936000000E1	1.733907647E1	1.113292440E1
1.940000000E1	1.732904885E1	1.108358176E1
1.944000000E1	1.732919807E1	1.092871548E1
1.948000000E1	1.733872972E1	1.094980037E1
1.952000000E1	1.736042468E1	1.090793654E1
1.956000000E1	1.734639155E1	1.086311286E1
1.960000000E1	1.735639560E1	1.086509971E1
1.964000000E1	1.746635429E1	1.098070632E1
1.968000000E1	1.752454646E1	1.111713833E1
1.972000000E1	1.766814510E1	1.128482800E1
1.976000000E1	1.794787186E1	1.154727229E1
1.980000000E1	1.826242463E1	1.174420715E1
1.984000000E1	1.885923038E1	1.203108343E1
1.988000000E1	1.989512310E1	1.245513069E1
1.992000000E1	2.148104374E1	1.304860054E1
1.996000000E1	2.366758312E1	1.375706148E1
2.000000000E1	2.675290257E1	1.482533230E1
2.004000000E1	3.050972712E1	1.604011114E1
2.008000000E1	3.544622069E1	1.780620893E1
2.012000000E1	4.022300385E1	1.977470390E1
2.016000000E1	4.414119824E1	2.155675024E1
2.020000000E1	4.629255872E1	2.258544167E1
2.024000000E1	4.751383242E1	2.336522906E1
2.028000000E1	4.806602627E1	2.397964442E1
2.032000000E1	4.826089917E1	2.463714943E1
2.036000000E1	4.810990209E1	2.517077917E1
2.040000000E1	4.784752344E1	2.552751625E1
2.044000000E1	4.751094287E1	2.576981235E1
2.048000000E1	4.720531570E1	2.588426017E1
2.052000000E1	4.690023382E1	2.588252048E1
2.056000000E1	4.661372180E1	2.587490493E1
2.060000000E1	4.627233909E1	2.576133027E1
2.064000000E1	4.585870193E1	2.560781534E1
2.068000000E1	4.526429986E1	2.529916057E1
2.072000000E1	4.447333998E1	2.487043011E1
2.076000000E1	4.336707230E1	2.397258892E1
2.080000000E1	4.216878827E1	2.303868558E1
2.084000000E1	4.080569475E1	2.197830151E1
2.088000000E1	3.910812552E1	2.069402423E1
2.092000000E1	3.748419090E1	1.960427741E1
2.096000000E1	3.563364382E1	1.839897157E1
2.100000000E1	3.371459495E1	1.745035373E1
2.104000000E1	3.176871734E1	1.653036037E1
2.108000000E1	2.983144213E1	1.560142581E1
2.112000000E1	2.793738700E1	1.489739945E1
2.116000000E1	2.618127614E1	1.425550470E1
2.120000000E1	2.467343620E1	1.374888600E1
2.124000000E1	2.315752512E1	1.323368211E1
2.128000000E1	2.179335110E1	1.276701137E1
2.132000000E1	2.063862860E1	1.242369095E1
2.136000000E1	1.957701195E1	1.214998872E1
2.140000000E1	1.866497642E1	1.189224756E1
2.144000000E1	1.792087477E1	1.171050716E1
2.148000000E1	1.732533037E1	1.155230361E1
2.152000000E1	1.685655236E1	1.139548193E1
2.156000000E1	1.646450103E1	1.125065828E1
2.160000000E1	1.618074276E1	1.111746997E1
2.164000000E1	1.601155375E1	1.097303545E1
2.168000000E1	1.603681557E1	1.093593060E1
2.172000000E1	1.615282149E1	1.093765258E1
2.176000000E1	1.634569138E1	1.095596475E1
2.180000000E1	1.661625964E1	1.102778113E1
2.184000000E1	1.705128035E1	1.123068026E1
2.188000000E1	1.749153299E1	1.141637517E1
2.192000000E1	1.793943643E1	1.156949785E1
2.196000000E1	1.838843255E1	1.173018810E1
2.200000000E1	1.883157165E1	1.186681565E1
2.204000000E1	1.922920709E1	1.202020002E1
2.208000000E1	1.966045212E1	1.215061394E1
2.212000000E1	2.020459750E1	1.231595129E1
2.216000000E1	2.105891692E1	1.261906295E1
2.220000000E1	2.217336389E1	1.302019055E1
2.224000000E1	2.363146187E1	1.361698884E1
2.228000000E1	2.542126505E1	1.437731228E1
2.232000000E1	2.755197870E1	1.522946793E1
2.236000000E1	2.985326372E1	1.618052720E1
2.240000000E1	3.280636142E1	1.741973131E1
2.244000000E1	3.749738930E1	1.947139476E1
2.248000000E1	4.192322885E1	2.144873428E1
2.252000000E1	4.520078966E1	2.308589353E1
2.256000000E1	4.718072448E1	2.430778270E1
2.260000000E1	4.850141903E1	2.544322924E1
2.264000000E1	4.905355352E1	2.633720451E1
2.268000000E1	4.911800342E1	2.697811906E1
2.272000000E1	4.888339531E1	2.733922028E1
2.276000000E1	4.850774524E1	2.760990941E1
2.280000000E1	4.812587604E1	2.769671892E1
2.284000000E1	4.771019052E1	2.769220536E1
2.288000000E1	4.725328865E1	2.768264503E1
2.292000000E1	4.676932587E1	2.759807122E1
2.296000000E1	4.632003965E1	2.748397168E1
2.300000000E1	4.573188633E1	2.724219509E1
2.304000000E1	4.512680322E1	2.696193176E1
2.308000000E1	4.451670522E1	2.664945279E1
2.312000000E1	4.364204315E1	2.605604489E1
2.316000000E1	4.273304105E1	2.541567087E1
2.320000000E1	4.153924446E1	2.441065383E1
2.324000000E1	4.016779774E1	2.324139277E1
2.328000000E1	3.857655407E1	2.187373835E1
2.332000000E1	3.686443055E1	2.053587137E1
2.336000000E1	3.483236696E1	1.903602087E1
2.340000000E1	3.255521724E1	1.757505857E1
2.344000000E1	3.022154092E1	1.629850153E1
2.348000000E1	2.782158785E1	1.514185887E1
2.352000000E1	2.554404411E1	1.424962164E1
2.356000000E1	2.347886388E1	1.362918482E1
2.360000000E1	2.152378835E1	1.307391445E1
2.364000000E1	1.987004254E1	1.261574570E1
2.368000000E1	1.848121372E1	1.217245908E1
2.372000000E1	1.746663833E1	1.184586182E1
2.376000000E1	1.669460153E1	1.159186329E1
2.380000000E1	1.619945477E1	1.139130295E1
2.384000000E1	1.593397198E1	1.125340813E1
2.388000000E1	1.588173334E1	1.114916837E1
2.392000000E1	1.609770613E1	1.115696804E1
2.396000000E1	1.659682556E1	1.127948771E1
2.400000000E1	1.736278659E1	1.155755249E1
2.404000000E1	1.840321783E1	1.190652440E1
2.408000000E1	1.989859737E1	1.242180885E1
2.412000000E1	2.167941428E1	1.304562616E1
2.416000000E1	2.374866552E1	1.379516179E1
2.420000000E1	2.624051161E1	1.470247692E1
2.424000000E1	2.938106157E1	1.576887157E1
2.428000000E1	3.397228496E1	1.737062735E1
2.432000000E1	3.979411911E1	1.990831036E1
2.436000000E1	4.353982852E1	2.185597659E1
2.440000000E1	4.658432719E1	2.365009009E1
2.444000000E1	4.821207919E1	2.469428593E1
2.448000000E1	4.912052666E1	2.565165068E1
2.452000000E1	4.949655071E1	2.628359631E1
2.456000000E1	4.948185329E1	2.690259775E1
2.460000000E1	4.911174868E1	2.716517342E1
2.464000000E1	4.901510186E1	2.739657451E1
2.468000000E1	4.841090024E1	2.740540988E1
2.472000000E1	4.800683321E1	2.738730724E1
2.476000000E1	4.778114416E1	2.738620362E1
2.480000000E1	4.718324539E1	2.723785014E1
2.484000000E1	4.656047676E1	2.694711730E1
2.488000000E1	4.585239463E1	2.648972483E1
2.492000000E1	4.464221426E1	2.560480724E1
2.496000000E1	4.330958413E1	2.456903404E1
2.500000000E1	4.197489799E1	2.335577738E1
2.504000000E1	4.000927414E1	2.188582715E1
2.508000000E1	3.824100936E1	2.067234320E1
2.512000000E1	3.592954815E1	1.916633198E1
2.516000000E1	3.377806931E1	1.798234630E1
2.520000000E1	3.151179269E1	1.681954986E1
2.524000000E1	2.930670607E1	1.574284556E1
2.528000000E1	2.714921035E1	1.482854146E1
2.532000000E1	2.491345029E1	1.396111893E1
2.536000000E1	2.302653092E1	1.327718211E1
2.540000000E1	2.156963069E1	1.265941953E1
2.544000000E1	2.039943948E1	1.227375698E1
2.548000000E1	1.931744751E1	1.201274003E1
2.552000000E1	1.834876603E1	1.175112515E1
2.556000000E1	1.756137321E1	1.144493577E1
2.560000000E1	1.689989041E1	1.115353712E1
2.564000000E1	1.623970530E1	1.082460060E1
2.568000000E1	1.627849892E1	1.082131510E1
2.572000000E1	1.629753154E1	1.081630266E1
2.576000000E1	1.659123157E1	1.092812409E1
2.580000000E1	1.718063378E1	1.111828436E1
2.584000000E1	1.803912437E1	1.141996972E1
2.588000000E1	1.921060908E1	1.176242839E1
2.592000000E1	2.079026592E1	1.230638716E1
2.596000000E1	2.275590768E1	1.300749244E1
2.600000000E1	2.516977171E1	1.389636080E1
2.604000000E1	2.786686956E1	1.485032466E1
2.608000000E1	3.124610727E1	1.604242430E1
2.612000000E1	3.542391070E1	1.771420997E1
2.616000000E1	3.840189552E1	2.219196719E1
2.620000000E1	4.421305576E1	2.155964729E1
2.624000000E1	4.811912930E1	2.367572242E1
2.628000000E1	4.811996246E1	2.366923160E1
2.632000000E1	4.903279541E1	2.469881803E1
2.636000000E1	4.970734647E1	2.544469666E1
2.640000000E1	4.971636989E1	2.602662873E1
2.644000000E1	4.923136636E1	2.638160275E1
2.648000000E1	4.896502261E1	2.663795737E1
2.652000000E1	4.852673905E1	2.678446794E1
2.656000000E1	4.810878273E1	2.678186570E1
2.660000000E1	4.749648719E1	2.666610858E1
2.664000000E1	4.719089228E1	2.662638224E1
2.668000000E1	4.656727944E1	2.635449768E1
2.672000000E1	4.590957719E1	2.600808925E1
2.676000000E1	4.499941012E1	2.543388715E1
2.680000000E1	4.354666761E1	2.455226342E1
2.684000000E1	4.220048381E1	2.350041274E1
2.688000000E1	3.873535373E1	2.081511286E1
2.692000000E1	3.871570840E1	2.081984141E1
2.696000000E1	3.645194869E1	1.918686161E1
2.700000000E1	3.482027005E1	1.782437609E1
2.704000000E1	3.161145974E1	1.619249980E1
2.708000000E1	2.887512389E1	1.467765622E1
2.712000000E1	2.580171868E1	1.337515718E1
2.716000000E1	2.283622990E1	1.216303819E1
2.720000000E1	1.985118310E1	1.124606749E1
2.724000000E1	1.731351877E1	1.056082485E1
2.728000000E1	1.527814902E1	1.018072565E1
2.732000000E1	1.372571463E1	9.929991641E0
2.736000000E1	1.248981275E1	9.726093298E0
2.740000000E1	1.167219081E1	9.627584125E0
2.744000000E1	1.123007522E1	9.498177970E0
2.748000000E1	1.110173453E1	9.390392379E0
2.752000000E1	1.110690043E1	9.268884228E0
2.756000000E1	1.121556135E1	9.177082758E0
2.760000000E1	1.137429423E1	9.140028770E0
2.764000000E1	1.153615767E1	9.128471445E0
2.768000000E1	1.179052522E1	9.172042606E0
2.772000000E1	1.207251850E1	9.190185976E0
2.776000000E1	1.240929634E1	9.276893069E0
2.780000000E1	1.283205538E1	9.338660994E0
2.784000000E1	1.331439802E1	9.457055581E0
2.788000000E1	1.391994582E1	9.617120941E0
2.792000000E1	1.468577700E1	9.814455757E0
2.796000000E1	1.557317319E1	1.006882119E1
2.800000000E1	1.665064677E1	1.037454588E1
2.804000000E1	1.807278757E1	1.083747795E1
2.808000000E1	1.988366562E1	1.154641865E1
2.812000000E1	2.213052525E1	1.246788982E1
2.816000000E1	2.493706032E1	1.368604951E1
2.820000000E1	2.864444363E1	1.512549612E1
2.824000000E1	3.286951463E1	1.681632728E1
2.828000000E1	3.661412478E1	2.172087829E1
2.832000000E1	4.093054631E1	2.383595389E1
2.836000000E1	4.575838022E1	2.317910122E1
2.840000000E1	4.712216586E1	2.409662680E1
2.844000000E1	4.816724185E1	2.497468624E1
2.848000000E1	4.799273198E1	2.548114757E1
2.852000000E1	4.805868604E1	2.590306419E1
2.856000000E1	4.774727886E1	2.618548160E1
2.860000000E1	4.695125806E1	2.620984577E1
2.864000000E1	4.649317419E1	2.620557211E1
2.868000000E1	4.624664762E1	2.619643784E1
2.872000000E1	4.543183008E1	2.589668283E1
2.876000000E1	4.480812206E1	2.559720770E1
2.880000000E1	4.390347152E1	2.500314291E1
2.884000000E1	4.269637095E1	2.426665848E1
2.888000000E1	4.137157231E1	2.321206621E1
2.892000000E1	3.986730273E1	2.215042486E1
2.896000000E1	3.793050088E1	2.083626547E1
2.900000000E1	3.668442929E1	1.959660424E1
2.904000000E1	3.496297878E1	1.858213986E1
2.908000000E1	3.316445071E1	1.732293251E1
2.912000000E1	3.111660828E1	1.592951387E1
2.916000000E1	2.898821376E1	1.467365260E1
2.920000000E1	2.684242035E1	1.350104704E1
2.924000000E1	2.486355637E1	1.259067132E1
2.928000000E1	2.302701618E1	1.193642044E1
2.932000000E1	2.143889226E1	1.145339483E1
2.936000000E1	2.010813368E1	1.111114684E1
2.940000000E1	1.891242557E1	1.080629128E1
2.944000000E1	1.790266005E1	1.055596332E1
2.948000000E1	1.717027077E1	1.036681010E1
2.952000000E1	1.663584573E1	1.021804682E1
2.956000000E1	1.625943823E1	1.007277817E1
2.960000000E1	1.599969861E1	9.933271736E0
2.964000000E1	1.584065934E1	9.866747598E0
2.968000000E1	1.581845684E1	9.891585910E0
2.972000000E1	1.593564881E1	9.922045261E0
2.976000000E1	1.633156309E1	1.005982222E1
2.980000000E1	1.708986718E1	1.035212188E1
2.984000000E1	1.828325153E1	1.080256308E1
2.988000000E1	1.989539681E1	1.133100983E1
2.992000000E1	2.179707809E1	1.189196089E1
2.996000000E1	2.395453044E1	1.266940673E1
3.000000000E1	2.631888715E1	1.376991055E1
3.004000000E1	2.945447800E1	1.508868383E1
3.008000000E1	3.336922574E1	1.661717969E1
3.012000000E1	3.618259690E1	2.110273314E1
3.016000000E1	3.993459072E1	2.289824665E1
3.020000000E1	4.280762922E1	2.441190093E1
3.024000000E1	4.667737016E1	2.318866209E1
3.028000000E1	4.734716350E1	2.381267826E1
3.032000000E1	4.767861392E1	2.443454577E1
3.036000000E1	4.769533659E1	2.486530893E1
3.040000000E1	4.740954185E1	2.518677515E1
3.044000000E1	4.720361106E1	2.557059147E1
3.048000000E1	4.678287715E1	2.572276037E1
3.052000000E1	4.623360612E1	2.572676716E1
3.056000000E1	4.559866008E1	2.560262203E1
3.060000000E1	4.515346044E1	2.542711467E1
3.064000000E1	4.431885984E1	2.499110057E1
3.068000000E1	4.314361989E1	2.425788728E1
3.072000000E1	4.195044889E1	2.320288505E1
3.076000000E1	4.009770045E1	2.201876413E1
3.080000000E1	3.584629970E1	1.889296598E1
3.084000000E1	3.585491858E1	1.888918124E1
3.088000000E1	3.366144498E1	1.736956898E1
3.092000000E1	3.058121876E1	1.578076845E1
3.096000000E1	2.791639640E1	1.456093675E1
3.100000000E1	2.527069400E1	1.347628594E1
3.104000000E1	2.277424759E1	1.260668472E1
3.108000000E1	2.077837639E1	1.199436054E1
3.112000000E1	1.906390260E1	1.151656605E1
3.116000000E1	1.674476158E1	1.082050079E1
3.120000000E1	1.675079500E1	1.081767730E1
3.124000000E1	1.615685445E1	1.057592917E1
3.128000000E1	1.596629125E1	1.036843540E1
3.132000000E1	1.600614546E1	1.022426307E1
3.136000000E1	1.616247766E1	1.011437286E1
3.140000000E1	1.642539248E1	1.010686781E1
3.144000000E1	1.774051009E1	1.050802153E1
3.148000000E1	1.776576694E1	1.051155881E1
3.152000000E1	1.891817624E1	1.096478923E1
3.156000000E1	2.045611151E1	1.156053322E1
3.160000000E1	2.222998603E1	1.221207625E1
3.164000000E1	2.440950284E1	1.293640684E1
3.168000000E1	2.689703887E1	1.378080644E1
3.172000000E1	2.980669683E1	1.469928803E1
3.176000000E1	3.315669506E1	1.588040921E1
3.180000000E1	3.578839334E1	2.057977826E1
3.184000000E1	3.999173412E1	2.276045452E1
3.188000000E1	4.488507796E1	2.230641590E1
3.192000000E1	4.673052071E1	2.340559569E1
3.196000000E1	4.810519928E1	2.391898949E1
3.200000000E1	4.861550844E1	2.454452538E1
3.204000000E1	4.865350563E1	2.485425928E1
3.208000000E1	4.843430423E1	2.500734167E1
3.212000000E1	4.808024068E1	2.500073085E1
3.216000000E1	4.770080512E1	2.495170260E1
3.220000000E1	4.722638503E1	2.483108033E1
3.224000000E1	4.679010469E1	2.469575623E1
3.228000000E1	4.640137219E1	2.456792363E1
3.232000000E1	4.597141829E1	2.443194643E1
3.236000000E1	4.555486129E1	2.426342146E1
3.240000000E1	4.495250888E1	2.397171826E1
3.244000000E1	4.435111281E1	2.365727190E1
3.248000000E1	4.312344917E1	2.278026408E1
3.252000000E1	4.163425328E1	2.158180533E1
3.256000000E1	3.992066779E1	2.023196562E1
3.260000000E1	3.821317742E1	1.888922405E1
3.264000000E1	3.587612183E1	1.754713862E1
3.268000000E1	3.425655825E1	1.619842438E1
3.272000000E1	3.202784075E1	1.498393748E1
3.276000000E1	2.787585963E1	1.291959615E1
3.280000000E1	2.789437461E1	1.292024528E1
3.284000000E1	2.614764574E1	1.238078440E1
3.288000000E1	2.467659999E1	1.186973144E1
3.292000000E1	2.334356038E1	1.143221546E1
3.296000000E1	2.235512850E1	1.116243175E1
3.300000000E1	2.185215084E1	1.112235543E1
3.304000000E1	2.113908876E1	1.141409481E1
3.308000000E1	2.139805923E1	1.142102340E1
3.312000000E1	2.175064676E1	1.139434106E1
3.316000000E1	2.169288416E1	1.170001520E1
3.320000000E1	2.168734267E1	1.170106273E1
3.324000000E1	2.209038674E1	1.169410539E1
3.328000000E1	2.264317460E1	1.172054036E1
3.332000000E1	2.348118050E1	1.171411984E1
3.336000000E1	2.381650162E1	1.201196690E1
3.340000000E1	2.461298308E1	1.227411678E1
3.344000000E1	2.574126795E1	1.260990686E1
3.348000000E1	2.733547336E1	1.319567834E1
3.352000000E1	2.960960051E1	1.408655764E1
3.356000000E1	3.464066055E1	1.978363053E1
3.360000000E1	3.464330348E1	1.978112319E1
3.364000000E1	3.847748044E1	2.161520618E1
3.368000000E1	4.187524616E1	2.350374483E1
3.372000000E1	4.438630355E1	2.494477654E1
3.376000000E1	4.771338897E1	2.336286843E1
3.380000000E1	4.856401627E1	2.411415554E1
3.384000000E1	4.874089443E1	2.457227599E1
3.388000000E1	4.857945232E1	2.488571574E1
3.392000000E1	4.817622895E1	2.502902460E1
3.396000000E1	4.775782303E1	2.515756653E1
3.400000000E1	4.733359324E1	2.517626180E1
3.404000000E1	4.691028975E1	2.516012629E1
3.408000000E1	4.655007493E1	2.514025519E1
3.412000000E1	4.595199752E1	2.500671737E1
3.416000000E1	4.543861435E1	2.485104929E1
3.420000000E1	4.479602953E1	2.457341007E1
3.424000000E1	4.459913160E1	2.425697246E1
3.428000000E1	4.372642054E1	2.365916831E1
3.432000000E1	4.240544812E1	2.275769279E1
3.436000000E1	4.156192000E1	2.184752522E1
3.440000000E1	4.024990083E1	2.064565282E1
3.444000000E1	3.881947190E1	1.965556176E1
3.448000000E1	3.766695766E1	1.897622721E1
3.452000000E1	3.632288938E1	1.821027546E1
3.456000000E1	3.479066180E1	1.740046395E1
3.460000000E1	3.323173358E1	1.650655315E1
3.464000000E1	3.152301494E1	1.553456066E1
3.468000000E1	2.960384637E1	1.454085900E1
3.472000000E1	2.754128978E1	1.356892866E1
3.476000000E1	2.537105571E1	1.260440038E1
3.480000000E1	2.302921867E1	1.160898580E1
3.484000000E1	2.080958826E1	1.067849455E1
3.488000000E1	1.856495453E1	9.879347329E0
3.492000000E1	1.664680736E1	9.262464952E0
3.496000000E1	1.511050384E1	8.834704666E0
3.500000000E1	1.413677881E1	8.556834582E0
3.504000000E1	1.348470217E1	8.338338110E0
3.508000000E1	1.298873487E1	8.228174753E0
3.512000000E1	1.268540330E1	8.101585564E0
3.516000000E1	1.255871801E1	7.991511685E0
3.520000000E1	1.268751721E1	7.962289889E0
3.524000000E1	1.300468725E1	7.990221505E0
3.528000000E1	1.328743421E1	8.133025358E0
3.532000000E1	1.359364980E1	8.131699426E0
3.536000000E1	1.388181441E1	8.028421464E0
3.540000000E1	1.269527493E1	9.198833159E0
