Armbåge
t	x	y
0.000000000E0	1.709999991E1	9.824999950E0
4.000000000E-2	1.709450230E1	9.825633975E0
8.000000000E-2	1.709031121E1	9.825319401E0
1.200000000E-1	1.708079600E1	9.815421356E0
1.600000000E-1	1.708404646E1	9.820197747E0
2.000000000E-1	1.708921920E1	9.814423750E0
2.400000000E-1	1.709387412E1	9.818563596E0
2.800000000E-1	1.709072806E1	9.819638453E0
3.200000000E-1	1.708457014E1	9.819723846E0
3.600000000E-1	1.708698490E1	9.806142103E0
4.000000000E-1	1.709352660E1	9.806142827E0
4.400000000E-1	1.709768919E1	9.814618451E0
4.800000000E-1	1.710108610E1	9.810765608E0
5.200000000E-1	1.710111672E1	9.817979647E0
5.600000000E-1	1.710094198E1	9.817669349E0
6.000000000E-1	1.710094957E1	9.821963917E0
6.400000000E-1	1.710101848E1	9.823833741E0
6.800000000E-1	1.710244499E1	9.829717313E0
7.200000000E-1	1.710408169E1	9.835886715E0
7.600000000E-1	1.710754278E1	9.845685058E0
8.000000000E-1	1.710292085E1	9.846083420E0
8.400000000E-1	1.710181934E1	9.836427171E0
8.800000000E-1	1.710167801E1	9.835659970E0
9.200000000E-1	1.710402621E1	9.834163664E0
9.600000000E-1	1.710267160E1	9.830580767E0
1.000000000E0	1.710103070E1	9.828189582E0
1.040000000E0	1.710073052E1	9.828138142E0
1.080000000E0	1.710085227E1	9.827926441E0
1.120000000E0	1.709933917E1	9.826136167E0
1.160000000E0	1.709922639E1	9.825126120E0
1.200000000E0	1.709976256E1	9.820781437E0
1.240000000E0	1.710021424E1	9.815748146E0
1.280000000E0	1.710160128E1	9.810246783E0
1.320000000E0	1.710165422E1	9.793167078E0
1.360000000E0	1.710035657E1	9.806579507E0
1.400000000E0	1.709945204E1	9.812698245E0
1.440000000E0	1.709605327E1	9.825183983E0
1.480000000E0	1.709107198E1	9.833531234E0
1.520000000E0	1.708848276E1	9.854080470E0
1.560000000E0	1.708516252E1	9.892863219E0
1.600000000E0	1.709598396E1	9.924739452E0
1.640000000E0	1.709588716E1	9.974243787E0
1.680000000E0	1.708315685E1	1.001454775E1
1.720000000E0	1.708527332E1	1.010712449E1
1.760000000E0	1.710197319E1	1.023577010E1
1.800000000E0	1.710841686E1	1.041736556E1
1.840000000E0	1.725694024E1	1.058362477E1
1.880000000E0	1.767805459E1	1.082094204E1
1.920000000E0	1.850102392E1	1.119643969E1
1.960000000E0	2.004971570E1	1.195893849E1
2.000000000E0	2.214073304E1	1.300610354E1
2.040000000E0	2.460683053E1	1.424316647E1
2.080000000E0	2.742022041E1	1.573061046E1
2.120000000E0	3.046881182E1	1.725298146E1
2.160000000E0	3.346521984E1	1.876920486E1
2.200000000E0	3.635901129E1	2.003214033E1
2.240000000E0	3.896417810E1	2.096615779E1
2.280000000E0	4.121566226E1	2.154796018E1
2.320000000E0	4.295267797E1	2.186108407E1
2.360000000E0	4.413876685E1	2.197835098E1
2.400000000E0	4.482134086E1	2.185458263E1
2.440000000E0	4.509120924E1	2.172136370E1
2.480000000E0	4.500402727E1	2.156615651E1
2.520000000E0	4.468384147E1	2.154008972E1
2.560000000E0	4.402556675E1	2.152204587E1
2.600000000E0	4.295623320E1	2.122198927E1
2.640000000E0	4.154486664E1	2.080450948E1
2.680000000E0	3.990055527E1	2.030123536E1
2.720000000E0	3.806447499E1	1.973865491E1
2.760000000E0	3.610123079E1	1.913650963E1
2.800000000E0	3.405722248E1	1.864591136E1
2.840000000E0	3.212475691E1	1.818412505E1
2.880000000E0	3.023436678E1	1.782268745E1
2.920000000E0	2.861072679E1	1.746708826E1
2.960000000E0	2.705011953E1	1.692452372E1
3.000000000E0	2.571956916E1	1.643587883E1
3.040000000E0	2.467135697E1	1.597762012E1
3.080000000E0	2.405232402E1	1.567101748E1
3.120000000E0	2.386225844E1	1.545959463E1
3.160000000E0	2.386367032E1	1.536759435E1
3.200000000E0	2.397483782E1	1.533642802E1
3.240000000E0	2.399700648E1	1.526838716E1
3.280000000E0	2.385923595E1	1.511567160E1
3.320000000E0	2.352285537E1	1.481084306E1
3.360000000E0	2.282217306E1	1.429792296E1
3.400000000E0	2.177588324E1	1.366442988E1
3.440000000E0	2.053381978E1	1.305907007E1
3.480000000E0	1.919940485E1	1.251493518E1
3.520000000E0	1.792490177E1	1.194439054E1
3.560000000E0	1.691226239E1	1.145761200E1
3.600000000E0	1.616440512E1	1.100937106E1
3.640000000E0	1.562648473E1	1.056828803E1
3.680000000E0	1.537224558E1	1.024786280E1
3.720000000E0	1.522859213E1	1.002826188E1
3.760000000E0	1.528181632E1	9.831185725E0
3.800000000E0	1.530708248E1	9.691382365E0
3.840000000E0	1.533771477E1	9.547151385E0
3.880000000E0	1.531085048E1	9.448504652E0
3.920000000E0	1.530814241E1	9.372711818E0
3.960000000E0	1.530743108E1	9.353146807E0
4.000000000E0	1.530507899E1	9.375594405E0
4.040000000E0	1.532999016E1	9.460342677E0
4.080000000E0	1.544952073E1	9.665700320E0
4.120000000E0	1.587039199E1	9.958216537E0
4.160000000E0	1.676954866E1	1.040635167E1
4.200000000E0	1.824110006E1	1.107655980E1
4.240000000E0	2.029441974E1	1.192615533E1
4.280000000E0	2.281442062E1	1.311357075E1
4.320000000E0	2.564247084E1	1.445024971E1
4.360000000E0	2.862357065E1	1.594169991E1
4.400000000E0	3.146789112E1	1.734958808E1
4.440000000E0	3.423121240E1	1.865360741E1
4.480000000E0	3.671015686E1	1.984704726E1
4.520000000E0	3.886463490E1	2.072950766E1
4.560000000E0	4.061442062E1	2.134712219E1
4.600000000E0	4.194298258E1	2.171465759E1
4.640000000E0	4.297712434E1	2.186243539E1
4.680000000E0	4.375427422E1	2.192500317E1
4.720000000E0	4.423298587E1	2.195920745E1
4.760000000E0	4.440899290E1	2.191706225E1
4.800000000E0	4.426879413E1	2.182869574E1
4.840000000E0	4.384319093E1	2.171639932E1
4.880000000E0	4.314429553E1	2.158385629E1
4.920000000E0	4.219531703E1	2.126073983E1
4.960000000E0	4.099870510E1	2.089921073E1
5.000000000E0	3.959923314E1	2.050479460E1
5.040000000E0	3.813396986E1	2.012384318E1
5.080000000E0	3.646123115E1	1.959758132E1
5.120000000E0	3.479110235E1	1.899232433E1
5.160000000E0	3.312013048E1	1.834789041E1
5.200000000E0	3.148012712E1	1.768541750E1
5.240000000E0	2.997124840E1	1.703362026E1
5.280000000E0	2.853137857E1	1.644714779E1
5.320000000E0	2.726787337E1	1.598411907E1
5.360000000E0	2.609348037E1	1.551033693E1
5.400000000E0	2.510794912E1	1.519801739E1
5.440000000E0	2.427803893E1	1.493023578E1
5.480000000E0	2.358134047E1	1.462427302E1
5.520000000E0	2.312397405E1	1.443258055E1
5.560000000E0	2.292514391E1	1.428381809E1
5.600000000E0	2.280231615E1	1.418605328E1
5.640000000E0	2.280710835E1	1.412765086E1
5.680000000E0	2.272352889E1	1.403205558E1
5.720000000E0	2.250766357E1	1.386086756E1
5.760000000E0	2.207271763E1	1.356464563E1
5.800000000E0	2.136807809E1	1.309656102E1
5.840000000E0	2.039804859E1	1.260528428E1
5.880000000E0	1.919657327E1	1.211974667E1
5.920000000E0	1.797859909E1	1.164916003E1
5.960000000E0	1.691134685E1	1.129818279E1
6.000000000E0	1.611739040E1	1.097111938E1
6.040000000E0	1.570358359E1	1.075302117E1
6.080000000E0	1.574311214E1	1.068569263E1
6.120000000E0	1.604303573E1	1.075686202E1
6.160000000E0	1.647700349E1	1.102720768E1
6.200000000E0	1.680731799E1	1.120387861E1
6.240000000E0	1.709055054E1	1.132010217E1
6.280000000E0	1.710382145E1	1.134863890E1
6.320000000E0	1.695713790E1	1.131254114E1
6.360000000E0	1.676742982E1	1.124410334E1
6.400000000E0	1.670870656E1	1.128639742E1
6.440000000E0	1.694236494E1	1.146869665E1
6.480000000E0	1.771750069E1	1.176866272E1
6.520000000E0	1.921844403E1	1.232111825E1
6.560000000E0	2.130866684E1	1.321356875E1
6.600000000E0	2.378514830E1	1.439532916E1
6.640000000E0	2.669818124E1	1.570962775E1
6.680000000E0	2.970532964E1	1.704152698E1
6.720000000E0	3.255270337E1	1.826061294E1
6.760000000E0	3.518657172E1	1.929393865E1
6.800000000E0	3.745755555E1	2.008876261E1
6.840000000E0	3.928349041E1	2.054613056E1
6.880000000E0	4.071618072E1	2.078146661E1
6.920000000E0	4.169536236E1	2.090860928E1
6.960000000E0	4.240375907E1	2.098291233E1
7.000000000E0	4.293614783E1	2.108580980E1
7.040000000E0	4.332988416E1	2.121775802E1
7.080000000E0	4.363205396E1	2.123077855E1
7.120000000E0	4.377473781E1	2.118704541E1
7.160000000E0	4.370888940E1	2.109695831E1
7.200000000E0	4.352276771E1	2.117535020E1
7.240000000E0	4.311540070E1	2.121399941E1
7.280000000E0	4.247656400E1	2.114066383E1
7.320000000E0	4.158860419E1	2.095817263E1
7.360000000E0	4.045080547E1	2.064518935E1
7.400000000E0	3.896832345E1	2.008049809E1
7.440000000E0	3.741295509E1	1.970879536E1
7.480000000E0	3.583533806E1	1.947829991E1
7.520000000E0	3.428943345E1	1.920041507E1
7.560000000E0	3.274893154E1	1.887432591E1
7.600000000E0	3.125889930E1	1.839949695E1
7.640000000E0	2.994813729E1	1.804861055E1
7.680000000E0	2.869383748E1	1.761594936E1
7.720000000E0	2.746011767E1	1.716236926E1
7.760000000E0	2.633497647E1	1.663136172E1
7.800000000E0	2.549421308E1	1.620377806E1
7.840000000E0	2.479042113E1	1.582690954E1
7.880000000E0	2.437776464E1	1.557791927E1
7.920000000E0	2.413998095E1	1.529889255E1
7.960000000E0	2.404032512E1	1.505353404E1
8.000000000E0	2.397501794E1	1.493542091E1
8.040000000E0	2.383395997E1	1.477858334E1
8.080000000E0	2.340024486E1	1.446503950E1
8.120000000E0	2.258867853E1	1.390173843E1
8.160000000E0	2.144748375E1	1.324717777E1
8.200000000E0	2.007158223E1	1.258338920E1
8.240000000E0	1.866621034E1	1.193846123E1
8.280000000E0	1.739521705E1	1.147579305E1
8.320000000E0	1.638529848E1	1.110328188E1
8.360000000E0	1.562007736E1	1.075583152E1
8.400000000E0	1.527009441E1	1.047118927E1
8.440000000E0	1.527645660E1	1.027309253E1
8.480000000E0	1.546663080E1	1.024587713E1
8.520000000E0	1.589898074E1	1.037945479E1
8.560000000E0	1.658682173E1	1.070935471E1
8.600000000E0	1.756699973E1	1.107822037E1
8.640000000E0	1.896007160E1	1.161427235E1
8.680000000E0	2.069875423E1	1.236253968E1
8.720000000E0	2.283211742E1	1.328753027E1
8.760000000E0	2.520199970E1	1.435843000E1
8.800000000E0	2.776422480E1	1.550272492E1
8.840000000E0	3.033659385E1	1.666592904E1
8.880000000E0	3.280268098E1	1.776251334E1
8.920000000E0	3.510738263E1	1.868599014E1
8.960000000E0	3.722212963E1	1.948916694E1
9.000000000E0	3.913801855E1	2.014494752E1
9.040000000E0	4.073216408E1	2.063374801E1
9.080000000E0	4.205706063E1	2.097042542E1
9.120000000E0	4.299343512E1	2.128537146E1
9.160000000E0	4.353833043E1	2.148592070E1
9.200000000E0	4.355026959E1	2.141041544E1
9.240000000E0	4.320789908E1	2.124562906E1
9.280000000E0	4.255195945E1	2.092383905E1
9.320000000E0	4.155387486E1	2.050166689E1
9.360000000E0	4.026425935E1	2.002389882E1
9.400000000E0	3.877138159E1	1.955713182E1
9.440000000E0	3.716882337E1	1.912969870E1
9.480000000E0	3.553134672E1	1.865331920E1
9.520000000E0	3.390777069E1	1.825304387E1
9.560000000E0	3.231380271E1	1.778713893E1
9.600000000E0	3.077050421E1	1.730360905E1
9.640000000E0	2.928913386E1	1.676171588E1
9.680000000E0	2.797143368E1	1.630573331E1
9.720000000E0	2.676583989E1	1.581543176E1
9.760000000E0	2.574743806E1	1.541876167E1
9.800000000E0	2.497430439E1	1.502512703E1
9.840000000E0	2.431174992E1	1.476879522E1
9.880000000E0	2.383086883E1	1.450697943E1
9.920000000E0	2.351495876E1	1.433659074E1
9.960000000E0	2.332107001E1	1.417589049E1
1.000000000E1	2.323602596E1	1.413548947E1
1.004000000E1	2.316043877E1	1.404211190E1
1.008000000E1	2.309886347E1	1.398096944E1
1.012000000E1	2.281852549E1	1.373394596E1
1.016000000E1	2.235310424E1	1.341658581E1
1.020000000E1	2.166191530E1	1.296581273E1
1.024000000E1	2.075341510E1	1.253087468E1
1.028000000E1	1.975140251E1	1.212992247E1
1.032000000E1	1.867077421E1	1.173338323E1
1.036000000E1	1.758588159E1	1.147027034E1
1.040000000E1	1.665092885E1	1.119354496E1
1.044000000E1	1.590699160E1	1.094997068E1
1.048000000E1	1.545940526E1	1.072213948E1
1.052000000E1	1.524761304E1	1.059410585E1
1.056000000E1	1.526099812E1	1.046945888E1
1.060000000E1	1.542849833E1	1.043567606E1
1.064000000E1	1.562528697E1	1.046443175E1
1.068000000E1	1.590538662E1	1.059585020E1
1.072000000E1	1.633888477E1	1.074568355E1
1.076000000E1	1.720145964E1	1.101625175E1
1.080000000E1	1.854413226E1	1.135037822E1
1.084000000E1	2.048053868E1	1.195313092E1
1.088000000E1	2.288208618E1	1.284241443E1
1.092000000E1	2.559384262E1	1.393169373E1
1.096000000E1	2.849406650E1	1.510256432E1
1.100000000E1	3.138188093E1	1.637290664E1
1.104000000E1	3.404721585E1	1.756621471E1
1.108000000E1	3.635076108E1	1.857617713E1
1.112000000E1	3.834113418E1	1.946484404E1
1.116000000E1	3.992250821E1	2.006383313E1
1.120000000E1	4.107734195E1	2.050147440E1
1.124000000E1	4.186401674E1	2.076672326E1
1.128000000E1	4.228541042E1	2.090653895E1
1.132000000E1	4.235267468E1	2.089883892E1
1.136000000E1	4.208904728E1	2.077149804E1
1.140000000E1	4.154908519E1	2.046192597E1
1.144000000E1	4.076116373E1	2.016828318E1
1.148000000E1	3.978411023E1	1.985353281E1
1.152000000E1	3.857878712E1	1.947440965E1
1.156000000E1	3.732921298E1	1.901148766E1
1.160000000E1	3.598691731E1	1.854351051E1
1.164000000E1	3.460444724E1	1.810698009E1
1.168000000E1	3.323114437E1	1.771163205E1
1.172000000E1	3.189504418E1	1.726287721E1
1.176000000E1	3.053927991E1	1.678569220E1
1.180000000E1	2.925054292E1	1.631247217E1
1.184000000E1	2.802739727E1	1.579340178E1
1.188000000E1	2.683571604E1	1.526000592E1
1.192000000E1	2.579673729E1	1.487456988E1
1.196000000E1	2.489694655E1	1.458089344E1
1.200000000E1	2.410534575E1	1.433060857E1
1.204000000E1	2.354090402E1	1.415431640E1
1.208000000E1	2.315684197E1	1.402588353E1
1.212000000E1	2.298286997E1	1.397697945E1
1.216000000E1	2.293823316E1	1.392022785E1
1.220000000E1	2.295187336E1	1.388448472E1
1.224000000E1	2.295945863E1	1.389632165E1
1.228000000E1	2.295410332E1	1.388272681E1
1.232000000E1	2.283707396E1	1.373866685E1
1.236000000E1	2.249012832E1	1.348418484E1
1.240000000E1	2.190240883E1	1.313068267E1
1.244000000E1	2.103781332E1	1.267873311E1
1.248000000E1	2.005534059E1	1.221844496E1
1.252000000E1	1.900080405E1	1.177576002E1
1.256000000E1	1.803775374E1	1.136463193E1
1.260000000E1	1.727774787E1	1.105528625E1
1.264000000E1	1.683567358E1	1.081906253E1
1.268000000E1	1.652981885E1	1.060399780E1
1.272000000E1	1.638211474E1	1.045854436E1
1.276000000E1	1.649711750E1	1.045527822E1
1.280000000E1	1.674877949E1	1.061326384E1
1.284000000E1	1.709855831E1	1.078208306E1
1.288000000E1	1.765752054E1	1.102420085E1
1.292000000E1	1.860232820E1	1.135932447E1
1.296000000E1	1.995549309E1	1.182295118E1
1.300000000E1	2.174932741E1	1.251188328E1
1.304000000E1	2.390919805E1	1.336147767E1
1.308000000E1	2.627169033E1	1.441648095E1
1.312000000E1	2.874102113E1	1.553419975E1
1.316000000E1	3.121257190E1	1.662139742E1
1.320000000E1	3.364414851E1	1.770927215E1
1.324000000E1	3.580602352E1	1.874110927E1
1.328000000E1	3.783672283E1	1.958533313E1
1.332000000E1	3.961946519E1	2.033415731E1
1.336000000E1	4.112747922E1	2.090923947E1
1.340000000E1	4.231244157E1	2.130297799E1
1.344000000E1	4.320620271E1	2.160627183E1
1.348000000E1	4.383146070E1	2.176418367E1
1.352000000E1	4.422137175E1	2.183813224E1
1.356000000E1	4.437061706E1	2.181580798E1
1.360000000E1	4.423125066E1	2.169307311E1
1.364000000E1	4.390299727E1	2.163527791E1
1.368000000E1	4.343128274E1	2.160614740E1
1.372000000E1	4.273690959E1	2.149436747E1
1.376000000E1	4.181927002E1	2.123868498E1
1.380000000E1	4.072768221E1	2.079223192E1
1.384000000E1	3.946419650E1	2.026360235E1
1.388000000E1	3.803020062E1	1.970895176E1
1.392000000E1	3.649924378E1	1.910445987E1
1.396000000E1	3.493616687E1	1.851978455E1
1.400000000E1	3.340862681E1	1.796539522E1
1.404000000E1	3.196643802E1	1.748629193E1
1.408000000E1	3.059652607E1	1.699526727E1
1.412000000E1	2.926208040E1	1.643739448E1
1.416000000E1	2.807145169E1	1.590325191E1
1.420000000E1	2.699241490E1	1.544960812E1
1.424000000E1	2.610408223E1	1.493754473E1
1.428000000E1	2.534669896E1	1.454832093E1
1.432000000E1	2.477358896E1	1.418195711E1
1.436000000E1	2.431558390E1	1.389902971E1
1.440000000E1	2.402713598E1	1.372583359E1
1.444000000E1	2.390466354E1	1.358809121E1
1.448000000E1	2.385750612E1	1.356659254E1
1.452000000E1	2.380902491E1	1.354636981E1
1.456000000E1	2.356044367E1	1.340779999E1
1.460000000E1	2.312267293E1	1.325027076E1
1.464000000E1	2.248788611E1	1.297805313E1
1.468000000E1	2.163685481E1	1.267600757E1
1.472000000E1	2.073023748E1	1.238483110E1
1.476000000E1	1.992305070E1	1.222408763E1
1.480000000E1	1.920735675E1	1.208080830E1
1.484000000E1	1.873322999E1	1.198092871E1
1.488000000E1	1.856544848E1	1.189986905E1
1.492000000E1	1.863059583E1	1.191865458E1
1.496000000E1	1.896361089E1	1.208231055E1
1.500000000E1	1.963219790E1	1.236894220E1
1.504000000E1	2.060967403E1	1.268138264E1
1.508000000E1	2.204887035E1	1.325938380E1
1.512000000E1	2.395042825E1	1.404451972E1
1.516000000E1	2.626438423E1	1.504428561E1
1.520000000E1	2.880788355E1	1.623963528E1
1.524000000E1	3.146096504E1	1.747707438E1
1.528000000E1	3.416005985E1	1.866199950E1
1.532000000E1	3.670626235E1	1.973767725E1
1.536000000E1	3.905740669E1	2.059377958E1
1.540000000E1	4.110160550E1	2.134072471E1
1.544000000E1	4.278615043E1	2.185382440E1
1.548000000E1	4.407877883E1	2.214547305E1
1.552000000E1	4.508176796E1	2.218558066E1
1.556000000E1	4.587621878E1	2.210494976E1
1.560000000E1	4.638092487E1	2.203326310E1
1.564000000E1	4.652421731E1	2.185668186E1
1.568000000E1	4.634799421E1	2.154514108E1
1.572000000E1	4.588929552E1	2.130903220E1
1.576000000E1	4.522706303E1	2.123559483E1
1.580000000E1	4.441271861E1	2.120950279E1
1.584000000E1	4.346754005E1	2.117758665E1
1.588000000E1	4.229768232E1	2.107293521E1
1.592000000E1	4.096703849E1	2.082094379E1
1.596000000E1	3.951452618E1	2.046748956E1
1.600000000E1	3.798370976E1	2.013510724E1
1.604000000E1	3.640102070E1	1.955134367E1
1.608000000E1	3.483661376E1	1.895902317E1
1.612000000E1	3.329878815E1	1.836009965E1
1.616000000E1	3.181550298E1	1.768626651E1
1.620000000E1	3.046463805E1	1.713199884E1
1.624000000E1	2.921097915E1	1.663919794E1
1.628000000E1	2.805945787E1	1.612829585E1
1.632000000E1	2.711660158E1	1.581935614E1
1.636000000E1	2.629216298E1	1.552362751E1
1.640000000E1	2.563386680E1	1.531190006E1
1.644000000E1	2.511318861E1	1.515977414E1
1.648000000E1	2.467928811E1	1.497037637E1
1.652000000E1	2.443685384E1	1.476242077E1
1.656000000E1	2.430039794E1	1.465182757E1
1.660000000E1	2.429219153E1	1.464543009E1
1.664000000E1	2.430289205E1	1.463492436E1
1.668000000E1	2.429140424E1	1.463199772E1
1.672000000E1	2.426662617E1	1.459105782E1
1.676000000E1	2.417072987E1	1.440063091E1
1.680000000E1	2.400760304E1	1.420938145E1
1.684000000E1	2.386038061E1	1.403592797E1
1.688000000E1	2.366679196E1	1.392372457E1
1.692000000E1	2.337562750E1	1.372524920E1
1.696000000E1	2.294025312E1	1.343190639E1
1.700000000E1	2.250226405E1	1.312397296E1
1.704000000E1	2.219219427E1	1.283088824E1
1.708000000E1	2.204846992E1	1.266211614E1
1.712000000E1	2.204438656E1	1.253320086E1
1.716000000E1	2.223592311E1	1.252984176E1
1.720000000E1	2.277743034E1	1.279090626E1
1.724000000E1	2.354770932E1	1.313849338E1
1.728000000E1	2.471440143E1	1.372667919E1
1.732000000E1	2.623384634E1	1.441700320E1
1.736000000E1	2.807653608E1	1.531455133E1
1.740000000E1	3.013697260E1	1.636340598E1
1.744000000E1	3.232215944E1	1.744263028E1
1.748000000E1	3.453468336E1	1.852593872E1
1.752000000E1	3.673942798E1	1.945529300E1
1.756000000E1	3.882129875E1	2.022667794E1
1.760000000E1	4.068489542E1	2.073114626E1
1.764000000E1	4.226901399E1	2.120539475E1
1.768000000E1	4.348919685E1	2.150488100E1
1.772000000E1	4.444075722E1	2.175124172E1
1.776000000E1	4.501686045E1	2.193896078E1
1.780000000E1	4.531020542E1	2.207261907E1
1.784000000E1	4.530793275E1	2.210130160E1
1.788000000E1	4.509918540E1	2.208728226E1
1.792000000E1	4.465639778E1	2.196835861E1
1.796000000E1	4.394803318E1	2.186468188E1
1.800000000E1	4.303938151E1	2.169020404E1
1.804000000E1	4.188938598E1	2.138444846E1
1.808000000E1	4.056450911E1	2.103976941E1
1.812000000E1	3.906984822E1	2.061245812E1
1.816000000E1	3.756178955E1	2.028249284E1
1.820000000E1	3.602340177E1	1.986660542E1
1.824000000E1	3.459872420E1	1.956037305E1
1.828000000E1	3.315755209E1	1.916025196E1
1.832000000E1	3.167581809E1	1.864607333E1
1.836000000E1	3.016999856E1	1.808755555E1
1.840000000E1	2.868748663E1	1.747938908E1
1.844000000E1	2.730553563E1	1.685596265E1
1.848000000E1	2.605897664E1	1.627740709E1
1.852000000E1	2.504940002E1	1.575690726E1
1.856000000E1	2.415828414E1	1.534634020E1
1.860000000E1	2.341180205E1	1.497264827E1
1.864000000E1	2.291604179E1	1.469285877E1
1.868000000E1	2.259317951E1	1.446573958E1
1.872000000E1	2.239080661E1	1.431381160E1
1.876000000E1	2.239703862E1	1.425843409E1
1.880000000E1	2.246235737E1	1.428486164E1
1.884000000E1	2.251588008E1	1.425541457E1
1.888000000E1	2.249639143E1	1.417955353E1
1.892000000E1	2.237075217E1	1.401385018E1
1.896000000E1	2.213475939E1	1.374643147E1
1.900000000E1	2.174164664E1	1.340003495E1
1.904000000E1	2.114809298E1	1.297045326E1
1.908000000E1	2.039540761E1	1.253116351E1
1.912000000E1	1.959095849E1	1.221997468E1
1.916000000E1	1.889820084E1	1.192305416E1
1.920000000E1	1.841299465E1	1.169780934E1
1.924000000E1	1.817325151E1	1.159050113E1
1.928000000E1	1.826829955E1	1.161511995E1
1.932000000E1	1.865124062E1	1.163294742E1
1.936000000E1	1.945694722E1	1.191207425E1
1.940000000E1	2.059747743E1	1.221825123E1
1.944000000E1	2.220336403E1	1.279870034E1
1.948000000E1	2.412835486E1	1.349206018E1
1.952000000E1	2.635886858E1	1.436005507E1
1.956000000E1	2.880532420E1	1.536061695E1
1.960000000E1	3.134541763E1	1.654952167E1
1.964000000E1	3.386024526E1	1.774251739E1
1.968000000E1	3.619525403E1	1.884639769E1
1.972000000E1	3.828139625E1	1.975950735E1
1.976000000E1	4.012477124E1	2.042935969E1
1.980000000E1	4.171122128E1	2.101149629E1
1.984000000E1	4.294831666E1	2.141471115E1
1.988000000E1	4.380478437E1	2.158090806E1
1.992000000E1	4.430069661E1	2.157156773E1
1.996000000E1	4.445432469E1	2.147424949E1
2.000000000E1	4.425229161E1	2.126058004E1
2.004000000E1	4.383607448E1	2.110701691E1
2.008000000E1	4.322953960E1	2.097632820E1
2.012000000E1	4.242928733E1	2.082874956E1
2.016000000E1	4.139563822E1	2.061384653E1
2.020000000E1	4.018084088E1	2.031990679E1
2.024000000E1	3.881654426E1	1.991948116E1
2.028000000E1	3.735271107E1	1.942413517E1
2.032000000E1	3.579663815E1	1.889004778E1
2.036000000E1	3.434043594E1	1.844830707E1
2.040000000E1	3.288461890E1	1.789732512E1
2.044000000E1	3.145631713E1	1.748859598E1
2.048000000E1	3.013500310E1	1.705350460E1
2.052000000E1	2.880981672E1	1.660203580E1
2.056000000E1	2.760609724E1	1.625506427E1
2.060000000E1	2.653039609E1	1.592499565E1
2.064000000E1	2.545770707E1	1.553621264E1
2.068000000E1	2.446881143E1	1.521096699E1
2.072000000E1	2.366529334E1	1.498166008E1
2.076000000E1	2.309404441E1	1.481807336E1
2.080000000E1	2.275329298E1	1.475052138E1
2.084000000E1	2.253049303E1	1.461360829E1
2.088000000E1	2.250068346E1	1.447122297E1
2.092000000E1	2.250198617E1	1.430777153E1
2.096000000E1	2.249589581E1	1.416219810E1
2.100000000E1	2.239352329E1	1.390889718E1
2.104000000E1	2.224292056E1	1.368418087E1
2.108000000E1	2.201105616E1	1.344703125E1
2.112000000E1	2.163637290E1	1.313709851E1
2.116000000E1	2.124154913E1	1.295158975E1
2.120000000E1	2.068232242E1	1.267981420E1
2.124000000E1	2.000415702E1	1.238387353E1
2.128000000E1	1.936286925E1	1.216750639E1
2.132000000E1	1.886966616E1	1.205511006E1
2.136000000E1	1.858123032E1	1.194094029E1
2.140000000E1	1.859249095E1	1.193745796E1
2.144000000E1	1.888999152E1	1.203856750E1
2.148000000E1	1.935302433E1	1.222325920E1
2.152000000E1	2.015604491E1	1.249846581E1
2.156000000E1	2.129182983E1	1.292240706E1
2.160000000E1	2.274047475E1	1.345653591E1
2.164000000E1	2.461008511E1	1.414317164E1
2.168000000E1	2.669908213E1	1.498451771E1
2.172000000E1	2.910046319E1	1.595903452E1
2.176000000E1	3.153684414E1	1.701644877E1
2.180000000E1	3.396521256E1	1.805607375E1
2.184000000E1	3.623386644E1	1.898342088E1
2.188000000E1	3.831132287E1	1.972748117E1
2.192000000E1	4.004941131E1	2.028543731E1
2.196000000E1	4.143385042E1	2.062648862E1
2.200000000E1	4.254596298E1	2.091341031E1
2.204000000E1	4.330652848E1	2.105300490E1
2.208000000E1	4.365433419E1	2.104331565E1
2.212000000E1	4.366081900E1	2.092925100E1
2.216000000E1	4.347131868E1	2.078505082E1
2.220000000E1	4.312272379E1	2.076028228E1
2.224000000E1	4.247402721E1	2.067076853E1
2.228000000E1	4.168951494E1	2.053476632E1
2.232000000E1	4.077260562E1	2.034535906E1
2.236000000E1	3.961439928E1	2.001674100E1
2.240000000E1	3.824812743E1	1.964548491E1
2.244000000E1	3.682932538E1	1.927862368E1
2.248000000E1	3.538419793E1	1.886732917E1
2.252000000E1	3.386003848E1	1.845672141E1
2.256000000E1	3.229926654E1	1.796780217E1
2.260000000E1	3.071135164E1	1.737742661E1
2.264000000E1	2.919990523E1	1.682468242E1
2.268000000E1	2.768196001E1	1.634274216E1
2.272000000E1	2.629318229E1	1.586273097E1
2.276000000E1	2.508728293E1	1.548483844E1
2.280000000E1	2.400797272E1	1.512997473E1
2.284000000E1	2.312578361E1	1.478124290E1
2.288000000E1	2.249671798E1	1.448029110E1
2.292000000E1	2.216626892E1	1.419627695E1
2.296000000E1	2.190455213E1	1.398796575E1
2.300000000E1	2.174169446E1	1.386740686E1
2.304000000E1	2.173144525E1	1.381842433E1
2.308000000E1	2.174638623E1	1.379417729E1
2.312000000E1	2.177123680E1	1.374611268E1
2.316000000E1	2.178916179E1	1.373658126E1
2.320000000E1	2.176568663E1	1.373402608E1
2.324000000E1	2.168114419E1	1.372089453E1
2.328000000E1	2.151387096E1	1.352467300E1
2.332000000E1	2.116778206E1	1.328675853E1
2.336000000E1	2.085945785E1	1.310921478E1
2.340000000E1	2.068269450E1	1.296701019E1
2.344000000E1	2.069260104E1	1.290532105E1
2.348000000E1	2.088656611E1	1.285332453E1
2.352000000E1	2.147370506E1	1.299002419E1
2.356000000E1	2.238191712E1	1.328308796E1
2.360000000E1	2.359211454E1	1.372430898E1
2.364000000E1	2.516175931E1	1.435364479E1
2.368000000E1	2.699440988E1	1.506694432E1
2.372000000E1	2.905973986E1	1.596993534E1
2.376000000E1	3.120137985E1	1.688834277E1
2.380000000E1	3.331562831E1	1.780049178E1
2.384000000E1	3.535013249E1	1.870253287E1
2.388000000E1	3.723353707E1	1.945904065E1
2.392000000E1	3.881662145E1	2.008651046E1
2.396000000E1	4.021739279E1	2.064097738E1
2.400000000E1	4.133894064E1	2.107489686E1
2.404000000E1	4.224929442E1	2.134592020E1
2.408000000E1	4.288078477E1	2.150735298E1
2.412000000E1	4.318818382E1	2.152183067E1
2.416000000E1	4.324497184E1	2.147516419E1
2.420000000E1	4.305873798E1	2.130585695E1
2.424000000E1	4.263749882E1	2.112305743E1
2.428000000E1	4.201756542E1	2.093037932E1
2.432000000E1	4.124469387E1	2.063446220E1
2.436000000E1	4.025760567E1	2.030427152E1
2.440000000E1	3.903016137E1	1.975141311E1
2.444000000E1	3.768465857E1	1.923997345E1
2.448000000E1	3.629388521E1	1.873908984E1
2.452000000E1	3.504110849E1	1.835732487E1
2.456000000E1	3.384423921E1	1.803633629E1
2.460000000E1	3.266253411E1	1.772794159E1
2.464000000E1	3.146235339E1	1.734614841E1
2.468000000E1	3.030385206E1	1.684996237E1
2.472000000E1	2.914979818E1	1.640098270E1
2.476000000E1	2.799135833E1	1.596488056E1
2.480000000E1	2.690042021E1	1.551404429E1
2.484000000E1	2.589558708E1	1.525183685E1
2.488000000E1	2.506751648E1	1.506141891E1
2.492000000E1	2.431607463E1	1.491151728E1
2.496000000E1	2.380074278E1	1.488980751E1
2.500000000E1	2.343833914E1	1.488811780E1
2.504000000E1	2.325855211E1	1.490442517E1
2.508000000E1	2.324849573E1	1.491126600E1
2.512000000E1	2.325731291E1	1.490174182E1
2.516000000E1	2.323733803E1	1.484285739E1
2.520000000E1	2.322131245E1	1.478448903E1
2.524000000E1	2.311277527E1	1.465829794E1
2.528000000E1	2.309971995E1	1.460583272E1
2.532000000E1	2.307768043E1	1.453552771E1
2.536000000E1	2.312450629E1	1.446972723E1
2.540000000E1	2.325771947E1	1.445580140E1
2.544000000E1	2.351060429E1	1.447784032E1
2.548000000E1	2.385029150E1	1.459745858E1
2.552000000E1	2.432783999E1	1.477810988E1
2.556000000E1	2.504365968E1	1.508821139E1
2.560000000E1	2.603525533E1	1.553785181E1
2.564000000E1	2.729542959E1	1.600670230E1
2.568000000E1	2.879250377E1	1.662178296E1
2.572000000E1	3.048427671E1	1.731483301E1
2.576000000E1	3.227633387E1	1.806047285E1
2.580000000E1	3.412770939E1	1.886944855E1
2.584000000E1	3.595880694E1	1.961344005E1
2.588000000E1	3.770461797E1	2.029894622E1
2.592000000E1	3.924915853E1	2.091534973E1
2.596000000E1	4.065492360E1	2.135004510E1
2.600000000E1	4.185216637E1	2.167929547E1
2.604000000E1	4.290571531E1	2.194208978E1
2.608000000E1	4.366734374E1	2.201682808E1
2.612000000E1	4.420013105E1	2.197056554E1
2.616000000E1	4.452255600E1	2.187079711E1
2.620000000E1	4.457431607E1	2.181443967E1
2.624000000E1	4.439084632E1	2.167224370E1
2.628000000E1	4.397666444E1	2.167259952E1
2.632000000E1	4.341316778E1	2.178854516E1
2.636000000E1	4.267671156E1	2.184579991E1
2.640000000E1	4.183196908E1	2.185612192E1
2.644000000E1	4.079022798E1	2.168328951E1
2.648000000E1	3.966475195E1	2.148889046E1
2.652000000E1	3.841594770E1	2.112337061E1
2.656000000E1	3.716437480E1	2.072778700E1
2.660000000E1	3.582543078E1	2.023407032E1
2.664000000E1	3.448354512E1	1.970879789E1
2.668000000E1	3.312169824E1	1.912564550E1
2.672000000E1	3.172641463E1	1.837938321E1
2.676000000E1	3.041570012E1	1.761403369E1
2.680000000E1	2.912264727E1	1.688930259E1
2.684000000E1	2.799012904E1	1.632897742E1
2.688000000E1	2.706818561E1	1.581233121E1
2.692000000E1	2.620200567E1	1.539171054E1
2.696000000E1	2.547488831E1	1.496081451E1
2.700000000E1	2.480485469E1	1.450823839E1
2.704000000E1	2.429617499E1	1.421769942E1
2.708000000E1	2.386284202E1	1.401690703E1
2.712000000E1	2.355562189E1	1.389989559E1
2.716000000E1	2.338664487E1	1.387153211E1
2.720000000E1	2.324170274E1	1.378614003E1
2.724000000E1	2.313271513E1	1.369469799E1
2.728000000E1	2.305340104E1	1.363342998E1
2.732000000E1	2.304853423E1	1.356807123E1
2.736000000E1	2.301296231E1	1.353520518E1
2.740000000E1	2.298062250E1	1.355228965E1
2.744000000E1	2.297995431E1	1.361776237E1
2.748000000E1	2.300375255E1	1.359754459E1
2.752000000E1	2.308673248E1	1.360280261E1
2.756000000E1	2.330313919E1	1.370598492E1
2.760000000E1	2.371120633E1	1.400525677E1
2.764000000E1	2.438851317E1	1.447066712E1
2.768000000E1	2.532971619E1	1.506829674E1
2.772000000E1	2.653984282E1	1.582315402E1
2.776000000E1	2.801706718E1	1.671609553E1
2.780000000E1	2.966679030E1	1.766433189E1
2.784000000E1	3.150841965E1	1.864277247E1
2.788000000E1	3.343697818E1	1.968918677E1
2.792000000E1	3.532299699E1	2.062478205E1
2.796000000E1	3.715385351E1	2.150778505E1
2.800000000E1	3.879301689E1	2.212110595E1
2.804000000E1	4.032886056E1	2.252611870E1
2.808000000E1	4.170216957E1	2.283654253E1
2.812000000E1	4.280063337E1	2.303237107E1
2.816000000E1	4.369045256E1	2.312789106E1
2.820000000E1	4.438050881E1	2.317830422E1
2.824000000E1	4.496466715E1	2.314140012E1
2.828000000E1	4.534182288E1	2.306301546E1
2.832000000E1	4.554654796E1	2.292439852E1
2.836000000E1	4.559791944E1	2.283533698E1
2.840000000E1	4.550856250E1	2.272251155E1
2.844000000E1	4.529745121E1	2.270935672E1
2.848000000E1	4.499764816E1	2.282326819E1
2.852000000E1	4.452769823E1	2.291283875E1
2.856000000E1	4.392597507E1	2.294351711E1
2.860000000E1	4.313020261E1	2.284585181E1
2.864000000E1	4.216536502E1	2.271992527E1
2.868000000E1	4.108465331E1	2.250856421E1
2.872000000E1	3.989231127E1	2.233524039E1
2.876000000E1	3.859673902E1	2.207266055E1
2.880000000E1	3.725265900E1	2.178260284E1
2.884000000E1	3.599682850E1	2.150849905E1
2.888000000E1	3.481629487E1	2.111587830E1
2.892000000E1	3.369264806E1	2.063840047E1
2.896000000E1	3.256873218E1	2.007649974E1
2.900000000E1	3.154017227E1	1.952865083E1
2.904000000E1	3.056523661E1	1.899238162E1
2.908000000E1	2.960613839E1	1.842137181E1
2.912000000E1	2.867359887E1	1.791496504E1
2.916000000E1	2.777626776E1	1.744588240E1
2.920000000E1	2.701591587E1	1.707552283E1
2.924000000E1	2.635679007E1	1.672189323E1
2.928000000E1	2.576913355E1	1.640574139E1
2.932000000E1	2.526826403E1	1.610689170E1
2.936000000E1	2.488214587E1	1.587650323E1
2.940000000E1	2.462870442E1	1.569991115E1
2.944000000E1	2.446956717E1	1.554093137E1
2.948000000E1	2.443540930E1	1.549837652E1
2.952000000E1	2.444784437E1	1.548959835E1
2.956000000E1	2.448141144E1	1.548150958E1
2.960000000E1	2.457035164E1	1.552210026E1
2.964000000E1	2.461080550E1	1.552809023E1
2.968000000E1	2.465743640E1	1.552913752E1
2.972000000E1	2.471742515E1	1.556797018E1
2.976000000E1	2.489246074E1	1.565770653E1
2.980000000E1	2.517574634E1	1.583582369E1
2.984000000E1	2.562406723E1	1.610294782E1
2.988000000E1	2.625401603E1	1.642298962E1
2.992000000E1	2.715685158E1	1.685731691E1
2.996000000E1	2.835924232E1	1.740980227E1
3.000000000E1	2.973539210E1	1.805440889E1
3.004000000E1	3.125391311E1	1.868886270E1
3.008000000E1	3.297584182E1	1.943407300E1
3.012000000E1	3.469257948E1	2.015196231E1
3.016000000E1	3.642901243E1	2.090617710E1
3.020000000E1	3.809966816E1	2.153832347E1
3.024000000E1	3.974851907E1	2.210669448E1
3.028000000E1	4.117530309E1	2.245219234E1
3.032000000E1	4.252189563E1	2.269175975E1
3.036000000E1	4.356044455E1	2.276787128E1
3.040000000E1	4.439980280E1	2.274891802E1
3.044000000E1	4.504887765E1	2.267530258E1
3.048000000E1	4.542017033E1	2.245027335E1
3.052000000E1	4.557337057E1	2.219487025E1
3.056000000E1	4.547559926E1	2.183708594E1
3.060000000E1	4.528059477E1	2.164006614E1
3.064000000E1	4.499840605E1	2.167917891E1
3.068000000E1	4.462190826E1	2.175056404E1
3.072000000E1	4.411157408E1	2.182168964E1
3.076000000E1	4.349731111E1	2.179233530E1
3.080000000E1	4.278441067E1	2.169612455E1
3.084000000E1	4.197674371E1	2.156974680E1
3.088000000E1	4.101260330E1	2.133863799E1
3.092000000E1	3.989971692E1	2.106594594E1
3.096000000E1	3.868687566E1	2.067366788E1
3.100000000E1	3.750335600E1	2.029121545E1
3.104000000E1	3.629913152E1	1.985012900E1
3.108000000E1	3.510775713E1	1.944619774E1
3.112000000E1	3.394356481E1	1.905744213E1
3.116000000E1	3.276213703E1	1.864960021E1
3.120000000E1	3.153189751E1	1.817480881E1
3.124000000E1	3.038638425E1	1.775558826E1
3.128000000E1	2.932484205E1	1.729533868E1
3.132000000E1	2.834396582E1	1.695471390E1
3.136000000E1	2.749662061E1	1.665884189E1
3.140000000E1	2.677084997E1	1.644238944E1
3.144000000E1	2.611864618E1	1.623274795E1
3.148000000E1	2.552308043E1	1.607614075E1
3.152000000E1	2.498477748E1	1.594412509E1
3.156000000E1	2.453138112E1	1.579313384E1
3.160000000E1	2.417395549E1	1.561737375E1
3.164000000E1	2.399155961E1	1.550728165E1
3.168000000E1	2.400641264E1	1.547895822E1
3.172000000E1	2.406125212E1	1.550283743E1
3.176000000E1	2.413689298E1	1.555288280E1
3.180000000E1	2.429427845E1	1.565699517E1
3.184000000E1	2.444517239E1	1.569875923E1
3.188000000E1	2.474663592E1	1.580791209E1
3.192000000E1	2.514162471E1	1.597068377E1
3.196000000E1	2.566188314E1	1.616629696E1
3.200000000E1	2.642620085E1	1.651054217E1
3.204000000E1	2.731693215E1	1.690536134E1
3.208000000E1	2.846845068E1	1.743461900E1
3.212000000E1	2.973342740E1	1.794727798E1
3.216000000E1	3.116927177E1	1.856151710E1
3.220000000E1	3.278449993E1	1.929283380E1
3.224000000E1	3.440907194E1	2.003647873E1
3.228000000E1	3.598343428E1	2.077908752E1
3.232000000E1	3.751433781E1	2.141970254E1
3.236000000E1	3.901194035E1	2.201677533E1
3.240000000E1	4.034605079E1	2.255179960E1
3.244000000E1	4.138894744E1	2.286928904E1
3.248000000E1	4.223590218E1	2.306212221E1
3.252000000E1	4.296207421E1	2.312903066E1
3.256000000E1	4.351923631E1	2.317713069E1
3.260000000E1	4.398818916E1	2.318038829E1
3.264000000E1	4.441305070E1	2.318084573E1
3.268000000E1	4.474535732E1	2.317509263E1
3.272000000E1	4.494117818E1	2.315369684E1
3.276000000E1	4.499292532E1	2.303119418E1
3.280000000E1	4.485086657E1	2.300429445E1
3.284000000E1	4.456535821E1	2.303121888E1
3.288000000E1	4.423887866E1	2.313500705E1
3.292000000E1	4.373097565E1	2.317365235E1
3.296000000E1	4.317487143E1	2.318889189E1
3.300000000E1	4.243910011E1	2.312848987E1
3.304000000E1	4.160332213E1	2.303683951E1
3.308000000E1	4.072461300E1	2.297294406E1
3.312000000E1	3.966695792E1	2.270745259E1
3.316000000E1	3.845054619E1	2.237432643E1
3.320000000E1	3.720724072E1	2.185066540E1
3.324000000E1	3.598517882E1	2.131764664E1
3.328000000E1	3.481932013E1	2.089820035E1
3.332000000E1	3.373368018E1	2.050169665E1
3.336000000E1	3.268306272E1	2.016184858E1
3.340000000E1	3.170536795E1	1.987392004E1
3.344000000E1	3.076188738E1	1.957537368E1
3.348000000E1	2.987175405E1	1.926287637E1
3.352000000E1	2.898222773E1	1.894966785E1
3.356000000E1	2.821911541E1	1.868131372E1
3.360000000E1	2.747363297E1	1.838457645E1
3.364000000E1	2.681037877E1	1.812126823E1
3.368000000E1	2.625284495E1	1.788556344E1
3.372000000E1	2.578749737E1	1.763838607E1
3.376000000E1	2.545063898E1	1.745832517E1
3.380000000E1	2.523133067E1	1.731142892E1
3.384000000E1	2.521089629E1	1.728446102E1
3.388000000E1	2.525791643E1	1.731593240E1
3.392000000E1	2.535720382E1	1.736964406E1
3.396000000E1	2.553491557E1	1.745646460E1
3.400000000E1	2.581624204E1	1.757121047E1
3.404000000E1	2.618307718E1	1.769729503E1
3.408000000E1	2.683947909E1	1.792096824E1
3.412000000E1	2.770930638E1	1.825838240E1
3.416000000E1	2.881890349E1	1.871813233E1
3.420000000E1	3.016501378E1	1.927542363E1
3.424000000E1	3.169665652E1	1.987560230E1
3.428000000E1	3.333275777E1	2.051043760E1
3.432000000E1	3.509273633E1	2.117988236E1
3.436000000E1	3.677931854E1	2.180577748E1
3.440000000E1	3.835472561E1	2.239108009E1
3.444000000E1	3.970247555E1	2.277989091E1
3.448000000E1	4.084998860E1	2.303764540E1
3.452000000E1	4.185841475E1	2.327562892E1
3.456000000E1	4.266495755E1	2.345038517E1
3.460000000E1	4.318832379E1	2.347732410E1
3.464000000E1	4.358476391E1	2.343076851E1
3.468000000E1	4.381116821E1	2.331534828E1
3.472000000E1	4.388882853E1	2.321305759E1
3.476000000E1	4.386847507E1	2.318430269E1
3.480000000E1	4.378195514E1	2.325182053E1
3.484000000E1	4.357968184E1	2.339707033E1
3.488000000E1	4.323316214E1	2.344394417E1
3.492000000E1	4.274903009E1	2.344171226E1
3.496000000E1	4.212307598E1	2.341653225E1
3.500000000E1	4.133458351E1	2.339794619E1
3.504000000E1	4.039948008E1	2.320040117E1
3.508000000E1	3.928620836E1	2.287391987E1
3.512000000E1	3.811920947E1	2.253196974E1
3.516000000E1	3.686424802E1	2.200758097E1
3.520000000E1	3.564336431E1	2.152172279E1
3.524000000E1	3.442373703E1	2.092862355E1
3.528000000E1	3.327363229E1	2.043555909E1
3.532000000E1	3.223238591E1	1.989465584E1
3.536000000E1	3.124829599E1	1.942263463E1
3.540000000E1	3.030434610E1	1.897813762E1
3.544000000E1	2.940040050E1	1.853382898E1
3.548000000E1	2.851366082E1	1.811632419E1
3.552000000E1	2.773678178E1	1.778981372E1
3.556000000E1	2.703279129E1	1.750092816E1
3.560000000E1	2.638090130E1	1.733216325E1
3.564000000E1	2.579947793E1	1.715703546E1
3.568000000E1	2.530112421E1	1.700047650E1
3.572000000E1	2.492999303E1	1.685556106E1
3.576000000E1	2.474279302E1	1.672144300E1
3.580000000E1	2.466146952E1	1.659782665E1
3.584000000E1	2.469930373E1	1.655136393E1
3.588000000E1	2.472893052E1	1.644530549E1
3.592000000E1	2.476582393E1	1.636678713E1
3.596000000E1	2.474604057E1	1.628820326E1
3.600000000E1	2.474755693E1	1.623139268E1
3.604000000E1	2.476132004E1	1.615489239E1
3.608000000E1	2.506019046E1	1.623750232E1
3.612000000E1	2.550523390E1	1.647474803E1
3.616000000E1	2.634214574E1	1.685556640E1
3.620000000E1	2.738827697E1	1.731956671E1
3.624000000E1	2.865937876E1	1.778888102E1
3.628000000E1	3.014292163E1	1.840108738E1
3.632000000E1	3.178813774E1	1.901323616E1
3.636000000E1	3.352596144E1	1.971929833E1
3.640000000E1	3.529950610E1	2.040482036E1
3.644000000E1	3.693711003E1	2.109206779E1
3.648000000E1	3.856918892E1	2.172584379E1
3.652000000E1	4.011655010E1	2.228485905E1
3.656000000E1	4.147259337E1	2.271755904E1
3.660000000E1	4.259445309E1	2.302332784E1
3.664000000E1	4.350695711E1	2.320152695E1
3.668000000E1	4.425714584E1	2.329184970E1
3.672000000E1	4.480568919E1	2.333924689E1
3.676000000E1	4.513576385E1	2.323253046E1
3.680000000E1	4.520902068E1	2.299764589E1
3.684000000E1	4.513421961E1	2.286710113E1
3.688000000E1	4.484885357E1	2.273489477E1
3.692000000E1	4.439935945E1	2.266409458E1
3.696000000E1	4.380908264E1	2.268022921E1
3.700000000E1	4.304824341E1	2.265942575E1
3.704000000E1	4.211459958E1	2.253992499E1
3.708000000E1	4.106960417E1	2.231127716E1
3.712000000E1	3.984910059E1	2.196847019E1
3.716000000E1	3.862187882E1	2.166167730E1
3.720000000E1	3.731518558E1	2.126892473E1
3.724000000E1	3.605024331E1	2.085485065E1
3.728000000E1	3.481163901E1	2.053044392E1
3.732000000E1	3.358218385E1	2.002108123E1
3.736000000E1	3.241117578E1	1.958803679E1
3.740000000E1	3.132884045E1	1.915453205E1
3.744000000E1	3.029100731E1	1.875854284E1
3.748000000E1	2.936150745E1	1.848408212E1
3.752000000E1	2.849377297E1	1.820026939E1
3.756000000E1	2.773959000E1	1.797009469E1
3.760000000E1	2.712973221E1	1.776201168E1
3.764000000E1	2.654451508E1	1.749544850E1
3.768000000E1	2.596246232E1	1.723636967E1
3.772000000E1	2.557826812E1	1.700350442E1
3.776000000E1	2.528526145E1	1.676412813E1
3.780000000E1	2.513545571E1	1.664877705E1
3.784000000E1	2.504791468E1	1.646083278E1
3.788000000E1	2.491201965E1	1.630589021E1
3.792000000E1	2.471945612E1	1.614032722E1
3.796000000E1	2.433775973E1	1.585620505E1
3.800000000E1	2.383554678E1	1.553382505E1
3.804000000E1	2.299241002E1	1.507215395E1
3.808000000E1	2.195340189E1	1.460536006E1
3.812000000E1	2.086943540E1	1.426671945E1
3.816000000E1	1.981204384E1	1.405480201E1
3.820000000E1	1.913767952E1	1.402864038E1
3.824000000E1	1.905486105E1	1.402432321E1
3.828000000E1	1.946799088E1	1.419834355E1
3.832000000E1	1.991496245E1	1.449152826E1
3.836000000E1	2.027835372E1	1.488903606E1
3.840000000E1	2.068942246E1	1.530807645E1
3.844000000E1	2.099329207E1	1.566816568E1
3.848000000E1	2.129396547E1	1.594410048E1
3.852000000E1	2.159256778E1	1.616681272E1
3.856000000E1	2.192400051E1	1.641951989E1
3.860000000E1	2.234453552E1	1.667957990E1
3.864000000E1	2.282632971E1	1.674834609E1
3.868000000E1	2.343302818E1	1.677850920E1
3.872000000E1	2.413616013E1	1.684424460E1
3.876000000E1	2.484673934E1	1.697945159E1
3.880000000E1	2.556058726E1	1.704600401E1
3.884000000E1	2.625539062E1	1.714662325E1
3.888000000E1	2.691998040E1	1.716271170E1
3.892000000E1	2.760377936E1	1.717275246E1
3.896000000E1	2.834068908E1	1.717434242E1
3.900000000E1	2.904628699E1	1.716053757E1
3.904000000E1	2.969759802E1	1.716126002E1
3.908000000E1	3.015850207E1	1.716675846E1
3.912000000E1	3.064262222E1	1.726679780E1
3.916000000E1	3.100392426E1	1.740663749E1
3.920000000E1	3.123744655E1	1.749001316E1
3.924000000E1	3.125044606E1	1.748215132E1
3.928000000E1	3.093650080E1	1.732638873E1
3.932000000E1	3.031533387E1	1.701474821E1
