hand
t	x	y
0.000000000E0	4.357060410E1	1.263141855E1
4.000000000E-2	4.357196946E1	1.263101319E1
8.000000000E-2	4.355960816E1	1.250797229E1
1.200000000E-1	4.351993575E1	1.244245130E1
1.600000000E-1	4.353069480E1	1.235336183E1
2.000000000E-1	4.350010232E1	1.231523792E1
2.400000000E-1	4.350222941E1	1.228440959E1
2.800000000E-1	4.353056211E1	1.228701339E1
3.200000000E-1	4.355025910E1	1.230270017E1
3.600000000E-1	4.355049395E1	1.228931806E1
4.000000000E-1	4.355385640E1	1.229064067E1
4.400000000E-1	4.355946206E1	1.230896790E1
4.800000000E-1	4.356253151E1	1.231761985E1
5.200000000E-1	4.356363553E1	1.232163939E1
5.600000000E-1	4.356441134E1	1.232425765E1
6.000000000E-1	4.356675297E1	1.232713209E1
6.400000000E-1	4.356818000E1	1.232886378E1
6.800000000E-1	4.356607029E1	1.232837796E1
7.200000000E-1	4.356430203E1	1.232557742E1
7.600000000E-1	4.356671150E1	1.232785552E1
8.000000000E-1	4.356650528E1	1.230576652E1
8.400000000E-1	4.356532178E1	1.232528108E1
8.800000000E-1	4.356918521E1	1.231998251E1
9.200000000E-1	4.356989674E1	1.232469999E1
9.600000000E-1	4.356793246E1	1.233082294E1
1.000000000E0	4.356964385E1	1.232877328E1
1.040000000E0	4.357110542E1	1.233474314E1
1.080000000E0	4.357224027E1	1.234010751E1
1.120000000E0	4.357877802E1	1.248860442E1
1.160000000E0	4.370855083E1	1.263496771E1
1.200000000E0	4.390906429E1	1.275637594E1
1.240000000E0	4.430982009E1	1.287383610E1
1.280000000E0	4.477914799E1	1.309308750E1
1.320000000E0	4.541312470E1	1.334487728E1
1.360000000E0	4.629180744E1	1.352754333E1
1.400000000E0	4.748762647E1	1.365047399E1
1.440000000E0	4.886210874E1	1.353156239E1
1.480000000E0	5.033265140E1	1.349921722E1
1.520000000E0	5.190507395E1	1.350249468E1
1.560000000E0	5.340854406E1	1.352203288E1
1.600000000E0	5.613393346E1	1.367543520E1
1.640000000E0	5.613695447E1	1.367221141E1
1.680000000E0	5.739901002E1	1.371517523E1
1.720000000E0	5.871223324E1	1.386305593E1
1.760000000E0	6.011578423E1	1.392355839E1
1.800000000E0	6.166503135E1	1.397369787E1
1.840000000E0	6.330181338E1	1.401751363E1
1.880000000E0	6.495758511E1	1.407781461E1
1.920000000E0	6.657360551E1	1.406497100E1
1.960000000E0	6.809123725E1	1.400534541E1
2.000000000E0	6.947242516E1	1.403384285E1
2.040000000E0	7.065920166E1	1.397099658E1
2.080000000E0	7.170406246E1	1.397369872E1
2.120000000E0	7.264688834E1	1.406513347E1
2.160000000E0	7.344832047E1	1.409888941E1
2.200000000E0	7.409973416E1	1.408599303E1
2.240000000E0	7.458693984E1	1.409430825E1
2.280000000E0	7.513058684E1	1.408467097E1
2.320000000E0	7.513907329E1	1.411937826E1
2.360000000E0	7.518421201E1	1.416236498E1
2.400000000E0	7.508340545E1	1.432103484E1
2.440000000E0	7.482348548E1	1.466553748E1
2.480000000E0	7.437148936E1	1.518557741E1
2.520000000E0	7.365142402E1	1.584358649E1
2.560000000E0	7.250141954E1	1.651242299E1
2.600000000E0	7.092470414E1	1.711950443E1
2.640000000E0	6.893651104E1	1.759913377E1
2.680000000E0	6.655927679E1	1.774838823E1
2.720000000E0	6.395404426E1	1.767904557E1
2.760000000E0	6.113278939E1	1.745795775E1
2.800000000E0	5.827339300E1	1.686721791E1
2.840000000E0	5.567816060E1	1.607958011E1
2.880000000E0	5.329627372E1	1.546133163E1
2.920000000E0	5.124203632E1	1.475091238E1
2.960000000E0	4.968322009E1	1.419841690E1
3.000000000E0	4.849477402E1	1.385375546E1
3.040000000E0	4.783866709E1	1.348131421E1
3.080000000E0	4.770790353E1	1.321725828E1
3.120000000E0	4.776138882E1	1.310624332E1
3.160000000E0	4.787503965E1	1.309920778E1
3.200000000E0	4.801384519E1	1.311504371E1
3.240000000E0	4.807659335E1	1.310166916E1
3.280000000E0	4.806751338E1	1.299924245E1
3.320000000E0	4.804513769E1	1.291201323E1
3.360000000E0	4.802809939E1	1.289434956E1
3.400000000E0	4.806033903E1	1.292274075E1
3.440000000E0	4.822534644E1	1.298920147E1
3.480000000E0	4.844364640E1	1.307113447E1
3.520000000E0	4.878503700E1	1.315271968E1
3.560000000E0	4.931672429E1	1.322948381E1
3.600000000E0	5.014397450E1	1.328773562E1
3.640000000E0	5.118679199E1	1.334931252E1
3.680000000E0	5.389682284E1	1.353408348E1
3.720000000E0	5.388313901E1	1.352795320E1
3.760000000E0	5.547754013E1	1.352944853E1
3.800000000E0	5.716199389E1	1.354940800E1
3.840000000E0	5.884122123E1	1.359338195E1
3.880000000E0	6.060368213E1	1.368967790E1
3.920000000E0	6.236291779E1	1.378631716E1
3.960000000E0	6.421430155E1	1.382017075E1
4.000000000E0	6.766889388E1	1.386925520E1
4.040000000E0	6.767868015E1	1.387239880E1
4.080000000E0	6.917190116E1	1.385380737E1
4.120000000E0	7.042712054E1	1.383485129E1
4.160000000E0	7.141274450E1	1.384797553E1
4.200000000E0	7.228498036E1	1.389219498E1
4.240000000E0	7.303030397E1	1.391880857E1
4.280000000E0	7.375135499E1	1.392284165E1
4.320000000E0	7.427710243E1	1.393770248E1
4.360000000E0	7.464008016E1	1.382679264E1
4.400000000E0	7.485012441E1	1.379440232E1
4.440000000E0	7.494961623E1	1.382225611E1
4.480000000E0	7.483673455E1	1.383012670E1
4.520000000E0	7.454480889E1	1.398000592E1
4.560000000E0	7.408473180E1	1.435108102E1
4.600000000E0	7.323161918E1	1.498338828E1
4.640000000E0	7.211181553E1	1.571237287E1
4.680000000E0	7.067283804E1	1.657030885E1
4.720000000E0	6.872092865E1	1.738961834E1
4.760000000E0	6.643939640E1	1.802486443E1
4.800000000E0	6.400978704E1	1.815450398E1
4.840000000E0	6.162889695E1	1.801952158E1
4.880000000E0	5.910030115E1	1.767809822E1
4.920000000E0	5.673482781E1	1.686625812E1
4.960000000E0	5.448418189E1	1.609764159E1
5.000000000E0	5.246505027E1	1.523955234E1
5.040000000E0	5.091199003E1	1.458083825E1
5.080000000E0	4.983584444E1	1.426859750E1
5.120000000E0	4.916399192E1	1.383469446E1
5.160000000E0	4.891078575E1	1.331270978E1
5.200000000E0	4.887339445E1	1.290939427E1
5.240000000E0	4.885957528E1	1.279140529E1
5.280000000E0	4.881932569E1	1.282607190E1
5.320000000E0	4.879734632E1	1.289033784E1
5.360000000E0	4.880417028E1	1.287575440E1
5.400000000E0	4.880616911E1	1.278528402E1
5.440000000E0	4.882671694E1	1.264178012E1
5.480000000E0	4.893042066E1	1.262091499E1
5.520000000E0	4.910267485E1	1.266998086E1
5.560000000E0	4.939375089E1	1.276384625E1
5.600000000E0	4.987017942E1	1.282061112E1
5.640000000E0	5.066579014E1	1.291665585E1
5.680000000E0	5.180907562E1	1.300045033E1
5.720000000E0	5.316263581E1	1.305344323E1
5.760000000E0	5.474892566E1	1.313552969E1
5.800000000E0	5.640242155E1	1.322470987E1
5.840000000E0	5.808679219E1	1.334782212E1
5.880000000E0	5.973017405E1	1.343462586E1
5.920000000E0	6.139481157E1	1.353523075E1
5.960000000E0	6.302576167E1	1.366331822E1
6.000000000E0	6.465567132E1	1.371570897E1
6.040000000E0	6.615790606E1	1.378798089E1
6.080000000E0	6.763610706E1	1.382446076E1
6.120000000E0	6.898439020E1	1.382613530E1
6.160000000E0	7.007423690E1	1.383031830E1
6.200000000E0	7.105336972E1	1.381617750E1
6.240000000E0	7.189602655E1	1.373222467E1
6.280000000E0	7.255046009E1	1.370885537E1
6.320000000E0	7.301903863E1	1.369566191E1
6.360000000E0	7.334416597E1	1.372418793E1
6.400000000E0	7.353094336E1	1.371654223E1
6.440000000E0	7.365226810E1	1.367869559E1
6.480000000E0	7.364010509E1	1.364695461E1
6.520000000E0	7.351491887E1	1.357137811E1
6.560000000E0	7.323027503E1	1.354772430E1
6.600000000E0	7.279702662E1	1.364403402E1
6.640000000E0	7.215180328E1	1.397911489E1
6.680000000E0	7.113957870E1	1.453963956E1
6.720000000E0	7.002276668E1	1.521564193E1
6.760000000E0	6.836872693E1	1.600862961E1
6.800000000E0	6.639160934E1	1.651940078E1
6.840000000E0	6.425580536E1	1.696196048E1
6.880000000E0	6.179210018E1	1.726122318E1
6.920000000E0	5.919673602E1	1.713427951E1
6.960000000E0	5.671943221E1	1.678473953E1
7.000000000E0	5.447837454E1	1.623230564E1
7.040000000E0	5.147609672E1	1.455923856E1
7.080000000E0	5.148537850E1	1.456723428E1
7.120000000E0	5.056655691E1	1.383288490E1
7.160000000E0	5.001440640E1	1.322826430E1
7.200000000E0	4.975727273E1	1.272694470E1
7.240000000E0	4.967115763E1	1.263286497E1
7.280000000E0	4.968214479E1	1.259576631E1
7.320000000E0	4.970352821E1	1.261653091E1
7.360000000E0	4.970075373E1	1.262883320E1
7.400000000E0	4.968742134E1	1.259048169E1
7.440000000E0	4.968953136E1	1.259639747E1
7.480000000E0	4.969040769E1	1.258385302E1
7.520000000E0	4.968752467E1	1.258990005E1
7.560000000E0	4.970523819E1	1.261906589E1
7.600000000E0	4.982589669E1	1.268441018E1
7.640000000E0	4.993433699E1	1.277939575E1
7.680000000E0	5.014311372E1	1.291123447E1
7.720000000E0	5.044755500E1	1.307069055E1
7.760000000E0	5.104928720E1	1.308672062E1
7.800000000E0	5.181432123E1	1.320064059E1
7.840000000E0	5.280696593E1	1.323583136E1
7.880000000E0	5.391596561E1	1.333637676E1
7.920000000E0	5.655125258E1	1.343342976E1
7.960000000E0	5.656173417E1	1.340485737E1
8.000000000E0	5.798059762E1	1.351211833E1
8.040000000E0	5.946124894E1	1.354749844E1
8.080000000E0	6.106686335E1	1.361388028E1
8.120000000E0	6.284651080E1	1.369191083E1
8.160000000E0	6.464333692E1	1.375885238E1
8.200000000E0	6.634270519E1	1.379267207E1
8.240000000E0	6.795473401E1	1.381315042E1
8.280000000E0	6.924366420E1	1.392287048E1
8.320000000E0	7.036318082E1	1.398657968E1
8.360000000E0	7.123476074E1	1.397029141E1
8.400000000E0	7.188761675E1	1.388761045E1
8.440000000E0	7.267820212E1	1.370998382E1
8.480000000E0	7.272051070E1	1.369714815E1
8.520000000E0	7.299945522E1	1.359732347E1
8.560000000E0	7.312172101E1	1.355447736E1
8.600000000E0	7.319543588E1	1.353733832E1
8.640000000E0	7.318308080E1	1.352831053E1
8.680000000E0	7.304523418E1	1.353030009E1
8.720000000E0	7.272104325E1	1.379174356E1
8.760000000E0	7.227712718E1	1.425481472E1
8.800000000E0	7.144482456E1	1.493395103E1
8.840000000E0	7.023276318E1	1.569852787E1
8.880000000E0	6.869247238E1	1.667222906E1
8.920000000E0	6.434000325E1	1.800243983E1
8.960000000E0	6.435473882E1	1.800908598E1
9.000000000E0	6.182083425E1	1.835057601E1
9.040000000E0	5.923983394E1	1.814905670E1
9.080000000E0	5.676450966E1	1.770971227E1
9.120000000E0	5.435563015E1	1.702651481E1
9.160000000E0	5.224277119E1	1.606192278E1
9.200000000E0	5.051208388E1	1.528448330E1
9.240000000E0	4.914419514E1	1.445545266E1
9.280000000E0	4.832846316E1	1.374677911E1
9.320000000E0	4.789468524E1	1.308706248E1
9.360000000E0	4.762147800E1	1.247604805E1
9.400000000E0	4.761306207E1	1.247013084E1
9.440000000E0	4.762198009E1	1.247245585E1
9.480000000E0	4.767278381E1	1.247526929E1
9.520000000E0	4.774967843E1	1.248891756E1
9.560000000E0	4.777156360E1	1.249616140E1
9.600000000E0	4.776927880E1	1.248725388E1
9.640000000E0	4.777288134E1	1.245822515E1
9.680000000E0	4.777048056E1	1.245681106E1
9.720000000E0	4.779999325E1	1.248181599E1
9.760000000E0	4.790564125E1	1.260857099E1
9.800000000E0	4.807492780E1	1.276582803E1
9.840000000E0	4.906897395E1	1.295216907E1
9.880000000E0	4.908240325E1	1.295113610E1
9.920000000E0	5.000928820E1	1.306208730E1
9.960000000E0	5.118631485E1	1.308700249E1
1.000000000E1	5.244605992E1	1.318339468E1
1.004000000E1	5.386621281E1	1.336137748E1
1.008000000E1	5.528052254E1	1.350939856E1
1.012000000E1	5.684851620E1	1.355521934E1
1.016000000E1	5.848591819E1	1.365615092E1
1.020000000E1	6.018462867E1	1.380289697E1
1.024000000E1	6.203600309E1	1.383203760E1
1.028000000E1	6.397470273E1	1.367952579E1
1.032000000E1	6.765503578E1	1.367712102E1
1.036000000E1	6.765459301E1	1.367496230E1
1.040000000E1	6.926407897E1	1.366979429E1
1.044000000E1	7.064366153E1	1.367778653E1
1.048000000E1	7.183211237E1	1.368785055E1
1.052000000E1	7.274201667E1	1.369059509E1
1.056000000E1	7.351975517E1	1.369788960E1
1.060000000E1	7.411066042E1	1.369049533E1
1.064000000E1	7.455969743E1	1.368042217E1
1.068000000E1	7.480889513E1	1.373436267E1
1.072000000E1	7.483391815E1	1.377698112E1
1.076000000E1	7.455039164E1	1.398376168E1
1.080000000E1	7.408078249E1	1.436850398E1
1.084000000E1	7.336060451E1	1.491431500E1
1.088000000E1	7.240678099E1	1.562874629E1
1.092000000E1	7.108520111E1	1.637895556E1
1.096000000E1	6.932070176E1	1.700028897E1
1.100000000E1	6.724518288E1	1.751278657E1
1.104000000E1	6.489354839E1	1.754916478E1
1.108000000E1	6.242401476E1	1.727365550E1
1.112000000E1	5.988996707E1	1.689667432E1
1.116000000E1	5.758181991E1	1.636103977E1
1.120000000E1	5.557267340E1	1.577632337E1
1.124000000E1	5.386807263E1	1.518369589E1
1.128000000E1	5.243828786E1	1.462378775E1
1.132000000E1	5.136340002E1	1.420228021E1
1.136000000E1	5.058858484E1	1.375811475E1
1.140000000E1	5.011252852E1	1.331200338E1
1.144000000E1	4.989621703E1	1.284108085E1
1.148000000E1	4.972968816E1	1.274167452E1
1.152000000E1	4.970436973E1	1.271068989E1
1.156000000E1	4.969607442E1	1.275799966E1
1.160000000E1	4.970529806E1	1.278016141E1
1.164000000E1	4.972010508E1	1.276863916E1
1.168000000E1	4.973293754E1	1.264418209E1
1.172000000E1	4.973456306E1	1.265128088E1
1.176000000E1	4.973419296E1	1.263802605E1
1.180000000E1	4.975286158E1	1.264440704E1
1.184000000E1	4.983624996E1	1.269574991E1
1.188000000E1	4.990585311E1	1.276675853E1
1.192000000E1	5.004301939E1	1.280262589E1
1.196000000E1	5.017401378E1	1.293213386E1
1.200000000E1	5.044649283E1	1.302173060E1
1.204000000E1	5.077903502E1	1.308441129E1
1.208000000E1	5.130533470E1	1.308891612E1
1.212000000E1	5.194939340E1	1.309862357E1
1.216000000E1	5.269987737E1	1.310987092E1
1.220000000E1	5.360922412E1	1.322507011E1
1.224000000E1	5.473589510E1	1.328810974E1
1.228000000E1	5.601796656E1	1.339425070E1
1.232000000E1	5.746489001E1	1.354901358E1
1.236000000E1	5.905890681E1	1.367192096E1
1.240000000E1	6.076051268E1	1.368142432E1
1.244000000E1	6.255550687E1	1.369100111E1
1.248000000E1	6.442459310E1	1.368539465E1
1.252000000E1	6.630619214E1	1.366775938E1
1.256000000E1	6.814178599E1	1.359779719E1
1.260000000E1	6.977066712E1	1.354192776E1
1.264000000E1	7.123146677E1	1.352840373E1
1.268000000E1	7.243234357E1	1.351266153E1
1.272000000E1	7.335630783E1	1.349882177E1
1.276000000E1	7.406432751E1	1.351321851E1
1.280000000E1	7.453772459E1	1.352114214E1
1.284000000E1	7.484188121E1	1.353606087E1
1.288000000E1	7.489533820E1	1.357276290E1
1.292000000E1	7.472124408E1	1.377177535E1
1.296000000E1	7.439180432E1	1.412537544E1
1.300000000E1	7.378584148E1	1.456422326E1
1.304000000E1	7.286687020E1	1.508910820E1
1.308000000E1	7.156588349E1	1.562247677E1
1.312000000E1	6.990139308E1	1.638241574E1
1.316000000E1	6.772629350E1	1.701518982E1
1.320000000E1	6.526294136E1	1.732846507E1
1.324000000E1	6.269572254E1	1.776632261E1
1.328000000E1	6.005909937E1	1.781691876E1
1.332000000E1	5.755705110E1	1.755305373E1
1.336000000E1	5.507357041E1	1.726251362E1
1.340000000E1	5.301389820E1	1.638470535E1
1.344000000E1	5.114544392E1	1.529229974E1
1.348000000E1	4.971633474E1	1.438630205E1
1.352000000E1	4.866381399E1	1.362721953E1
1.356000000E1	4.763043712E1	1.275874924E1
1.360000000E1	4.762393743E1	1.276332097E1
1.364000000E1	4.754470125E1	1.247126832E1
1.368000000E1	4.756640250E1	1.246750310E1
1.372000000E1	4.758346425E1	1.245499518E1
1.376000000E1	4.760926436E1	1.247807910E1
1.380000000E1	4.761964603E1	1.248784950E1
1.384000000E1	4.760532384E1	1.246996074E1
1.388000000E1	4.759570971E1	1.235049032E1
1.392000000E1	4.760524094E1	1.230368974E1
1.396000000E1	4.761476518E1	1.225357438E1
1.400000000E1	4.764028307E1	1.226143435E1
1.404000000E1	4.763280263E1	1.230167232E1
1.408000000E1	4.765077109E1	1.231525383E1
1.412000000E1	4.763997526E1	1.232919271E1
1.416000000E1	4.768609890E1	1.233175998E1
1.420000000E1	4.775985660E1	1.237852184E1
1.424000000E1	4.779651792E1	1.246858631E1
1.428000000E1	4.791565542E1	1.258184569E1
1.432000000E1	4.805878762E1	1.276148980E1
1.436000000E1	4.833154271E1	1.280140264E1
1.440000000E1	4.875376781E1	1.288764093E1
1.444000000E1	4.937228482E1	1.303001011E1
1.448000000E1	5.015937662E1	1.304617483E1
1.452000000E1	5.107196805E1	1.315064133E1
1.456000000E1	5.207321063E1	1.322978847E1
1.460000000E1	5.310588782E1	1.332811762E1
1.464000000E1	5.416879996E1	1.346087866E1
1.468000000E1	5.526353975E1	1.352767137E1
1.472000000E1	5.646171281E1	1.356526172E1
1.476000000E1	5.781222029E1	1.365241486E1
1.480000000E1	5.925004783E1	1.373255283E1
1.484000000E1	6.081911518E1	1.375832538E1
1.488000000E1	6.250061819E1	1.380128758E1
1.492000000E1	6.431438622E1	1.381043999E1
1.496000000E1	6.615841705E1	1.378467378E1
1.500000000E1	6.966347872E1	1.379554896E1
1.504000000E1	6.963988950E1	1.381455466E1
1.508000000E1	7.110422418E1	1.377075002E1
1.512000000E1	7.232430250E1	1.381659876E1
1.516000000E1	7.334781727E1	1.382891654E1
1.520000000E1	7.423236661E1	1.382400193E1
1.524000000E1	7.487416472E1	1.380364960E1
1.528000000E1	7.544045514E1	1.373547368E1
1.532000000E1	7.575235100E1	1.366783220E1
1.536000000E1	7.587694439E1	1.365925239E1
1.540000000E1	7.572921025E1	1.377032396E1
1.544000000E1	7.533007236E1	1.410727340E1
1.548000000E1	7.470260333E1	1.461634886E1
1.552000000E1	7.378219524E1	1.524061297E1
1.556000000E1	7.247506039E1	1.606794701E1
1.560000000E1	6.890188986E1	1.743312206E1
1.564000000E1	6.888539233E1	1.742753770E1
1.568000000E1	6.660433223E1	1.788245569E1
1.572000000E1	6.419046870E1	1.800783833E1
1.576000000E1	6.166560854E1	1.801607021E1
1.580000000E1	5.919828265E1	1.768728465E1
1.584000000E1	5.690216417E1	1.702266111E1
1.588000000E1	5.484822333E1	1.626600902E1
1.592000000E1	5.312902652E1	1.561241747E1
1.596000000E1	5.167681596E1	1.502576292E1
1.600000000E1	5.063995652E1	1.444813028E1
1.604000000E1	4.997970559E1	1.400328632E1
1.608000000E1	4.954792031E1	1.338541392E1
1.612000000E1	4.928997458E1	1.275802681E1
1.616000000E1	4.913157125E1	1.273276471E1
1.620000000E1	4.912436092E1	1.268235134E1
1.624000000E1	4.914937243E1	1.264532680E1
1.628000000E1	4.914513969E1	1.264720619E1
1.632000000E1	4.911963683E1	1.264466348E1
1.636000000E1	4.910052770E1	1.262983008E1
1.640000000E1	4.907206891E1	1.261727381E1
1.644000000E1	4.902102636E1	1.262017439E1
1.648000000E1	4.899223970E1	1.263184942E1
1.652000000E1	4.907267372E1	1.264412805E1
1.656000000E1	4.912306595E1	1.265080207E1
1.660000000E1	4.917766568E1	1.267956750E1
1.664000000E1	4.922576995E1	1.270091752E1
1.668000000E1	4.925643271E1	1.276504495E1
1.672000000E1	4.926476501E1	1.293303035E1
1.676000000E1	4.941247255E1	1.312109886E1
1.680000000E1	4.972974055E1	1.328355809E1
1.684000000E1	5.030660759E1	1.323185360E1
1.688000000E1	5.107042139E1	1.349275267E1
1.692000000E1	5.212032246E1	1.352462918E1
1.696000000E1	5.346984012E1	1.352493163E1
1.700000000E1	5.508158666E1	1.351529416E1
1.704000000E1	5.674622583E1	1.351997524E1
1.708000000E1	5.844391822E1	1.352375999E1
1.712000000E1	6.016587557E1	1.353164363E1
1.716000000E1	6.196523768E1	1.364799386E1
1.720000000E1	6.387488468E1	1.367801033E1
1.724000000E1	6.584843501E1	1.367184964E1
1.728000000E1	6.768830729E1	1.367363669E1
1.732000000E1	6.943943148E1	1.368821944E1
1.736000000E1	7.081006861E1	1.371720398E1
1.740000000E1	7.184099676E1	1.374343761E1
1.744000000E1	7.270851027E1	1.380849724E1
1.748000000E1	7.344800426E1	1.384473866E1
1.752000000E1	7.399328601E1	1.378319538E1
1.756000000E1	7.442815981E1	1.381737601E1
1.760000000E1	7.481108487E1	1.385950319E1
1.764000000E1	7.501455476E1	1.389046481E1
1.768000000E1	7.505953943E1	1.385120810E1
1.772000000E1	7.487911404E1	1.383267827E1
1.776000000E1	7.455866358E1	1.384454313E1
1.780000000E1	7.410048801E1	1.411637797E1
1.784000000E1	7.346650837E1	1.459124999E1
1.788000000E1	7.246502499E1	1.532755237E1
1.792000000E1	7.116024581E1	1.594616312E1
1.796000000E1	6.950723310E1	1.682304520E1
1.800000000E1	6.738369324E1	1.771411852E1
1.804000000E1	6.510310930E1	1.813473754E1
1.808000000E1	6.281077973E1	1.843569796E1
1.812000000E1	6.046705301E1	1.831413266E1
1.816000000E1	5.837530358E1	1.787031900E1
1.820000000E1	5.644056315E1	1.726435282E1
1.824000000E1	5.458024531E1	1.644295117E1
1.828000000E1	5.312033930E1	1.569055905E1
1.832000000E1	5.181848602E1	1.489878354E1
1.836000000E1	5.073886470E1	1.427777945E1
1.840000000E1	4.974423154E1	1.383142879E1
1.844000000E1	4.897079061E1	1.353838139E1
1.848000000E1	4.845496125E1	1.323714647E1
1.852000000E1	4.809911884E1	1.292902639E1
1.856000000E1	4.799675125E1	1.252263629E1
1.860000000E1	4.794016072E1	1.231586554E1
1.864000000E1	4.792594395E1	1.231439825E1
1.868000000E1	4.794808850E1	1.232242137E1
1.872000000E1	4.795674144E1	1.243648036E1
1.876000000E1	4.801521239E1	1.257655939E1
1.880000000E1	4.819801020E1	1.280009761E1
1.884000000E1	4.850152203E1	1.306568454E1
1.888000000E1	4.907668641E1	1.312274467E1
1.892000000E1	4.985997463E1	1.334945786E1
1.896000000E1	5.088082065E1	1.337310699E1
1.900000000E1	5.197420543E1	1.335349324E1
1.904000000E1	5.311965592E1	1.338238345E1
1.908000000E1	5.433076918E1	1.336510750E1
1.912000000E1	5.551252224E1	1.336539682E1
1.916000000E1	5.662107177E1	1.338704640E1
1.920000000E1	5.781248003E1	1.340785935E1
1.924000000E1	5.906789435E1	1.353850422E1
1.928000000E1	6.049337358E1	1.359176103E1
1.932000000E1	6.203097579E1	1.362406645E1
1.936000000E1	6.364576832E1	1.368160866E1
1.940000000E1	6.541052477E1	1.367968189E1
1.944000000E1	6.718190258E1	1.366938506E1
1.948000000E1	6.885596814E1	1.368095834E1
1.952000000E1	7.033942523E1	1.369007952E1
1.956000000E1	7.159304347E1	1.370158664E1
1.960000000E1	7.262271223E1	1.369309893E1
1.964000000E1	7.348852656E1	1.368611923E1
1.968000000E1	7.412708000E1	1.369203738E1
1.972000000E1	7.456421798E1	1.368725410E1
1.976000000E1	7.486758779E1	1.369659587E1
1.980000000E1	7.501509372E1	1.368940087E1
1.984000000E1	7.498332154E1	1.372224864E1
1.988000000E1	7.469288277E1	1.398095670E1
1.992000000E1	7.426230387E1	1.446086254E1
1.996000000E1	7.365036903E1	1.516513571E1
2.000000000E1	7.282856102E1	1.590510994E1
2.004000000E1	7.172107141E1	1.667714328E1
2.008000000E1	6.869762642E1	1.797661427E1
2.012000000E1	6.870149162E1	1.799488972E1
2.016000000E1	6.678745065E1	1.831347538E1
2.020000000E1	6.471793201E1	1.846548606E1
2.024000000E1	6.269866953E1	1.848006143E1
2.028000000E1	6.065347381E1	1.828680663E1
2.032000000E1	5.857962778E1	1.790102130E1
2.036000000E1	5.660455390E1	1.754567708E1
2.040000000E1	5.475789861E1	1.706229700E1
2.044000000E1	5.313527393E1	1.640813332E1
2.048000000E1	5.178326704E1	1.579168083E1
2.052000000E1	5.066070013E1	1.519127476E1
2.056000000E1	4.987854095E1	1.461929590E1
2.060000000E1	4.942406537E1	1.419111514E1
2.064000000E1	4.928997726E1	1.367885543E1
2.068000000E1	4.932691085E1	1.326397531E1
2.072000000E1	4.942012801E1	1.294028608E1
2.076000000E1	4.956597992E1	1.265223718E1
2.080000000E1	4.969137868E1	1.253254249E1
2.084000000E1	4.969300181E1	1.249278894E1
2.088000000E1	4.967113135E1	1.248368534E1
2.092000000E1	4.965277465E1	1.247219425E1
2.096000000E1	4.969942259E1	1.248053995E1
2.100000000E1	5.002390351E1	1.259045648E1
2.104000000E1	5.001854253E1	1.260143824E1
2.108000000E1	5.045895910E1	1.267667943E1
2.112000000E1	5.109573448E1	1.276674036E1
2.116000000E1	5.196529935E1	1.289817076E1
2.120000000E1	5.307614071E1	1.290376585E1
2.124000000E1	5.425432639E1	1.288604444E1
2.128000000E1	5.551648521E1	1.292136349E1
2.132000000E1	5.676623033E1	1.294618297E1
2.136000000E1	5.804234130E1	1.308309822E1
2.140000000E1	5.932028934E1	1.321157986E1
2.144000000E1	6.074723387E1	1.324627351E1
2.148000000E1	6.228445495E1	1.323349662E1
2.152000000E1	6.398823212E1	1.322013300E1
2.156000000E1	6.573696972E1	1.321999300E1
2.160000000E1	6.753438482E1	1.321711906E1
2.164000000E1	6.933036068E1	1.321445980E1
2.168000000E1	7.093931720E1	1.322596118E1
2.172000000E1	7.231245547E1	1.318498471E1
2.176000000E1	7.336576829E1	1.315122907E1
2.180000000E1	7.423155664E1	1.311121394E1
2.184000000E1	7.483974363E1	1.310835133E1
2.188000000E1	7.523422219E1	1.310858059E1
2.192000000E1	7.528911623E1	1.316915832E1
2.196000000E1	7.529092086E1	1.319888667E1
2.200000000E1	7.498794336E1	1.340290032E1
2.204000000E1	7.440888383E1	1.381406425E1
2.208000000E1	7.364233186E1	1.444322798E1
2.212000000E1	7.255363010E1	1.517260075E1
2.216000000E1	7.113639984E1	1.600514017E1
2.220000000E1	6.944609192E1	1.694882884E1
2.224000000E1	6.749784337E1	1.756394818E1
2.228000000E1	6.537524594E1	1.811639016E1
2.232000000E1	6.320484356E1	1.818847726E1
2.236000000E1	6.104424562E1	1.779288897E1
2.240000000E1	5.890233318E1	1.744073630E1
2.244000000E1	5.684227090E1	1.682983615E1
2.248000000E1	5.496648220E1	1.606228966E1
2.252000000E1	5.329920535E1	1.534593030E1
2.256000000E1	5.195355093E1	1.456453194E1
2.260000000E1	5.093646311E1	1.391986292E1
2.264000000E1	5.020963229E1	1.341244116E1
2.268000000E1	4.972923543E1	1.303937999E1
2.272000000E1	4.956042334E1	1.276516541E1
2.276000000E1	4.955671244E1	1.250923462E1
2.280000000E1	4.956361936E1	1.249894573E1
2.284000000E1	4.961992593E1	1.250535347E1
2.288000000E1	4.968722812E1	1.248490622E1
2.292000000E1	4.969900374E1	1.251146770E1
2.296000000E1	4.971879535E1	1.249143227E1
2.300000000E1	4.983113053E1	1.251128665E1
2.304000000E1	5.030466671E1	1.264083769E1
2.308000000E1	5.030474435E1	1.263571997E1
2.312000000E1	5.081333316E1	1.265289575E1
2.316000000E1	5.147239797E1	1.268742346E1
2.320000000E1	5.224551232E1	1.277064219E1
2.324000000E1	5.313237240E1	1.279626966E1
2.328000000E1	5.405409493E1	1.280166408E1
2.332000000E1	5.505356365E1	1.279581524E1
2.336000000E1	5.608071442E1	1.293959852E1
2.340000000E1	5.721560528E1	1.306734095E1
2.344000000E1	5.843287953E1	1.320252199E1
2.348000000E1	5.976673768E1	1.336424675E1
2.352000000E1	6.124483172E1	1.351482934E1
2.356000000E1	6.303102844E1	1.355845575E1
2.360000000E1	6.498992255E1	1.346901163E1
2.364000000E1	6.700962594E1	1.337399042E1
2.368000000E1	6.891197464E1	1.337149756E1
2.372000000E1	7.066027844E1	1.334084222E1
2.376000000E1	7.214710930E1	1.323691726E1
2.380000000E1	7.327067805E1	1.323955923E1
2.384000000E1	7.410541483E1	1.325320662E1
2.388000000E1	7.471038507E1	1.348327043E1
2.392000000E1	7.512440494E1	1.360001395E1
2.396000000E1	7.524353885E1	1.366968629E1
2.400000000E1	7.513538271E1	1.395670398E1
2.404000000E1	7.484953298E1	1.440658233E1
2.408000000E1	7.437618448E1	1.487888680E1
2.412000000E1	7.362845555E1	1.557547383E1
2.416000000E1	7.260174248E1	1.633612291E1
2.420000000E1	7.135880685E1	1.705456339E1
2.424000000E1	6.991431510E1	1.790302597E1
2.428000000E1	6.805312922E1	1.848128183E1
2.432000000E1	6.600036500E1	1.877136238E1
2.436000000E1	6.383497022E1	1.905185182E1
2.440000000E1	6.155591868E1	1.897838414E1
2.444000000E1	5.931200170E1	1.862942491E1
2.448000000E1	5.700216352E1	1.824847010E1
2.452000000E1	5.483693653E1	1.775496422E1
2.456000000E1	5.300487006E1	1.718026447E1
2.460000000E1	5.138820212E1	1.651076974E1
2.464000000E1	4.916960915E1	1.509317697E1
2.468000000E1	4.913079121E1	1.505397692E1
2.472000000E1	4.848020308E1	1.440035409E1
2.476000000E1	4.810259029E1	1.377221910E1
2.480000000E1	4.790895618E1	1.325968354E1
2.484000000E1	4.786763364E1	1.291745317E1
2.488000000E1	4.803758464E1	1.277907905E1
2.492000000E1	4.825676975E1	1.263551458E1
2.496000000E1	4.859650716E1	1.251093356E1
2.500000000E1	4.886767815E1	1.260274815E1
2.504000000E1	4.913628222E1	1.261609734E1
2.508000000E1	4.948309251E1	1.262428196E1
2.512000000E1	4.983287082E1	1.264938207E1
2.516000000E1	5.014169952E1	1.272070937E1
2.520000000E1	5.048707425E1	1.278038514E1
2.524000000E1	5.092068215E1	1.279435918E1
2.528000000E1	5.149662640E1	1.280846904E1
2.532000000E1	5.221227759E1	1.289602884E1
2.536000000E1	5.308329481E1	1.292741222E1
2.540000000E1	5.404255246E1	1.294202929E1
2.544000000E1	5.509968417E1	1.299276090E1
2.548000000E1	5.621188686E1	1.310519184E1
2.552000000E1	5.736433590E1	1.309719614E1
2.556000000E1	5.983802132E1	1.320496676E1
2.560000000E1	5.985810335E1	1.320206342E1
2.564000000E1	6.122908354E1	1.334270580E1
2.568000000E1	6.272304445E1	1.348439397E1
2.572000000E1	6.424451521E1	1.351095376E1
2.576000000E1	6.586057890E1	1.351903563E1
2.580000000E1	6.747260526E1	1.349685801E1
2.584000000E1	6.898588729E1	1.348824769E1
2.588000000E1	7.035727736E1	1.342246399E1
2.592000000E1	7.147985234E1	1.333412842E1
2.596000000E1	7.245079650E1	1.329141323E1
2.600000000E1	7.313513357E1	1.316670180E1
2.604000000E1	7.365200367E1	1.326231848E1
2.608000000E1	7.396749455E1	1.329644986E1
2.612000000E1	7.409712457E1	1.328940932E1
2.616000000E1	7.377356799E1	1.378030937E1
2.620000000E1	7.378166033E1	1.380575344E1
2.624000000E1	7.333454785E1	1.431351039E1
2.628000000E1	7.259648588E1	1.492426779E1
2.632000000E1	7.155908688E1	1.562798259E1
2.636000000E1	7.031956230E1	1.633668226E1
2.640000000E1	6.887587396E1	1.684555053E1
2.644000000E1	6.715627054E1	1.726803364E1
2.648000000E1	6.512089552E1	1.754594951E1
2.652000000E1	6.301120744E1	1.759240442E1
2.656000000E1	6.090485477E1	1.756838173E1
2.660000000E1	5.883298027E1	1.729478911E1
2.664000000E1	5.688127510E1	1.690316941E1
2.668000000E1	5.330283935E1	1.576702176E1
2.672000000E1	5.329985367E1	1.576873628E1
2.676000000E1	5.181785895E1	1.528731687E1
2.680000000E1	5.060931242E1	1.474708380E1
2.684000000E1	4.967238382E1	1.428185886E1
2.688000000E1	4.897522348E1	1.385529405E1
2.692000000E1	4.852560764E1	1.358415849E1
2.696000000E1	4.826132577E1	1.324532428E1
2.700000000E1	4.815745851E1	1.292195075E1
2.704000000E1	4.818604086E1	1.265090676E1
2.708000000E1	4.821680147E1	1.241599415E1
2.712000000E1	4.835778074E1	1.233348718E1
2.716000000E1	4.850623964E1	1.234044977E1
2.720000000E1	4.867560023E1	1.241319023E1
2.724000000E1	4.897194651E1	1.245734865E1
2.728000000E1	4.926060007E1	1.248272156E1
2.732000000E1	4.956537515E1	1.250009347E1
2.736000000E1	4.985838453E1	1.258483605E1
2.740000000E1	5.021698208E1	1.265418724E1
2.744000000E1	5.063476522E1	1.276248904E1
2.748000000E1	5.121603342E1	1.281479149E1
2.752000000E1	5.196455277E1	1.293223798E1
2.756000000E1	5.295450322E1	1.294075177E1
2.760000000E1	5.407700614E1	1.302619687E1
2.764000000E1	5.536404039E1	1.304268343E1
2.768000000E1	5.660924765E1	1.309971261E1
2.772000000E1	5.792974223E1	1.323478304E1
2.776000000E1	6.080338696E1	1.332831959E1
2.780000000E1	6.079745652E1	1.329838560E1
2.784000000E1	6.242776304E1	1.335760542E1
2.788000000E1	6.413000979E1	1.341502565E1
2.792000000E1	6.584949629E1	1.346767957E1
2.796000000E1	6.750442394E1	1.339015515E1
2.800000000E1	6.899741715E1	1.345445367E1
2.804000000E1	7.034895409E1	1.352908522E1
2.808000000E1	7.150587294E1	1.346132544E1
2.812000000E1	7.244829457E1	1.337533647E1
2.816000000E1	7.310771893E1	1.336838439E1
2.820000000E1	7.359212419E1	1.339655653E1
2.824000000E1	7.396790025E1	1.344863282E1
2.828000000E1	7.412353289E1	1.347866299E1
2.832000000E1	7.411873744E1	1.367209559E1
2.836000000E1	7.396378975E1	1.403706310E1
2.840000000E1	7.356057142E1	1.457633380E1
2.844000000E1	7.293243742E1	1.532859404E1
2.848000000E1	7.208991651E1	1.615931750E1
2.852000000E1	7.092605500E1	1.697830426E1
2.856000000E1	6.942958998E1	1.757558090E1
2.860000000E1	6.767618362E1	1.816536329E1
2.864000000E1	6.568851614E1	1.844497967E1
2.868000000E1	6.354220016E1	1.842750679E1
2.872000000E1	6.120389567E1	1.794944136E1
2.876000000E1	5.894295493E1	1.724422460E1
2.880000000E1	5.689953620E1	1.667323601E1
2.884000000E1	5.495120958E1	1.590051517E1
2.888000000E1	5.332521310E1	1.513171652E1
2.892000000E1	5.199395811E1	1.456420354E1
2.896000000E1	5.095172079E1	1.395872909E1
2.900000000E1	5.028248832E1	1.358028101E1
2.904000000E1	4.987226562E1	1.321676320E1
2.908000000E1	4.973292143E1	1.280617387E1
2.912000000E1	4.975351916E1	1.249537171E1
2.916000000E1	4.985334781E1	1.219158767E1
2.920000000E1	4.996781077E1	1.203488670E1
2.924000000E1	4.998477746E1	1.203571876E1
2.928000000E1	4.998228063E1	1.207016323E1
2.932000000E1	4.991592819E1	1.217349930E1
2.936000000E1	4.988226389E1	1.218281423E1
2.940000000E1	4.987397293E1	1.217847835E1
2.944000000E1	4.992024044E1	1.219916151E1
2.948000000E1	5.000990208E1	1.222392742E1
2.952000000E1	5.016727019E1	1.235228330E1
2.956000000E1	5.044210257E1	1.239073793E1
2.960000000E1	5.087702930E1	1.246699620E1
2.964000000E1	5.140261869E1	1.263177869E1
2.968000000E1	5.222824309E1	1.268692876E1
2.972000000E1	5.314733161E1	1.275618572E1
2.976000000E1	5.423478307E1	1.280570033E1
2.980000000E1	5.543057798E1	1.294058768E1
2.984000000E1	5.677039735E1	1.297800597E1
2.988000000E1	5.810634879E1	1.308177411E1
2.992000000E1	5.956877449E1	1.322846117E1
2.996000000E1	6.109578905E1	1.340374347E1
3.000000000E1	6.274184924E1	1.339769453E1
3.004000000E1	6.450350260E1	1.340258098E1
3.008000000E1	6.618248069E1	1.346699960E1
3.012000000E1	6.782581944E1	1.348282598E1
3.016000000E1	6.931987819E1	1.352634397E1
3.020000000E1	7.064595772E1	1.352972032E1
3.024000000E1	7.175750714E1	1.354598202E1
3.028000000E1	7.273413537E1	1.352239955E1
3.032000000E1	7.349904984E1	1.350491060E1
3.036000000E1	7.407940629E1	1.349811188E1
3.040000000E1	7.442257722E1	1.350905877E1
3.044000000E1	7.456984188E1	1.353295144E1
3.048000000E1	7.457046353E1	1.355895952E1
3.052000000E1	7.438719598E1	1.378566994E1
3.056000000E1	7.399793216E1	1.410843582E1
3.060000000E1	7.347002782E1	1.445115357E1
3.064000000E1	7.261447201E1	1.506466422E1
3.068000000E1	7.155374875E1	1.572886689E1
3.072000000E1	7.032398638E1	1.632815894E1
3.076000000E1	6.898105424E1	1.684959843E1
3.080000000E1	6.746983864E1	1.715632812E1
3.084000000E1	6.573216604E1	1.724852443E1
3.088000000E1	6.392793356E1	1.720903248E1
3.092000000E1	6.214765122E1	1.694954053E1
3.096000000E1	6.046050433E1	1.681105017E1
3.100000000E1	5.879465878E1	1.657809299E1
3.104000000E1	5.717084803E1	1.623846279E1
3.108000000E1	5.567439270E1	1.575872489E1
3.112000000E1	5.432276792E1	1.526793831E1
3.116000000E1	5.318479046E1	1.480901869E1
3.120000000E1	5.231552299E1	1.430289857E1
3.124000000E1	5.164020951E1	1.390934887E1
3.128000000E1	5.132070416E1	1.362611274E1
3.132000000E1	5.114792072E1	1.331913876E1
3.136000000E1	5.107838932E1	1.310690040E1
3.140000000E1	5.103788925E1	1.290193864E1
3.144000000E1	5.102900677E1	1.269071965E1
3.148000000E1	5.094553663E1	1.261165187E1
3.152000000E1	5.091820695E1	1.262837919E1
3.156000000E1	5.090967122E1	1.264101174E1
3.160000000E1	5.090044278E1	1.263534865E1
3.164000000E1	5.089274753E1	1.263184997E1
3.168000000E1	5.089533383E1	1.264483982E1
3.172000000E1	5.102185806E1	1.262341260E1
3.176000000E1	5.119458039E1	1.263184889E1
3.180000000E1	5.148430247E1	1.262268620E1
3.184000000E1	5.190763043E1	1.261149627E1
3.188000000E1	5.251068973E1	1.261589163E1
3.192000000E1	5.322391253E1	1.261543350E1
3.196000000E1	5.408836632E1	1.264208050E1
3.200000000E1	5.515295017E1	1.263663588E1
3.204000000E1	5.630263550E1	1.261704354E1
3.208000000E1	5.761122403E1	1.264223861E1
3.212000000E1	5.894743416E1	1.276533734E1
3.216000000E1	6.025626436E1	1.287826840E1
3.220000000E1	6.164945829E1	1.292530920E1
3.224000000E1	6.296903584E1	1.292901320E1
3.228000000E1	6.437597003E1	1.295920723E1
3.232000000E1	6.583740942E1	1.297800855E1
3.236000000E1	6.733232575E1	1.296271076E1
3.240000000E1	6.883451888E1	1.297858740E1
3.244000000E1	7.023698732E1	1.297349184E1
3.248000000E1	7.142215010E1	1.294877181E1
3.252000000E1	7.232191191E1	1.293256503E1
3.256000000E1	7.305633445E1	1.293009542E1
3.260000000E1	7.364425417E1	1.301768890E1
3.264000000E1	7.410596577E1	1.307518700E1
3.268000000E1	7.440861518E1	1.317758319E1
3.272000000E1	7.455122291E1	1.337523125E1
3.276000000E1	7.453456338E1	1.358042564E1
3.280000000E1	7.419524947E1	1.379856511E1
3.284000000E1	7.355529849E1	1.430630845E1
3.288000000E1	7.274592634E1	1.472794229E1
3.292000000E1	7.169475920E1	1.531857584E1
3.296000000E1	7.035871234E1	1.581273497E1
3.300000000E1	6.874047323E1	1.649736685E1
3.304000000E1	6.676998954E1	1.705948202E1
3.308000000E1	6.465035058E1	1.716514195E1
3.312000000E1	6.238836665E1	1.711064382E1
3.316000000E1	6.011199897E1	1.652625611E1
3.320000000E1	5.578311688E1	1.471119283E1
3.324000000E1	5.580682699E1	1.471763341E1
3.328000000E1	5.399431241E1	1.388193857E1
3.332000000E1	5.251374995E1	1.321004126E1
3.336000000E1	5.132393808E1	1.269124606E1
3.340000000E1	5.042933819E1	1.231656332E1
3.344000000E1	4.985334330E1	1.202151631E1
3.348000000E1	4.955612881E1	1.200800549E1
3.352000000E1	4.952182295E1	1.198917407E1
3.356000000E1	4.962215142E1	1.210488807E1
3.360000000E1	4.972836376E1	1.220508384E1
3.364000000E1	4.986648836E1	1.230824936E1
3.368000000E1	5.011854149E1	1.231248511E1
3.372000000E1	5.031506037E1	1.240621770E1
3.376000000E1	5.058119150E1	1.233567919E1
3.380000000E1	5.089079399E1	1.242582963E1
3.384000000E1	5.137907720E1	1.250520636E1
3.388000000E1	5.210792154E1	1.248977906E1
3.392000000E1	5.302939785E1	1.248327522E1
3.396000000E1	5.403316003E1	1.244583410E1
3.400000000E1	5.509660393E1	1.248546565E1
3.404000000E1	5.621723006E1	1.247691086E1
3.408000000E1	5.734631516E1	1.259400716E1
3.412000000E1	5.855176528E1	1.267626207E1
3.416000000E1	5.975270045E1	1.274838178E1
3.420000000E1	6.109637400E1	1.281356531E1
3.424000000E1	6.244160354E1	1.280888787E1
3.428000000E1	6.528854685E1	1.281224652E1
3.432000000E1	6.527824267E1	1.280633422E1
3.436000000E1	6.665873779E1	1.280571808E1
3.440000000E1	6.805625378E1	1.279331526E1
3.444000000E1	6.930415989E1	1.278138672E1
3.448000000E1	7.037178515E1	1.277583616E1
3.452000000E1	7.131252379E1	1.276862219E1
3.456000000E1	7.212667583E1	1.273020284E1
3.460000000E1	7.275508637E1	1.275323188E1
3.464000000E1	7.321943489E1	1.274859580E1
3.468000000E1	7.351804193E1	1.275767413E1
3.472000000E1	7.366550308E1	1.278270973E1
3.476000000E1	7.363700930E1	1.278301763E1
3.480000000E1	7.345852980E1	1.279872729E1
3.484000000E1	7.305665247E1	1.307272529E1
3.488000000E1	7.258819935E1	1.336553345E1
3.492000000E1	7.186172070E1	1.383208816E1
3.496000000E1	7.080833746E1	1.441867602E1
3.500000000E1	6.959533095E1	1.503474951E1
3.504000000E1	6.800329317E1	1.559873546E1
3.508000000E1	6.616438091E1	1.589482777E1
3.512000000E1	6.434305582E1	1.603679316E1
3.516000000E1	6.244541495E1	1.590593974E1
3.520000000E1	6.055774685E1	1.560976938E1
3.524000000E1	5.878388084E1	1.529704534E1
3.528000000E1	5.701911434E1	1.497270654E1
3.532000000E1	5.533139079E1	1.453588870E1
3.536000000E1	5.393127846E1	1.418722953E1
3.540000000E1	5.267142267E1	1.382613447E1
3.544000000E1	5.073790836E1	1.340299857E1
3.548000000E1	5.074821651E1	1.337515714E1
3.552000000E1	5.000633086E1	1.323215220E1
3.556000000E1	4.940699894E1	1.309045471E1
3.560000000E1	4.896644361E1	1.301807135E1
3.564000000E1	4.870822093E1	1.292755931E1
3.568000000E1	4.852152676E1	1.280262036E1
3.572000000E1	4.849475383E1	1.249168199E1
3.576000000E1	4.850082544E1	1.221398915E1
3.580000000E1	4.852051868E1	1.199663087E1
3.584000000E1	4.851454432E1	1.201446347E1
3.588000000E1	4.863096594E1	1.200738291E1
3.592000000E1	4.869506690E1	1.218667549E1
3.596000000E1	4.892667718E1	1.217152574E1
3.600000000E1	4.914329684E1	1.232270567E1
3.604000000E1	4.960731527E1	1.237729834E1
3.608000000E1	5.025547123E1	1.244136837E1
3.612000000E1	5.117599978E1	1.247225234E1
3.616000000E1	5.220603702E1	1.247453324E1
3.620000000E1	5.331835697E1	1.251777779E1
3.624000000E1	5.451661683E1	1.258494932E1
3.628000000E1	5.720701530E1	1.275724519E1
3.632000000E1	5.720333863E1	1.275048963E1
3.636000000E1	5.857826297E1	1.276641075E1
3.640000000E1	6.004556891E1	1.290159366E1
3.644000000E1	6.164799249E1	1.300407016E1
3.648000000E1	6.331329420E1	1.305546482E1
3.652000000E1	6.510125947E1	1.306202375E1
3.656000000E1	6.690798802E1	1.306192863E1
3.660000000E1	6.859656328E1	1.299973654E1
3.664000000E1	7.019888362E1	1.279014926E1
3.668000000E1	7.260542432E1	1.276369272E1
3.672000000E1	7.260420588E1	1.276601519E1
3.676000000E1	7.349944191E1	1.271630196E1
3.680000000E1	7.410824590E1	1.263169885E1
3.684000000E1	7.454409320E1	1.254052665E1
3.688000000E1	7.470709818E1	1.260001117E1
3.692000000E1	7.470298983E1	1.261279607E1
3.696000000E1	7.454125232E1	1.263184219E1
3.700000000E1	7.422256916E1	1.280696553E1
3.704000000E1	7.364138842E1	1.320757809E1
3.708000000E1	7.286645466E1	1.377446296E1
3.712000000E1	7.167513716E1	1.444336371E1
3.716000000E1	7.006258113E1	1.510445715E1
3.720000000E1	6.813850010E1	1.579774290E1
3.724000000E1	6.589553266E1	1.638481776E1
3.728000000E1	6.093999445E1	1.680573503E1
3.732000000E1	6.093319189E1	1.680950979E1
3.736000000E1	5.840337591E1	1.652291947E1
3.740000000E1	5.608795158E1	1.605025666E1
3.744000000E1	5.390992517E1	1.533728839E1
3.748000000E1	5.212643596E1	1.442018716E1
3.752000000E1	4.881019944E1	1.331404863E1
3.756000000E1	4.881373839E1	1.332607145E1
3.760000000E1	4.761789383E1	1.279235671E1
3.764000000E1	4.677534690E1	1.265983021E1
3.768000000E1	4.624986586E1	1.240233815E1
3.772000000E1	4.595403890E1	1.192775741E1
3.776000000E1	4.583212562E1	1.179007833E1
3.780000000E1	4.595692548E1	1.169896538E1
3.784000000E1	4.613890633E1	1.161589207E1
3.788000000E1	4.627406116E1	1.147619572E1
3.792000000E1	4.640303438E1	1.132875330E1
3.796000000E1	4.628769451E1	1.144325325E1
3.800000000E1	4.622919408E1	1.136520634E1
3.804000000E1	4.611718859E1	1.142355178E1
3.808000000E1	4.596524572E1	1.140200311E1
3.812000000E1	4.582456954E1	1.142381124E1
3.816000000E1	4.581287549E1	1.143286913E1
3.820000000E1	4.582850159E1	1.148980091E1
3.824000000E1	4.526380798E1	1.210229234E1
