armbåge
t	x	y
0.000000000E0	1.534474085E1	8.337004573E0
4.000000000E-2	1.534520205E1	8.338170857E0
8.000000000E-2	1.534496732E1	8.338760516E0
1.200000000E-1	1.534430329E1	8.338845433E0
1.600000000E-1	1.534532405E1	8.338262685E0
2.000000000E-1	1.534423797E1	8.338714275E0
2.400000000E-1	1.534540111E1	8.337906052E0
2.800000000E-1	1.534459211E1	8.338490338E0
3.200000000E-1	1.534390993E1	8.339172346E0
3.600000000E-1	1.534421613E1	8.338465370E0
4.000000000E-1	1.534444568E1	8.337968646E0
4.400000000E-1	1.534452343E1	8.338358634E0
4.800000000E-1	1.534377492E1	8.348916624E0
5.200000000E-1	1.534313240E1	8.348456716E0
5.600000000E-1	1.532177377E1	8.396795058E0
6.000000000E-1	1.532175126E1	8.457067500E0
6.400000000E-1	1.526449467E1	8.491696021E0
6.800000000E-1	1.524302358E1	8.625408715E0
7.200000000E-1	1.534920793E1	8.768057556E0
7.600000000E-1	1.562929068E1	9.037634257E0
8.000000000E-1	1.621474070E1	9.487406201E0
8.400000000E-1	1.681871241E1	1.000916524E1
8.800000000E-1	1.771340623E1	1.060500729E1
9.200000000E-1	1.873757140E1	1.120953231E1
9.600000000E-1	1.968179978E1	1.167346963E1
1.000000000E0	2.039737322E1	1.191468663E1
1.040000000E0	2.069269612E1	1.192033705E1
1.080000000E0	2.085132615E1	1.191740117E1
1.120000000E0	2.089040487E1	1.191574046E1
1.160000000E0	2.082163743E1	1.203120351E1
1.200000000E0	2.057007872E1	1.205064091E1
1.240000000E0	2.028478964E1	1.200034924E1
1.280000000E0	1.998037728E1	1.192000675E1
1.320000000E0	1.966001237E1	1.178873190E1
1.360000000E0	1.923159888E1	1.163186091E1
1.400000000E0	1.888124172E1	1.148897601E1
1.440000000E0	1.860061275E1	1.135814202E1
1.480000000E0	1.848046266E1	1.130340609E1
1.520000000E0	1.847404608E1	1.122150059E1
1.560000000E0	1.855548783E1	1.120345304E1
1.600000000E0	1.876291492E1	1.127319015E1
1.640000000E0	1.894311843E1	1.132661982E1
1.680000000E0	1.938686777E1	1.147346375E1
1.720000000E0	2.010694112E1	1.175842883E1
1.760000000E0	2.104405358E1	1.219817913E1
1.800000000E0	2.232168644E1	1.286280574E1
1.840000000E0	2.387305085E1	1.356345782E1
1.880000000E0	2.559840910E1	1.437277853E1
1.920000000E0	2.741291301E1	1.507884604E1
1.960000000E0	2.919258675E1	1.580660763E1
2.000000000E0	3.080038615E1	1.654353956E1
2.040000000E0	3.236856343E1	1.727058723E1
2.080000000E0	3.386593055E1	1.789222841E1
2.120000000E0	3.527050534E1	1.837926928E1
2.160000000E0	3.666676980E1	1.877619655E1
2.200000000E0	3.798001524E1	1.907906807E1
2.240000000E0	3.925646545E1	1.937183793E1
2.280000000E0	4.045566675E1	1.966103213E1
2.320000000E0	4.157022543E1	1.999349374E1
2.360000000E0	4.262657234E1	2.025190700E1
2.400000000E0	4.346229667E1	2.053565262E1
2.440000000E0	4.412707468E1	2.064381771E1
2.480000000E0	4.448768601E1	2.071118322E1
2.520000000E0	4.457949243E1	2.077110317E1
2.560000000E0	4.445247417E1	2.074044581E1
2.600000000E0	4.413045445E1	2.069480860E1
2.640000000E0	4.354697755E1	2.056586017E1
2.680000000E0	4.264294589E1	2.025054915E1
2.720000000E0	4.143519888E1	1.984967410E1
2.760000000E0	3.980997938E1	1.909213674E1
2.800000000E0	3.780596894E1	1.820610476E1
2.840000000E0	3.562662794E1	1.727787942E1
2.880000000E0	3.295506375E1	1.610953547E1
2.920000000E0	3.022096110E1	1.507053260E1
2.960000000E0	2.729589798E1	1.401538819E1
3.000000000E0	2.452939426E1	1.313649079E1
3.040000000E0	1.986631045E1	1.172712254E1
3.080000000E0	1.984672973E1	1.174439645E1
3.120000000E0	1.804873985E1	1.120002395E1
3.160000000E0	1.682117260E1	1.074017691E1
3.200000000E0	1.606208342E1	1.041201347E1
3.240000000E0	1.571677368E1	1.012600874E1
3.280000000E0	1.573655077E1	1.001809790E1
3.320000000E0	1.598052799E1	9.933256854E0
3.360000000E0	1.622325001E1	9.976416942E0
3.400000000E0	1.636970514E1	9.994706810E0
3.440000000E0	1.641187737E1	1.000120632E1
3.480000000E0	1.640059147E1	9.995697767E0
3.520000000E0	1.642296852E1	1.008353843E1
3.560000000E0	1.660012625E1	1.026345179E1
3.600000000E0	1.711174610E1	1.059290328E1
3.640000000E0	1.805411138E1	1.111345609E1
3.680000000E0	1.939570939E1	1.176026696E1
3.720000000E0	2.112878972E1	1.254983125E1
3.760000000E0	2.310370493E1	1.338941000E1
3.800000000E0	2.519257971E1	1.427559828E1
3.840000000E0	2.710221133E1	1.511268358E1
3.880000000E0	2.905170365E1	1.595058410E1
3.920000000E0	3.084328117E1	1.671934570E1
3.960000000E0	3.250302008E1	1.732209069E1
4.000000000E0	3.413698128E1	1.783880658E1
4.040000000E0	3.559036394E1	1.820434083E1
4.080000000E0	3.694841374E1	1.854760637E1
4.120000000E0	3.828732157E1	1.879276075E1
4.160000000E0	3.949805442E1	1.908789946E1
4.200000000E0	4.056548341E1	1.925962493E1
4.240000000E0	4.144688585E1	1.944421882E1
4.280000000E0	4.219252644E1	1.967095403E1
4.320000000E0	4.278110898E1	1.984880879E1
4.360000000E0	4.321597921E1	1.997388355E1
4.400000000E0	4.341984770E1	2.006918890E1
4.440000000E0	4.329422144E1	2.007554048E1
4.480000000E0	4.287158851E1	2.000617863E1
4.520000000E0	4.218902018E1	1.977845471E1
4.560000000E0	4.101456638E1	1.922325657E1
4.600000000E0	3.947834352E1	1.848392928E1
4.640000000E0	3.529882123E1	1.667261480E1
4.680000000E0	3.531264709E1	1.667838192E1
4.720000000E0	3.285396638E1	1.573386532E1
4.760000000E0	3.009403683E1	1.490690722E1
4.800000000E0	2.744251889E1	1.412919876E1
4.840000000E0	2.490236554E1	1.336593138E1
4.880000000E0	2.250017982E1	1.269372273E1
4.920000000E0	2.055470359E1	1.217581258E1
4.960000000E0	1.901297710E1	1.176646637E1
5.000000000E0	1.796662690E1	1.150649746E1
5.040000000E0	1.732472936E1	1.133831269E1
5.080000000E0	1.712412265E1	1.124390624E1
5.120000000E0	1.729166380E1	1.115991386E1
5.160000000E0	1.754572321E1	1.108998557E1
5.200000000E0	1.780800066E1	1.103452185E1
5.240000000E0	1.800104268E1	1.102028852E1
5.280000000E0	1.817589502E1	1.102846672E1
5.320000000E0	1.849428421E1	1.111908284E1
5.360000000E0	1.901833476E1	1.137523197E1
5.400000000E0	1.994873873E1	1.176449394E1
5.440000000E0	2.113813278E1	1.228271799E1
5.480000000E0	2.264019682E1	1.287979099E1
5.520000000E0	2.442956787E1	1.354397551E1
5.560000000E0	2.624146981E1	1.424623362E1
5.600000000E0	2.789752693E1	1.490825324E1
5.640000000E0	2.959252474E1	1.566062365E1
5.680000000E0	3.116043618E1	1.624487090E1
5.720000000E0	3.265309559E1	1.680433628E1
5.760000000E0	3.399375761E1	1.726479826E1
5.800000000E0	3.521445343E1	1.757495733E1
5.840000000E0	3.646531073E1	1.791086640E1
5.880000000E0	3.770960469E1	1.818288227E1
5.920000000E0	3.891024003E1	1.847183377E1
5.960000000E0	4.009243896E1	1.874131496E1
6.000000000E0	4.114450238E1	1.904358709E1
6.040000000E0	4.205985988E1	1.920859180E1
6.080000000E0	4.284265946E1	1.936828096E1
6.120000000E0	4.347791487E1	1.965668591E1
6.160000000E0	4.385390873E1	1.970551981E1
6.200000000E0	4.397754952E1	1.980016301E1
6.240000000E0	4.384609566E1	1.984110683E1
6.280000000E0	4.346814035E1	1.971926903E1
6.320000000E0	4.280268466E1	1.938292629E1
6.360000000E0	4.176673499E1	1.894433630E1
6.400000000E0	4.029653262E1	1.818431189E1
6.440000000E0	3.860992358E1	1.744274548E1
6.480000000E0	3.653003730E1	1.650586422E1
6.520000000E0	3.417449071E1	1.564546358E1
6.560000000E0	3.159367096E1	1.474276134E1
6.600000000E0	2.879611053E1	1.384302510E1
6.640000000E0	2.609336055E1	1.312339478E1
6.680000000E0	2.383233701E1	1.264740233E1
6.720000000E0	2.187600682E1	1.222925688E1
6.760000000E0	2.030203443E1	1.178776466E1
6.800000000E0	1.910464968E1	1.146891944E1
6.840000000E0	1.820564619E1	1.116621451E1
6.880000000E0	1.759349728E1	1.088259800E1
6.920000000E0	1.728064394E1	1.066965217E1
6.960000000E0	1.699421772E1	1.043197451E1
7.000000000E0	1.688140751E1	1.025960032E1
7.040000000E0	1.681954638E1	1.016705870E1
7.080000000E0	1.688734011E1	1.008127816E1
7.120000000E0	1.696526934E1	1.012287079E1
7.160000000E0	1.700151232E1	1.011892185E1
7.200000000E0	1.713353439E1	1.024252561E1
7.240000000E0	1.725282734E1	1.034604905E1
7.280000000E0	1.757971207E1	1.053933545E1
7.320000000E0	1.802595993E1	1.077522382E1
7.360000000E0	1.879171100E1	1.115601353E1
7.400000000E0	1.980880581E1	1.163676483E1
7.440000000E0	2.117720500E1	1.230021598E1
7.480000000E0	2.265353124E1	1.307914495E1
7.520000000E0	2.415054882E1	1.384251503E1
7.560000000E0	2.577954510E1	1.460930590E1
7.600000000E0	2.759699961E1	1.545712876E1
7.640000000E0	2.921218658E1	1.612629366E1
7.680000000E0	3.081803160E1	1.670904917E1
7.720000000E0	3.234412090E1	1.716500078E1
7.760000000E0	3.369851915E1	1.746370938E1
7.800000000E0	3.502847859E1	1.774350650E1
7.840000000E0	3.624931173E1	1.790832160E1
7.880000000E0	3.750846653E1	1.817188524E1
7.920000000E0	3.864865469E1	1.827518001E1
7.960000000E0	3.970337765E1	1.847172368E1
8.000000000E0	4.073403698E1	1.875848273E1
8.040000000E0	4.161870330E1	1.891455999E1
8.080000000E0	4.235960525E1	1.908282499E1
8.120000000E0	4.294416542E1	1.937511941E1
8.160000000E0	4.334486666E1	1.963145739E1
8.200000000E0	4.322344044E1	1.968575549E1
8.240000000E0	4.292227776E1	1.976141827E1
8.280000000E0	4.234421864E1	1.967666999E1
8.320000000E0	4.146558611E1	1.940863021E1
8.360000000E0	4.025658565E1	1.895926824E1
8.400000000E0	3.879873722E1	1.842942892E1
8.440000000E0	3.701399575E1	1.771285702E1
8.480000000E0	3.504293689E1	1.697854275E1
8.520000000E0	3.293063689E1	1.624437754E1
8.560000000E0	3.071014925E1	1.548397657E1
8.600000000E0	2.657597203E1	1.413568381E1
8.640000000E0	2.655684016E1	1.414149923E1
8.680000000E0	2.475056144E1	1.368774381E1
8.720000000E0	2.318648828E1	1.326737146E1
8.760000000E0	2.186553180E1	1.281169447E1
8.800000000E0	2.073134667E1	1.238334183E1
8.840000000E0	1.994914907E1	1.207024435E1
8.880000000E0	1.935916221E1	1.178214285E1
8.920000000E0	1.892155512E1	1.152988887E1
8.960000000E0	1.872380248E1	1.136492903E1
9.000000000E0	1.860782715E1	1.107643789E1
9.040000000E0	1.860062550E1	1.087770725E1
9.080000000E0	1.859564888E1	1.079216067E1
9.120000000E0	1.863306759E1	1.073128493E1
9.160000000E0	1.877249766E1	1.083884781E1
9.200000000E0	1.877413815E1	1.087015650E1
9.240000000E0	1.878414152E1	1.089030865E1
9.280000000E0	1.894635823E1	1.100088528E1
9.320000000E0	1.908661093E1	1.102704997E1
9.360000000E0	1.938990864E1	1.115970028E1
9.400000000E0	1.982358727E1	1.132124005E1
9.440000000E0	2.054601734E1	1.162708521E1
9.480000000E0	2.134671169E1	1.189410160E1
9.520000000E0	2.236317937E1	1.235532640E1
9.560000000E0	2.356385795E1	1.291190994E1
9.600000000E0	2.486619164E1	1.356607629E1
9.640000000E0	2.623947842E1	1.426719603E1
9.680000000E0	2.758009195E1	1.488766753E1
9.720000000E0	2.893962714E1	1.547542305E1
9.760000000E0	3.038528011E1	1.607270126E1
9.800000000E0	3.176776803E1	1.648212453E1
9.840000000E0	3.315111311E1	1.695012241E1
9.880000000E0	3.456278297E1	1.742536454E1
9.920000000E0	3.593556964E1	1.774321906E1
9.960000000E0	3.726477583E1	1.803599700E1
1.000000000E1	3.848601325E1	1.825661929E1
1.004000000E1	3.950872154E1	1.852500593E1
1.008000000E1	4.054784630E1	1.876487920E1
1.012000000E1	4.144303588E1	1.893692413E1
1.016000000E1	4.219857087E1	1.913137855E1
1.020000000E1	4.278322055E1	1.923226333E1
1.024000000E1	4.311743027E1	1.934568180E1
1.028000000E1	4.311537542E1	1.936747884E1
1.032000000E1	4.292901093E1	1.940892615E1
1.036000000E1	4.246113084E1	1.935535385E1
1.040000000E1	4.169790753E1	1.914732623E1
1.044000000E1	4.056169723E1	1.864441315E1
1.048000000E1	3.906267010E1	1.791198599E1
1.052000000E1	3.730675895E1	1.714050846E1
1.056000000E1	3.533678358E1	1.631959103E1
1.060000000E1	3.316810481E1	1.551790577E1
1.064000000E1	3.080960475E1	1.459138238E1
1.068000000E1	2.843635395E1	1.382612931E1
1.072000000E1	2.620923226E1	1.308883651E1
1.076000000E1	2.396228653E1	1.249069423E1
1.080000000E1	2.192121329E1	1.204031618E1
1.084000000E1	2.026240006E1	1.175414274E1
1.088000000E1	1.892042591E1	1.146220038E1
1.092000000E1	1.788813422E1	1.115858751E1
1.096000000E1	1.714750903E1	1.086310687E1
1.100000000E1	1.668700033E1	1.058073719E1
1.104000000E1	1.653394452E1	1.043499340E1
1.108000000E1	1.652922875E1	1.028540847E1
1.112000000E1	1.652942861E1	9.989120799E0
1.116000000E1	1.668127117E1	9.973941444E0
1.120000000E1	1.671365182E1	9.919610726E0
1.124000000E1	1.669192400E1	9.959563266E0
1.128000000E1	1.668946828E1	9.967736372E0
1.132000000E1	1.667710340E1	9.980211682E0
1.136000000E1	1.653322492E1	9.843748631E0
1.140000000E1	1.667952628E1	9.986075241E0
1.144000000E1	1.683691793E1	1.012120305E1
1.148000000E1	1.697722492E1	1.015303443E1
1.152000000E1	1.742772198E1	1.043595147E1
1.156000000E1	1.816707371E1	1.075765165E1
1.160000000E1	1.922272378E1	1.118686092E1
1.164000000E1	2.057539014E1	1.176768094E1
1.168000000E1	2.235119935E1	1.264737463E1
1.172000000E1	2.413766933E1	1.344137713E1
1.176000000E1	2.621489532E1	1.443793524E1
1.180000000E1	2.818500112E1	1.531721671E1
1.184000000E1	3.008657334E1	1.608473789E1
1.188000000E1	3.190699503E1	1.678365087E1
1.192000000E1	3.352966444E1	1.730943163E1
1.196000000E1	3.505198231E1	1.763107354E1
1.200000000E1	3.660306219E1	1.795155489E1
1.204000000E1	3.809987823E1	1.818688091E1
1.208000000E1	3.948095252E1	1.845438645E1
1.212000000E1	4.059404575E1	1.862480110E1
1.216000000E1	4.146614392E1	1.892004464E1
1.220000000E1	4.218658286E1	1.906491109E1
1.224000000E1	4.265366206E1	1.913068708E1
1.228000000E1	4.292457857E1	1.913015255E1
1.232000000E1	4.306373141E1	1.918254468E1
1.236000000E1	4.296271039E1	1.912756507E1
1.240000000E1	4.276388888E1	1.909000032E1
1.244000000E1	4.247074383E1	1.908752493E1
1.248000000E1	4.200327662E1	1.903597082E1
1.252000000E1	4.129037921E1	1.893654869E1
1.256000000E1	4.027318133E1	1.867174663E1
1.260000000E1	3.901228215E1	1.831350087E1
1.264000000E1	3.743854223E1	1.777761281E1
1.268000000E1	3.577168978E1	1.744816413E1
1.272000000E1	3.382330068E1	1.687394070E1
1.276000000E1	3.177012904E1	1.630931006E1
1.280000000E1	2.968581897E1	1.574178434E1
1.284000000E1	2.755356691E1	1.506464978E1
1.288000000E1	2.546137932E1	1.430823674E1
1.292000000E1	2.341100562E1	1.341088266E1
1.296000000E1	2.146112081E1	1.254958790E1
1.300000000E1	1.996291112E1	1.192432586E1
1.304000000E1	1.875338897E1	1.136973305E1
1.308000000E1	1.788877506E1	1.087475037E1
1.312000000E1	1.726786221E1	1.046757703E1
1.316000000E1	1.689584882E1	1.006969428E1
1.320000000E1	1.666617077E1	9.861524241E0
1.324000000E1	1.666375407E1	9.691315867E0
1.328000000E1	1.668353150E1	9.539400517E0
1.332000000E1	1.682415665E1	9.532050163E0
1.336000000E1	1.697483526E1	9.529278580E0
1.340000000E1	1.698458107E1	9.401208762E0
1.344000000E1	1.714536428E1	9.483336722E0
1.348000000E1	1.712771349E1	9.406762776E0
1.352000000E1	1.729349047E1	9.513008945E0
1.356000000E1	1.758496155E1	9.681826515E0
1.360000000E1	1.818450049E1	1.009837201E1
1.364000000E1	1.890782298E1	1.046082667E1
1.368000000E1	1.996971354E1	1.101169080E1
1.372000000E1	2.127661062E1	1.164577634E1
1.376000000E1	2.276980192E1	1.226175690E1
1.380000000E1	2.444614015E1	1.294732296E1
1.384000000E1	2.624564800E1	1.378980109E1
1.388000000E1	2.790750575E1	1.453112749E1
1.392000000E1	2.952017908E1	1.521108423E1
1.396000000E1	3.115152203E1	1.579384359E1
1.400000000E1	3.263622079E1	1.614161912E1
1.404000000E1	3.401074951E1	1.641007426E1
1.408000000E1	3.538486760E1	1.668667759E1
1.412000000E1	3.678440956E1	1.699651611E1
1.416000000E1	3.807208574E1	1.716026009E1
1.420000000E1	3.928329547E1	1.734997915E1
1.424000000E1	4.047503236E1	1.762759858E1
1.428000000E1	4.154828774E1	1.788175778E1
1.432000000E1	4.240380293E1	1.818985905E1
1.436000000E1	4.309087781E1	1.847083667E1
1.440000000E1	4.352544896E1	1.861348914E1
1.444000000E1	4.369709523E1	1.879972262E1
1.448000000E1	4.366846594E1	1.890333006E1
1.452000000E1	4.337344971E1	1.893310574E1
1.456000000E1	4.278413917E1	1.882562013E1
1.460000000E1	4.185278123E1	1.852122847E1
1.464000000E1	4.056741677E1	1.803192694E1
1.468000000E1	3.916365109E1	1.763298553E1
1.472000000E1	3.756685386E1	1.713126656E1
1.476000000E1	3.580355147E1	1.668494585E1
1.480000000E1	3.394947873E1	1.621507919E1
1.484000000E1	3.202716176E1	1.572215172E1
1.488000000E1	3.006825199E1	1.526249074E1
1.492000000E1	2.806773596E1	1.460764546E1
1.496000000E1	2.621173640E1	1.406342958E1
1.500000000E1	2.442830630E1	1.343147852E1
1.504000000E1	2.285998254E1	1.290330434E1
1.508000000E1	2.146800560E1	1.244833746E1
1.512000000E1	2.011863808E1	1.182324990E1
1.516000000E1	1.908249979E1	1.131825493E1
1.520000000E1	1.831470373E1	1.100754798E1
1.524000000E1	1.772567154E1	1.071477021E1
1.528000000E1	1.728839917E1	1.041457448E1
1.532000000E1	1.699604117E1	1.011666150E1
1.536000000E1	1.693017534E1	1.003229623E1
1.540000000E1	1.693532480E1	9.866493163E0
1.544000000E1	1.697622556E1	9.749659714E0
1.548000000E1	1.702173543E1	9.667408120E0
1.552000000E1	1.713153320E1	9.798353891E0
1.556000000E1	1.712648589E1	9.823811468E0
1.560000000E1	1.712407568E1	9.839095133E0
1.564000000E1	1.712663586E1	9.851616879E0
1.568000000E1	1.715281502E1	9.831062031E0
1.572000000E1	1.728858770E1	9.949826110E0
1.576000000E1	1.739816304E1	1.003398063E1
1.580000000E1	1.757480577E1	1.012791484E1
1.584000000E1	1.818145412E1	1.056452929E1
1.588000000E1	1.818040598E1	1.056999339E1
1.592000000E1	1.893804713E1	1.110864558E1
1.596000000E1	1.979873608E1	1.163960107E1
1.600000000E1	2.097200142E1	1.227420395E1
1.604000000E1	2.239138670E1	1.289595734E1
1.608000000E1	2.399838287E1	1.368413318E1
1.612000000E1	2.552795793E1	1.426387689E1
1.616000000E1	2.725535100E1	1.506397449E1
1.620000000E1	2.886654249E1	1.571099126E1
1.624000000E1	3.043098176E1	1.619553283E1
1.628000000E1	3.189622208E1	1.667113388E1
1.632000000E1	3.337979591E1	1.711604941E1
1.636000000E1	3.471727990E1	1.735251090E1
1.640000000E1	3.621179087E1	1.769791578E1
1.644000000E1	3.892731409E1	1.810575856E1
1.648000000E1	3.891764180E1	1.813499665E1
1.652000000E1	4.025561552E1	1.847084571E1
1.656000000E1	4.142738002E1	1.880154963E1
1.660000000E1	4.248268649E1	1.907560717E1
1.664000000E1	4.323794306E1	1.912351661E1
1.668000000E1	4.383159602E1	1.926184424E1
1.672000000E1	4.411882430E1	1.928155744E1
1.676000000E1	4.415892572E1	1.926126179E1
1.680000000E1	4.370349679E1	1.935193506E1
1.684000000E1	4.368774010E1	1.936880966E1
1.688000000E1	4.306409147E1	1.927947440E1
1.692000000E1	4.205574274E1	1.882329899E1
1.696000000E1	4.085696591E1	1.847880244E1
1.700000000E1	3.934396406E1	1.800506672E1
1.704000000E1	3.761628524E1	1.742800304E1
1.708000000E1	3.574866022E1	1.692635512E1
1.712000000E1	3.356406093E1	1.612794207E1
1.716000000E1	3.135798268E1	1.532872194E1
1.720000000E1	2.906279811E1	1.456131854E1
1.724000000E1	2.674683757E1	1.379126981E1
1.728000000E1	2.444330864E1	1.310862266E1
1.732000000E1	2.235056774E1	1.252621907E1
1.736000000E1	2.054315423E1	1.209911888E1
1.740000000E1	1.894872561E1	1.158081149E1
1.744000000E1	1.771600891E1	1.132924002E1
1.748000000E1	1.650280934E1	1.076931712E1
1.752000000E1	1.565093826E1	1.040031227E1
1.756000000E1	1.475788281E1	9.817396495E0
1.760000000E1	1.430039855E1	9.532672829E0
1.764000000E1	1.401148019E1	9.218467853E0
1.768000000E1	1.400860394E1	9.076955984E0
1.772000000E1	1.415420242E1	9.067664473E0
1.776000000E1	1.430143342E1	9.070446267E0
1.780000000E1	1.444111382E1	9.084480645E0
1.784000000E1	1.459994328E1	9.086067224E0
1.788000000E1	1.460115784E1	9.083894211E0
1.792000000E1	1.490108105E1	9.369398169E0
1.796000000E1	1.518986281E1	9.543207132E0
1.800000000E1	1.564784555E1	9.822162981E0
1.804000000E1	1.641751766E1	1.020984985E1
1.808000000E1	1.744188080E1	1.070536729E1
1.812000000E1	1.861617898E1	1.118753003E1
1.816000000E1	2.011803479E1	1.191075344E1
1.820000000E1	2.175243352E1	1.265700423E1
1.824000000E1	2.341373598E1	1.338136432E1
1.828000000E1	2.502968637E1	1.402945830E1
1.832000000E1	2.672690636E1	1.468826630E1
1.836000000E1	2.830370263E1	1.535133967E1
1.840000000E1	2.984245430E1	1.591095019E1
1.844000000E1	3.133224575E1	1.648626980E1
1.848000000E1	3.279169507E1	1.694592407E1
1.852000000E1	3.415872783E1	1.725818764E1
1.856000000E1	3.547514279E1	1.748771571E1
1.860000000E1	3.686551677E1	1.769679308E1
1.864000000E1	3.817193080E1	1.787840691E1
1.868000000E1	3.933037852E1	1.810187234E1
1.872000000E1	4.039900521E1	1.833809047E1
1.876000000E1	4.131030071E1	1.854099282E1
1.880000000E1	4.217074688E1	1.878142104E1
1.884000000E1	4.285246312E1	1.889085569E1
1.888000000E1	4.328039917E1	1.895373169E1
1.892000000E1	4.358882842E1	1.907847664E1
1.896000000E1	4.381115292E1	1.921179429E1
1.900000000E1	4.384325835E1	1.926048697E1
1.904000000E1	4.366649558E1	1.934162426E1
1.908000000E1	4.323216986E1	1.925222642E1
1.912000000E1	4.250350651E1	1.907603096E1
1.916000000E1	4.140156291E1	1.862254369E1
1.920000000E1	3.994798670E1	1.793950044E1
1.924000000E1	3.828533799E1	1.731867017E1
1.928000000E1	3.634872479E1	1.657950349E1
1.932000000E1	3.430431850E1	1.597362793E1
1.936000000E1	3.208114561E1	1.521900786E1
1.940000000E1	2.983396972E1	1.447256674E1
1.944000000E1	2.760443032E1	1.367718816E1
1.948000000E1	2.533274094E1	1.282997980E1
1.952000000E1	2.338490034E1	1.218424764E1
1.956000000E1	2.144970009E1	1.146625778E1
1.960000000E1	1.981768334E1	1.098954160E1
1.964000000E1	1.833767261E1	1.053180363E1
1.968000000E1	1.697614028E1	9.993976367E0
1.972000000E1	1.593290190E1	9.685536783E0
1.976000000E1	1.490047771E1	9.099993566E0
1.980000000E1	1.446477270E1	9.058042243E0
1.984000000E1	1.429398641E1	9.083186776E0
1.988000000E1	1.416080028E1	8.921303293E0
1.992000000E1	1.428994137E1	8.943482960E0
1.996000000E1	1.444585836E1	8.934960044E0
2.000000000E1	1.460977430E1	8.911832207E0
2.004000000E1	1.492698590E1	9.028854689E0
2.008000000E1	1.491425541E1	9.060194121E0
2.012000000E1	1.520567801E1	9.213708729E0
2.016000000E1	1.563605526E1	9.396540967E0
2.020000000E1	1.653895294E1	9.963940106E0
2.024000000E1	1.759983728E1	1.054079783E1
2.028000000E1	1.892793432E1	1.132360357E1
2.032000000E1	2.057636273E1	1.234240124E1
2.036000000E1	2.222775539E1	1.323849209E1
2.040000000E1	2.416919685E1	1.425927113E1
2.044000000E1	2.608380357E1	1.516300392E1
2.048000000E1	2.770832807E1	1.578750381E1
2.052000000E1	2.936865439E1	1.634694694E1
2.056000000E1	3.089576221E1	1.677750332E1
2.060000000E1	3.234228491E1	1.719360817E1
2.064000000E1	3.379440584E1	1.750627443E1
2.068000000E1	3.517774699E1	1.764042522E1
2.072000000E1	3.666595549E1	1.797425004E1
2.076000000E1	3.799254476E1	1.833638481E1
2.080000000E1	3.920423240E1	1.860620578E1
2.084000000E1	4.026334493E1	1.877750961E1
2.088000000E1	4.128484710E1	1.918032517E1
2.092000000E1	4.216620948E1	1.949172689E1
2.096000000E1	4.276897703E1	1.975411735E1
2.100000000E1	4.323824168E1	1.995641127E1
2.104000000E1	4.348347048E1	2.003301810E1
2.108000000E1	4.340744536E1	1.994016896E1
2.112000000E1	4.314225145E1	1.990745645E1
2.116000000E1	4.262645695E1	1.967698632E1
2.120000000E1	4.185238792E1	1.938347911E1
2.124000000E1	4.069486989E1	1.876995686E1
2.128000000E1	3.935575223E1	1.819043515E1
2.132000000E1	3.780363105E1	1.760932979E1
2.136000000E1	3.590170343E1	1.674272856E1
2.140000000E1	3.384384744E1	1.595855071E1
2.144000000E1	3.164787705E1	1.517332570E1
2.148000000E1	2.954053874E1	1.439160393E1
2.152000000E1	2.745114569E1	1.364278679E1
2.156000000E1	2.533211052E1	1.286511378E1
2.160000000E1	2.163447245E1	1.158576977E1
2.164000000E1	2.162498226E1	1.159354582E1
2.168000000E1	2.013047200E1	1.111932255E1
2.172000000E1	1.862213090E1	1.059514578E1
2.176000000E1	1.741177582E1	1.029735282E1
2.180000000E1	1.622588821E1	9.718973663E0
2.184000000E1	1.551017649E1	9.361380929E0
2.188000000E1	1.518806636E1	9.093160457E0
2.192000000E1	1.534406014E1	9.195390736E0
2.196000000E1	1.538925247E1	9.025977438E0
2.200000000E1	1.565662188E1	9.166809553E0
2.204000000E1	1.592355905E1	9.269357496E0
2.208000000E1	1.640560136E1	9.488485907E0
2.212000000E1	1.697992381E1	9.694004277E0
2.216000000E1	1.787653184E1	1.014220971E1
2.220000000E1	1.909131353E1	1.084295990E1
2.224000000E1	2.039449946E1	1.164326115E1
2.228000000E1	2.175594306E1	1.236926089E1
2.232000000E1	2.327768770E1	1.321745354E1
2.236000000E1	2.474131560E1	1.400454077E1
2.240000000E1	2.621869348E1	1.475723096E1
2.244000000E1	2.759982196E1	1.533717950E1
2.248000000E1	2.894239710E1	1.588539873E1
2.252000000E1	3.019994438E1	1.627012029E1
2.256000000E1	3.144589409E1	1.654380364E1
2.260000000E1	3.263242180E1	1.675970626E1
2.264000000E1	3.385720399E1	1.694315861E1
2.268000000E1	3.514798333E1	1.728609751E1
2.272000000E1	3.637346436E1	1.736207877E1
2.276000000E1	3.765337380E1	1.764740012E1
2.280000000E1	3.888488232E1	1.789375292E1
2.284000000E1	3.992107343E1	1.807715782E1
2.288000000E1	4.087794546E1	1.829796715E1
2.292000000E1	4.172849769E1	1.864456751E1
2.296000000E1	4.235788911E1	1.885494444E1
2.300000000E1	4.296565499E1	1.925384429E1
2.304000000E1	4.341920339E1	1.960676621E1
2.308000000E1	4.355737623E1	1.972246488E1
2.312000000E1	4.350653584E1	1.983092894E1
2.316000000E1	4.318531974E1	1.980581585E1
2.320000000E1	4.261213800E1	1.970253554E1
2.324000000E1	4.173667823E1	1.937831447E1
2.328000000E1	4.055088576E1	1.895970383E1
2.332000000E1	3.917804268E1	1.838771769E1
2.336000000E1	3.753363233E1	1.776991235E1
2.340000000E1	3.569787840E1	1.696094015E1
2.344000000E1	3.373121158E1	1.627211308E1
2.348000000E1	3.163508753E1	1.545734718E1
2.352000000E1	2.955901555E1	1.475393932E1
2.356000000E1	2.730308684E1	1.399707207E1
2.360000000E1	2.501392678E1	1.330206261E1
2.364000000E1	2.268638295E1	1.249675783E1
2.368000000E1	2.057969782E1	1.185324370E1
2.372000000E1	1.862979455E1	1.118985515E1
2.376000000E1	1.712544113E1	1.074124842E1
2.380000000E1	1.595665455E1	1.038963475E1
2.384000000E1	1.520230532E1	1.026280156E1
2.388000000E1	1.475316177E1	1.011845083E1
2.392000000E1	1.460768507E1	9.959359162E0
2.396000000E1	1.461061589E1	9.810927181E0
2.400000000E1	1.473586734E1	9.704573572E0
2.404000000E1	1.504504048E1	9.828846470E0
2.408000000E1	1.519133538E1	9.708503240E0
2.412000000E1	1.579199225E1	1.012087130E1
2.416000000E1	1.609237424E1	1.012649310E1
2.420000000E1	1.638761671E1	1.027541262E1
2.424000000E1	1.668117532E1	1.030693518E1
2.428000000E1	1.744602088E1	1.070131703E1
2.432000000E1	1.832130970E1	1.104827148E1
2.436000000E1	1.948697284E1	1.166232658E1
2.440000000E1	2.071887328E1	1.219883614E1
2.444000000E1	2.189099447E1	1.257683112E1
2.448000000E1	2.325914190E1	1.311302220E1
2.452000000E1	2.473507046E1	1.371909200E1
2.456000000E1	2.620485799E1	1.434286170E1
2.460000000E1	2.757286245E1	1.489610084E1
2.464000000E1	2.887746698E1	1.541311661E1
2.468000000E1	3.011796898E1	1.576932415E1
2.472000000E1	3.130098232E1	1.607354349E1
2.476000000E1	3.235721868E1	1.626295681E1
2.480000000E1	3.340259267E1	1.642454446E1
2.484000000E1	3.446553933E1	1.656667825E1
2.488000000E1	3.562075242E1	1.675334789E1
2.492000000E1	3.682786134E1	1.701451582E1
2.496000000E1	3.801618135E1	1.730834087E1
2.500000000E1	3.919595488E1	1.762721790E1
2.504000000E1	4.023990254E1	1.795711122E1
2.508000000E1	4.113611080E1	1.828538083E1
2.512000000E1	4.184900405E1	1.858851888E1
2.516000000E1	4.239928444E1	1.890243084E1
2.520000000E1	4.265758050E1	1.918282180E1
2.524000000E1	4.265003303E1	1.926785068E1
2.528000000E1	4.241975993E1	1.926620629E1
2.532000000E1	4.190125508E1	1.909322497E1
2.536000000E1	4.117055396E1	1.888144482E1
2.540000000E1	4.013292803E1	1.851255881E1
2.544000000E1	3.891528932E1	1.802262961E1
2.548000000E1	3.753595317E1	1.756478530E1
2.552000000E1	3.580817534E1	1.679162274E1
2.556000000E1	3.398862609E1	1.611845357E1
2.560000000E1	3.200054749E1	1.548564522E1
2.564000000E1	2.992469595E1	1.474482274E1
2.568000000E1	2.784350160E1	1.399042618E1
2.572000000E1	2.576419351E1	1.326952775E1
2.576000000E1	2.388351194E1	1.265145196E1
2.580000000E1	2.217644262E1	1.222311330E1
2.584000000E1	2.057085480E1	1.177134353E1
2.588000000E1	1.911100256E1	1.130453804E1
2.592000000E1	1.800004600E1	1.103359486E1
2.596000000E1	1.699072004E1	1.059429034E1
2.600000000E1	1.625683348E1	1.027006759E1
2.604000000E1	1.575887236E1	1.004667491E1
2.608000000E1	1.545340372E1	9.895026785E0
2.612000000E1	1.531667873E1	9.719324430E0
2.616000000E1	1.533788352E1	9.679670682E0
2.620000000E1	1.534422853E1	9.550637034E0
2.624000000E1	1.545455511E1	9.565397248E0
2.628000000E1	1.561884390E1	9.557594713E0
2.632000000E1	1.594374380E1	9.678593491E0
2.636000000E1	1.655883782E1	9.951520177E0
2.640000000E1	1.742243593E1	1.032692282E1
2.644000000E1	1.862120978E1	1.086999126E1
2.648000000E1	1.996758976E1	1.145576679E1
2.652000000E1	2.143343508E1	1.208426985E1
2.656000000E1	2.310000457E1	1.279953443E1
2.660000000E1	2.477672529E1	1.353005124E1
2.664000000E1	2.637153823E1	1.432958068E1
2.668000000E1	2.804656275E1	1.518423720E1
2.672000000E1	2.965850371E1	1.595714385E1
2.676000000E1	3.115294162E1	1.654274800E1
2.680000000E1	3.264766652E1	1.708828479E1
2.684000000E1	3.399321365E1	1.743721488E1
2.688000000E1	3.522612184E1	1.761266564E1
2.692000000E1	3.650485045E1	1.784470103E1
2.696000000E1	3.770539255E1	1.794465458E1
2.700000000E1	3.891671319E1	1.813068647E1
2.704000000E1	3.999782808E1	1.820218187E1
2.708000000E1	4.095424440E1	1.836198588E1
2.712000000E1	4.180784528E1	1.848394800E1
2.716000000E1	4.249012962E1	1.872296900E1
2.720000000E1	4.297811052E1	1.886905277E1
2.724000000E1	4.321155705E1	1.907390618E1
2.728000000E1	4.308436315E1	1.905701997E1
2.732000000E1	4.273708937E1	1.906126251E1
2.736000000E1	4.208012398E1	1.878959784E1
2.740000000E1	4.115444044E1	1.846669152E1
2.744000000E1	3.991593139E1	1.793412323E1
2.748000000E1	3.856532972E1	1.744078652E1
2.752000000E1	3.698516409E1	1.694869465E1
2.756000000E1	3.525094501E1	1.636436683E1
2.760000000E1	3.337176650E1	1.578555800E1
2.764000000E1	3.141937847E1	1.509249178E1
2.768000000E1	2.932523955E1	1.436504095E1
2.772000000E1	2.725057246E1	1.369393005E1
2.776000000E1	2.518742699E1	1.305971486E1
2.780000000E1	2.310953654E1	1.237194014E1
2.784000000E1	2.131629935E1	1.190001832E1
2.788000000E1	1.968298319E1	1.145896534E1
2.792000000E1	1.831287440E1	1.119107703E1
2.796000000E1	1.728268643E1	1.100563974E1
2.800000000E1	1.638365218E1	1.075084124E1
2.804000000E1	1.583402900E1	1.053414824E1
2.808000000E1	1.549477528E1	1.041991752E1
2.812000000E1	1.533309040E1	1.027996851E1
2.816000000E1	1.530536047E1	1.016873383E1
2.820000000E1	1.536627839E1	9.954065216E0
2.824000000E1	1.552579453E1	9.932022678E0
2.828000000E1	1.580669050E1	1.007503569E1
2.832000000E1	1.606984100E1	1.017657784E1
2.836000000E1	1.668366505E1	1.042804923E1
2.840000000E1	1.746939043E1	1.069619034E1
2.844000000E1	1.852025542E1	1.110691267E1
2.848000000E1	1.970631973E1	1.158128388E1
2.852000000E1	2.114101665E1	1.222928169E1
2.856000000E1	2.249294334E1	1.270968713E1
2.860000000E1	2.411679506E1	1.343130264E1
2.864000000E1	2.552248868E1	1.397735709E1
2.868000000E1	2.694293569E1	1.464061080E1
2.872000000E1	2.831454464E1	1.519951748E1
2.876000000E1	2.964884408E1	1.565354948E1
2.880000000E1	3.100428219E1	1.609451374E1
2.884000000E1	3.231660264E1	1.644901830E1
2.888000000E1	3.357094135E1	1.667445685E1
2.892000000E1	3.483068233E1	1.699546541E1
2.896000000E1	3.608991140E1	1.723826975E1
2.900000000E1	3.741685662E1	1.755252497E1
2.904000000E1	3.876709117E1	1.790672602E1
2.908000000E1	4.023038593E1	1.834815816E1
2.912000000E1	4.157180720E1	1.863464390E1
2.916000000E1	4.268143005E1	1.892584190E1
2.920000000E1	4.353452633E1	1.912701501E1
2.924000000E1	4.412109916E1	1.924953331E1
2.928000000E1	4.433790745E1	1.924264227E1
2.932000000E1	4.420028934E1	1.923974484E1
2.936000000E1	4.381831861E1	1.923071817E1
2.940000000E1	4.307775489E1	1.894817111E1
2.944000000E1	4.193499371E1	1.856335805E1
2.948000000E1	4.052618953E1	1.803637730E1
2.952000000E1	3.889223398E1	1.749441414E1
2.956000000E1	3.699642232E1	1.686080574E1
2.960000000E1	3.504575625E1	1.643388003E1
2.964000000E1	3.296999211E1	1.595827096E1
2.968000000E1	3.069578008E1	1.533288076E1
2.972000000E1	2.847120825E1	1.470720790E1
2.976000000E1	2.617344718E1	1.402718641E1
2.980000000E1	2.397945402E1	1.341390782E1
2.984000000E1	2.191716602E1	1.293222901E1
2.988000000E1	1.999323063E1	1.250356750E1
2.992000000E1	1.837856928E1	1.217809753E1
2.996000000E1	1.685965915E1	1.189192263E1
3.000000000E1	1.552576553E1	1.157758207E1
3.004000000E1	1.443559227E1	1.119207709E1
3.008000000E1	1.371773917E1	1.084083597E1
3.012000000E1	1.326997378E1	1.054784876E1
3.016000000E1	1.293986185E1	1.016718853E1
3.020000000E1	1.297722083E1	9.953422166E0
3.024000000E1	1.309294127E1	9.852141632E0
3.028000000E1	1.342317063E1	9.933092186E0
3.032000000E1	1.382052563E1	1.016609043E1
3.036000000E1	1.432414031E1	1.037965652E1
3.040000000E1	1.475785910E1	1.055980866E1
3.044000000E1	1.580142041E1	1.101345440E1
3.048000000E1	1.579720554E1	1.101424945E1
3.052000000E1	1.643867889E1	1.125308028E1
3.056000000E1	1.728366494E1	1.161792664E1
3.060000000E1	1.845926539E1	1.207545769E1
3.064000000E1	1.982814147E1	1.264175633E1
3.068000000E1	2.132477821E1	1.324124572E1
3.072000000E1	2.293608469E1	1.385610263E1
3.076000000E1	2.458477224E1	1.444001132E1
3.080000000E1	2.608774161E1	1.490283404E1
3.084000000E1	2.751113478E1	1.538309043E1
3.088000000E1	2.887358208E1	1.581463300E1
3.092000000E1	3.009842994E1	1.614078786E1
3.096000000E1	3.127805977E1	1.644849499E1
3.100000000E1	3.248620561E1	1.674954326E1
3.104000000E1	3.368547934E1	1.703399983E1
3.108000000E1	3.495965964E1	1.734140823E1
3.112000000E1	3.635478920E1	1.770737603E1
3.116000000E1	3.768465873E1	1.803971937E1
3.120000000E1	3.893950010E1	1.833178811E1
3.124000000E1	4.009234975E1	1.862613587E1
3.128000000E1	4.114929194E1	1.886217510E1
3.132000000E1	4.201479991E1	1.906260854E1
3.136000000E1	4.275769147E1	1.925702773E1
3.140000000E1	4.325688848E1	1.945428668E1
3.144000000E1	4.350047684E1	1.954647251E1
3.148000000E1	4.349796992E1	1.954671029E1
3.152000000E1	4.317111537E1	1.937408324E1
3.156000000E1	4.261309748E1	1.927032677E1
3.160000000E1	4.174123253E1	1.903382484E1
3.164000000E1	4.065782929E1	1.875007871E1
3.168000000E1	3.918906592E1	1.821433053E1
3.172000000E1	3.746273718E1	1.758859456E1
3.176000000E1	3.559083376E1	1.699115093E1
3.180000000E1	3.350115911E1	1.627862177E1
3.184000000E1	3.123609107E1	1.550180140E1
3.188000000E1	2.875059214E1	1.455575443E1
3.192000000E1	2.611958198E1	1.364932715E1
3.196000000E1	2.345708921E1	1.278651099E1
3.200000000E1	2.105020645E1	1.216221528E1
3.204000000E1	1.887858892E1	1.169200312E1
3.208000000E1	1.713064553E1	1.131869077E1
3.212000000E1	1.577678946E1	1.103772944E1
3.216000000E1	1.471993378E1	1.076083165E1
3.220000000E1	1.431334459E1	1.082872402E1
3.224000000E1	1.384536179E1	1.058234054E1
3.228000000E1	1.371931614E1	1.040754614E1
3.232000000E1	1.367890015E1	1.018052918E1
3.236000000E1	1.384315923E1	9.981709742E0
3.240000000E1	1.384105385E1	9.703372819E0
3.244000000E1	1.397799949E1	9.709588150E0
3.248000000E1	1.400618182E1	9.677957575E0
3.252000000E1	1.415068184E1	9.827184752E0
3.256000000E1	1.416128751E1	9.817806376E0
3.260000000E1	1.444835432E1	9.982280211E0
3.264000000E1	1.508114254E1	1.022748478E1
3.268000000E1	1.579226123E1	1.042538862E1
3.272000000E1	1.698431889E1	1.086752033E1
3.276000000E1	1.836391674E1	1.139826516E1
3.280000000E1	1.985486752E1	1.203227726E1
3.284000000E1	2.374821638E1	1.381000217E1
3.288000000E1	2.372728310E1	1.382479574E1
3.292000000E1	2.576951160E1	1.475123053E1
3.296000000E1	2.771750710E1	1.551126975E1
3.300000000E1	2.967240727E1	1.624964410E1
3.304000000E1	3.145858702E1	1.682597997E1
3.308000000E1	3.311280260E1	1.725164231E1
3.312000000E1	3.472316647E1	1.758721928E1
3.316000000E1	3.618149490E1	1.760817662E1
3.320000000E1	3.757543660E1	1.762480091E1
3.324000000E1	3.890819366E1	1.781727719E1
3.328000000E1	4.008024345E1	1.795219149E1
3.332000000E1	4.117450703E1	1.819491602E1
3.336000000E1	4.205016892E1	1.835349686E1
3.340000000E1	4.275093142E1	1.851653298E1
3.344000000E1	4.325945028E1	1.863602184E1
3.348000000E1	4.339451370E1	1.875688298E1
3.352000000E1	4.323210282E1	1.876379364E1
3.356000000E1	4.279599069E1	1.865620167E1
3.360000000E1	4.200710475E1	1.839320243E1
3.364000000E1	4.084074417E1	1.784811230E1
3.368000000E1	3.920464249E1	1.714922922E1
3.372000000E1	3.736263150E1	1.642603294E1
3.376000000E1	3.544942872E1	1.586326785E1
3.380000000E1	3.354199687E1	1.534295630E1
3.384000000E1	3.161199985E1	1.485138834E1
3.388000000E1	2.951853399E1	1.424988719E1
3.392000000E1	2.733201727E1	1.366132780E1
3.396000000E1	2.525685555E1	1.309926299E1
3.400000000E1	2.326410507E1	1.259601795E1
3.404000000E1	2.125541063E1	1.208652443E1
3.408000000E1	1.935053004E1	1.153218726E1
3.412000000E1	1.770994376E1	1.108040315E1
3.416000000E1	1.642591154E1	1.066931307E1
3.420000000E1	1.537468786E1	1.037578103E1
3.424000000E1	1.460589134E1	1.011300123E1
3.428000000E1	1.411763757E1	9.875443648E0
3.432000000E1	1.401282007E1	9.664367999E0
3.436000000E1	1.416382867E1	9.662367802E0
3.440000000E1	1.432905031E1	9.638288250E0
3.444000000E1	1.478534412E1	9.768896906E0
3.448000000E1	1.476886192E1	9.797178398E0
3.452000000E1	1.502810939E1	9.861520707E0
3.456000000E1	1.564430271E1	1.012894086E1
3.460000000E1	1.667357404E1	1.058579370E1
3.464000000E1	1.787407095E1	1.102954135E1
3.468000000E1	1.934117043E1	1.165895197E1
3.472000000E1	2.103766737E1	1.231767329E1
3.476000000E1	2.282678630E1	1.307267655E1
3.480000000E1	2.470319854E1	1.386893965E1
3.484000000E1	2.819502885E1	1.532498104E1
3.488000000E1	2.818461813E1	1.533132992E1
3.492000000E1	2.979467067E1	1.594183282E1
3.496000000E1	3.116441242E1	1.638272888E1
3.500000000E1	3.252675431E1	1.679473301E1
3.504000000E1	3.378772520E1	1.716715446E1
3.508000000E1	3.507194781E1	1.740766387E1
3.512000000E1	3.641516446E1	1.769799032E1
3.516000000E1	3.777029130E1	1.798209406E1
3.520000000E1	3.906279216E1	1.818854910E1
3.524000000E1	4.029130918E1	1.844259161E1
3.528000000E1	4.144337977E1	1.876859604E1
3.532000000E1	4.246398277E1	1.905501258E1
3.536000000E1	4.325398523E1	1.919384560E1
3.540000000E1	4.380823054E1	1.932905060E1
3.544000000E1	4.399306180E1	1.932336430E1
3.548000000E1	4.396363078E1	1.936224595E1
3.552000000E1	4.363663308E1	1.933921023E1
3.556000000E1	4.300471041E1	1.905486828E1
3.560000000E1	4.202671760E1	1.877560097E1
3.564000000E1	4.067790147E1	1.819971140E1
3.568000000E1	3.898740388E1	1.762012272E1
3.572000000E1	3.709464773E1	1.698198534E1
3.576000000E1	3.490073150E1	1.627703353E1
3.580000000E1	3.235776581E1	1.541770344E1
3.584000000E1	2.949087825E1	1.443711636E1
3.588000000E1	2.656377091E1	1.352680792E1
3.592000000E1	2.370485537E1	1.274112409E1
3.596000000E1	2.096161478E1	1.206921762E1
3.600000000E1	1.846428600E1	1.152963558E1
3.604000000E1	1.647887557E1	1.118029754E1
3.608000000E1	1.485670870E1	1.075620426E1
3.612000000E1	1.369549876E1	1.029904232E1
3.616000000E1	1.327474842E1	1.024172711E1
3.620000000E1	1.268040587E1	9.658640037E0
3.624000000E1	1.281375222E1	9.672882853E0
3.628000000E1	1.264246763E1	9.111275626E0
3.632000000E1	1.295389271E1	9.088113876E0
3.636000000E1	1.311531773E1	8.905384653E0
3.640000000E1	1.296102072E1	8.487502266E0
3.644000000E1	1.310512933E1	8.493380702E0
3.648000000E1	1.315392379E1	8.425604426E0
3.652000000E1	1.309645321E1	8.492926009E0
3.656000000E1	1.310165556E1	8.489902712E0
3.660000000E1	1.299936660E1	8.436850425E0
3.664000000E1	1.293172368E1	8.404630489E0
3.668000000E1	1.296414602E1	8.331412962E0
3.672000000E1	1.294858610E1	8.210395450E0
3.676000000E1	1.298044776E1	8.159936854E0
3.680000000E1	1.294988708E1	8.059741983E0
3.684000000E1	1.297411493E1	8.018785890E0
3.688000000E1	1.294846148E1	7.924869648E0
3.692000000E1	1.388254573E1	8.868711890E0
