axel
t	x	y
0.000000000E0	7.134636475E0	2.803200015E1
4.000000000E-2	7.131642489E0	2.803206339E1
8.000000000E-2	7.726787406E0	2.790071337E1
1.200000000E-1	8.283966387E0	2.774379918E1
1.600000000E-1	8.764281846E0	2.760562085E1
2.000000000E-1	9.099473728E0	2.745163273E1
2.400000000E-1	9.282276570E0	2.723950896E1
2.800000000E-1	9.300741029E0	2.699047583E1
3.200000000E-1	9.213121838E0	2.677457074E1
3.600000000E-1	9.176020024E0	2.656450812E1
4.000000000E-1	9.147273848E0	2.650987205E1
4.400000000E-1	9.185074095E0	2.647790716E1
4.800000000E-1	9.208742074E0	2.650958724E1
5.200000000E-1	9.239936240E0	2.651847812E1
5.600000000E-1	9.323980844E0	2.652495357E1
6.000000000E-1	9.366790019E0	2.653212970E1
6.400000000E-1	9.394081844E0	2.654680784E1
6.800000000E-1	9.480582839E0	2.655870508E1
7.200000000E-1	9.644911497E0	2.660726858E1
7.600000000E-1	1.013709547E1	2.670593698E1
8.000000000E-1	1.011253507E1	2.669892943E1
8.400000000E-1	1.033927473E1	2.678682383E1
8.800000000E-1	1.052996393E1	2.673140303E1
9.200000000E-1	1.066764983E1	2.670508455E1
9.600000000E-1	1.064858575E1	2.669010770E1
1.000000000E0	1.052817595E1	2.666435518E1
1.040000000E0	1.040440443E1	2.661452234E1
1.080000000E0	1.037650566E1	2.655418671E1
1.120000000E0	1.036903447E1	2.654584579E1
1.160000000E0	1.038811056E1	2.652383642E1
1.200000000E0	1.039232089E1	2.654819476E1
1.240000000E0	1.039320228E1	2.655143783E1
1.280000000E0	1.039462817E1	2.649251783E1
1.320000000E0	1.039531976E1	2.650901107E1
1.360000000E0	1.039791637E1	2.649859492E1
1.400000000E0	1.039864634E1	2.652005596E1
1.440000000E0	1.040036387E1	2.653736311E1
1.480000000E0	1.040132061E1	2.654367403E1
1.520000000E0	1.040580976E1	2.656686051E1
1.560000000E0	1.039905082E1	2.654978201E1
1.600000000E0	1.039757235E1	2.655519500E1
1.640000000E0	1.039701977E1	2.656052792E1
1.680000000E0	1.040589764E1	2.658245345E1
1.720000000E0	1.042917955E1	2.661951797E1
1.760000000E0	1.042411688E1	2.664194669E1
1.800000000E0	1.042605992E1	2.670005583E1
1.840000000E0	1.048350844E1	2.671261089E1
1.880000000E0	1.054673190E1	2.672837233E1
1.920000000E0	1.057082600E1	2.677448558E1
1.960000000E0	1.058378413E1	2.684570945E1
2.000000000E0	1.060815591E1	2.690406961E1
2.040000000E0	1.066096023E1	2.699264519E1
2.080000000E0	1.073326826E1	2.702560704E1
2.120000000E0	1.083316940E1	2.703549984E1
2.160000000E0	1.106091493E1	2.710816347E1
2.200000000E0	1.133185220E1	2.730150765E1
2.240000000E0	1.187054133E1	2.757702596E1
2.280000000E0	1.259490404E1	2.790941198E1
2.320000000E0	1.336127965E1	2.841723596E1
2.360000000E0	1.420496861E1	2.894468839E1
2.400000000E0	1.511094860E1	2.945078056E1
2.440000000E0	1.593736895E1	2.994199761E1
2.480000000E0	1.665583340E1	3.040577127E1
2.520000000E0	1.733624604E1	3.081597378E1
2.560000000E0	1.797796405E1	3.116163800E1
2.600000000E0	1.850027677E1	3.142840920E1
2.640000000E0	1.890610790E1	3.158743088E1
2.680000000E0	1.904097070E1	3.169727348E1
2.720000000E0	1.887687385E1	3.174839692E1
2.760000000E0	1.854160717E1	3.185985203E1
2.800000000E0	1.812233898E1	3.198438358E1
2.840000000E0	1.761738440E1	3.194716456E1
2.880000000E0	1.707346705E1	3.177817233E1
2.920000000E0	1.647709749E1	3.162307937E1
2.960000000E0	1.581409602E1	3.145465567E1
3.000000000E0	1.523743615E1	3.126738628E1
3.040000000E0	1.462541812E1	3.108122319E1
3.080000000E0	1.409487421E1	3.088539164E1
3.120000000E0	1.366195604E1	3.074185557E1
3.160000000E0	1.337781244E1	3.056810856E1
3.200000000E0	1.335766084E1	3.044962880E1
3.240000000E0	1.337596801E1	3.039022632E1
3.280000000E0	1.350920303E1	3.031957023E1
3.320000000E0	1.364378340E1	3.025589582E1
3.360000000E0	1.364591514E1	3.021455000E1
3.400000000E0	1.365062166E1	3.024130816E1
3.440000000E0	1.352396653E1	3.022900892E1
3.480000000E0	1.348858920E1	3.015623460E1
3.520000000E0	1.337256618E1	3.005990007E1
3.560000000E0	1.330783654E1	2.985480219E1
3.600000000E0	1.308350664E1	2.960433553E1
3.640000000E0	1.273696281E1	2.929374564E1
3.680000000E0	1.230623970E1	2.904365429E1
3.720000000E0	1.186585096E1	2.874954235E1
3.760000000E0	1.136323695E1	2.842289656E1
3.800000000E0	1.083357346E1	2.811527001E1
3.840000000E0	1.039186837E1	2.786994933E1
3.880000000E0	1.008683852E1	2.766881984E1
3.920000000E0	9.995296650E0	2.750520873E1
3.960000000E0	1.004395144E1	2.731104415E1
4.000000000E0	1.010480360E1	2.716058967E1
4.040000000E0	1.020962835E1	2.705283901E1
4.080000000E0	1.029540736E1	2.698054286E1
4.120000000E0	1.026923508E1	2.688965123E1
4.160000000E0	1.023701345E1	2.685615946E1
4.200000000E0	1.021129604E1	2.684996297E1
4.240000000E0	1.019098583E1	2.684717035E1
4.280000000E0	1.022100704E1	2.685584975E1
4.320000000E0	1.024533611E1	2.691488454E1
4.360000000E0	1.039519336E1	2.702153164E1
4.400000000E0	1.068906859E1	2.708637330E1
4.440000000E0	1.102940992E1	2.729793904E1
4.480000000E0	1.157227149E1	2.760142112E1
4.520000000E0	1.227322766E1	2.808175241E1
4.560000000E0	1.314944403E1	2.858250637E1
4.600000000E0	1.407205088E1	2.911378274E1
4.640000000E0	1.499324192E1	2.963137889E1
4.680000000E0	1.586312397E1	3.013152167E1
4.720000000E0	1.669487470E1	3.057096728E1
4.760000000E0	1.745071761E1	3.099548094E1
4.800000000E0	1.807830331E1	3.129112300E1
4.840000000E0	1.851463841E1	3.145408784E1
4.880000000E0	1.867133900E1	3.145405656E1
4.920000000E0	1.852267332E1	3.134406105E1
4.960000000E0	1.813469148E1	3.128352293E1
5.000000000E0	1.766394693E1	3.129040645E1
5.040000000E0	1.720549799E1	3.127959560E1
5.080000000E0	1.672855088E1	3.122710551E1
5.120000000E0	1.618604312E1	3.113569827E1
5.160000000E0	1.567155394E1	3.098805326E1
5.200000000E0	1.517449640E1	3.083299999E1
5.240000000E0	1.468830043E1	3.067285490E1
5.280000000E0	1.428473393E1	3.042695796E1
5.320000000E0	1.386444984E1	3.022860380E1
5.360000000E0	1.362322955E1	3.008201375E1
5.400000000E0	1.350528268E1	2.998577860E1
5.440000000E0	1.350665351E1	2.995115879E1
5.480000000E0	1.360132539E1	2.997322778E1
5.520000000E0	1.364858961E1	2.996054922E1
5.560000000E0	1.363741799E1	2.991587583E1
5.600000000E0	1.351151680E1	2.976747408E1
5.640000000E0	1.321674217E1	2.950435191E1
5.680000000E0	1.276856826E1	2.916897835E1
5.720000000E0	1.230288663E1	2.880316723E1
5.760000000E0	1.180595138E1	2.845709822E1
5.800000000E0	1.137549765E1	2.815426061E1
5.840000000E0	1.111081466E1	2.786268349E1
5.880000000E0	1.086009204E1	2.764042137E1
5.920000000E0	1.080616804E1	2.744011995E1
5.960000000E0	1.086162052E1	2.730033112E1
6.000000000E0	1.095186561E1	2.723524804E1
6.040000000E0	1.100450532E1	2.715455253E1
6.080000000E0	1.107529427E1	2.713240454E1
6.120000000E0	1.107603391E1	2.701325060E1
6.160000000E0	1.103210141E1	2.699387593E1
6.200000000E0	1.099253471E1	2.691902892E1
6.240000000E0	1.098235130E1	2.684955631E1
6.280000000E0	1.097876656E1	2.684773058E1
6.320000000E0	1.097838924E1	2.684716690E1
6.360000000E0	1.098463825E1	2.684690649E1
6.400000000E0	1.098996013E1	2.693981809E1
6.440000000E0	1.099246512E1	2.689292691E1
6.480000000E0	1.112575413E1	2.699693620E1
6.520000000E0	1.129290750E1	2.713119759E1
6.560000000E0	1.158674810E1	2.727924897E1
6.600000000E0	1.202629327E1	2.757174270E1
6.640000000E0	1.253321326E1	2.795057284E1
6.680000000E0	1.313274047E1	2.834712396E1
6.720000000E0	1.389167675E1	2.880067650E1
6.760000000E0	1.475219176E1	2.923098407E1
6.800000000E0	1.556463780E1	2.968105593E1
6.840000000E0	1.640398455E1	3.012697822E1
6.880000000E0	1.721220780E1	3.055390256E1
6.920000000E0	1.794678682E1	3.088378030E1
6.960000000E0	1.855859164E1	3.114917219E1
7.000000000E0	1.896078057E1	3.128600768E1
7.040000000E0	1.913951544E1	3.133004267E1
7.080000000E0	1.911808620E1	3.133655944E1
7.120000000E0	1.883762243E1	3.130925455E1
7.160000000E0	1.794698264E1	3.130528453E1
7.200000000E0	1.795098365E1	3.129426907E1
7.240000000E0	1.742869374E1	3.129225257E1
7.280000000E0	1.689656954E1	3.125206850E1
7.320000000E0	1.641104712E1	3.114971731E1
7.360000000E0	1.586062986E1	3.106972515E1
7.400000000E0	1.528706328E1	3.085684042E1
7.440000000E0	1.473915097E1	3.066463953E1
7.480000000E0	1.424089174E1	3.053226193E1
7.520000000E0	1.392465482E1	3.043256172E1
7.560000000E0	1.378264097E1	3.038516137E1
7.600000000E0	1.379191571E1	3.038635685E1
7.640000000E0	1.390487574E1	3.037920040E1
7.680000000E0	1.397954139E1	3.031559206E1
7.720000000E0	1.400098127E1	3.012287923E1
7.760000000E0	1.385745438E1	2.990738792E1
7.800000000E0	1.363470567E1	2.963359271E1
7.840000000E0	1.324709450E1	2.926199280E1
7.880000000E0	1.276942926E1	2.887852512E1
7.920000000E0	1.220028059E1	2.854981027E1
7.960000000E0	1.176953420E1	2.828247829E1
8.000000000E0	1.141667692E1	2.804230740E1
8.040000000E0	1.114137622E1	2.783526539E1
8.080000000E0	1.098277665E1	2.761329230E1
8.120000000E0	1.095803368E1	2.748161566E1
8.160000000E0	1.099033999E1	2.731476232E1
8.200000000E0	1.098905743E1	2.733216641E1
8.240000000E0	1.100241417E1	2.731155825E1
8.280000000E0	1.100344171E1	2.727644417E1
8.320000000E0	1.099043002E1	2.719670017E1
8.360000000E0	1.098721877E1	2.715284599E1
8.400000000E0	1.100384291E1	2.715393997E1
8.440000000E0	1.113341214E1	2.727319123E1
8.480000000E0	1.129776155E1	2.738056301E1
8.520000000E0	1.158134381E1	2.757790561E1
8.560000000E0	1.190618158E1	2.780771870E1
8.600000000E0	1.235778810E1	2.805680415E1
8.640000000E0	1.350986636E1	2.870510914E1
8.680000000E0	1.351026481E1	2.875653750E1
8.720000000E0	1.423987938E1	2.909135164E1
8.760000000E0	1.504318359E1	2.946430859E1
8.800000000E0	1.578135806E1	2.990360917E1
8.840000000E0	1.644666516E1	3.033314992E1
8.880000000E0	1.710349017E1	3.076696732E1
8.920000000E0	1.770032986E1	3.108590324E1
8.960000000E0	1.826343840E1	3.135282383E1
9.000000000E0	1.863162211E1	3.142518791E1
9.040000000E0	1.883517495E1	3.146929401E1
9.080000000E0	1.887828900E1	3.148252293E1
9.120000000E0	1.875998195E1	3.148294080E1
9.160000000E0	1.853514652E1	3.144681734E1
9.200000000E0	1.822891318E1	3.147689890E1
9.240000000E0	1.792742895E1	3.146800801E1
9.280000000E0	1.753202216E1	3.145712583E1
9.320000000E0	1.707611235E1	3.141206495E1
9.360000000E0	1.663968638E1	3.134142842E1
9.400000000E0	1.617603847E1	3.119354707E1
9.440000000E0	1.575141661E1	3.109833412E1
9.480000000E0	1.529329903E1	3.100556869E1
9.520000000E0	1.484428084E1	3.086707861E1
9.560000000E0	1.446639684E1	3.069095234E1
9.600000000E0	1.413120571E1	3.055744906E1
9.640000000E0	1.394956967E1	3.044626170E1
9.680000000E0	1.379386075E1	3.039656778E1
9.720000000E0	1.364521033E1	3.029376290E1
9.760000000E0	1.352552561E1	3.018486894E1
9.800000000E0	1.350777791E1	3.009926758E1
9.840000000E0	1.348439157E1	2.993111397E1
9.880000000E0	1.338228355E1	2.975002326E1
9.920000000E0	1.323584369E1	2.951583182E1
9.960000000E0	1.301009510E1	2.914660805E1
1.000000000E1	1.261629895E1	2.876736820E1
1.004000000E1	1.216624187E1	2.839364164E1
1.008000000E1	1.172254914E1	2.804638688E1
1.012000000E1	1.132326679E1	2.780919495E1
1.016000000E1	1.097135150E1	2.757074093E1
1.020000000E1	1.068785425E1	2.744332937E1
1.024000000E1	1.056714895E1	2.738923466E1
1.028000000E1	1.053601474E1	2.727495153E1
1.032000000E1	1.054538496E1	2.716815008E1
1.036000000E1	1.056133445E1	2.714372774E1
1.040000000E1	1.055105535E1	2.713339901E1
1.044000000E1	1.054751622E1	2.713945505E1
1.048000000E1	1.054615044E1	2.714182819E1
1.052000000E1	1.055120559E1	2.719030209E1
1.056000000E1	1.054591417E1	2.714415934E1
1.060000000E1	1.056416357E1	2.721149322E1
1.064000000E1	1.069467299E1	2.727400808E1
1.068000000E1	1.090355683E1	2.738573777E1
1.072000000E1	1.120275108E1	2.760506815E1
1.076000000E1	1.160040238E1	2.784225032E1
1.080000000E1	1.215048374E1	2.817580022E1
1.084000000E1	1.278800930E1	2.856040511E1
1.088000000E1	1.351705643E1	2.899879230E1
1.092000000E1	1.432221169E1	2.941590428E1
1.096000000E1	1.513824175E1	2.980510454E1
1.100000000E1	1.593486847E1	3.025633332E1
1.104000000E1	1.724013166E1	3.099136576E1
1.108000000E1	1.722764926E1	3.099208012E1
1.112000000E1	1.774945272E1	3.119263893E1
1.116000000E1	1.814517385E1	3.130232728E1
1.120000000E1	1.838994554E1	3.135802764E1
1.124000000E1	1.852353521E1	3.140978158E1
1.128000000E1	1.853618695E1	3.144526446E1
1.132000000E1	1.837757108E1	3.142987374E1
1.136000000E1	1.809325310E1	3.142055861E1
1.140000000E1	1.775870138E1	3.138208902E1
1.144000000E1	1.734345115E1	3.135693413E1
1.148000000E1	1.688572303E1	3.130049409E1
1.152000000E1	1.636413787E1	3.126865953E1
1.156000000E1	1.540962096E1	3.111197763E1
1.160000000E1	1.542683588E1	3.113563928E1
1.164000000E1	1.500359875E1	3.100161858E1
1.168000000E1	1.462882215E1	3.084122151E1
1.172000000E1	1.429806242E1	3.075616477E1
1.176000000E1	1.399584571E1	3.063483038E1
1.180000000E1	1.382721400E1	3.059496745E1
1.184000000E1	1.377172831E1	3.053470899E1
1.188000000E1	1.378487619E1	3.042792482E1
1.192000000E1	1.379565761E1	3.031769802E1
1.196000000E1	1.374858190E1	3.013480245E1
1.200000000E1	1.354437090E1	2.991699780E1
1.204000000E1	1.321017732E1	2.966467172E1
1.208000000E1	1.232322798E1	2.913917625E1
1.212000000E1	1.231779848E1	2.908487141E1
1.216000000E1	1.187753867E1	2.889034698E1
1.220000000E1	1.142750059E1	2.865335553E1
1.224000000E1	1.106266826E1	2.848597936E1
1.228000000E1	1.083629686E1	2.842959087E1
1.232000000E1	1.068703983E1	2.831811043E1
1.236000000E1	1.061175565E1	2.816930892E1
1.240000000E1	1.055432702E1	2.803041966E1
1.244000000E1	1.055032140E1	2.801945337E1
1.248000000E1	1.055600233E1	2.788663398E1
1.252000000E1	1.055645901E1	2.787708705E1
1.256000000E1	1.054990234E1	2.776183479E1
1.260000000E1	1.053835427E1	2.774152984E1
1.264000000E1	1.053050652E1	2.773293271E1
1.268000000E1	1.055298106E1	2.774003545E1
1.272000000E1	1.070630463E1	2.783468603E1
1.276000000E1	1.098101371E1	2.788650591E1
1.280000000E1	1.130930011E1	2.804591786E1
1.284000000E1	1.182909138E1	2.832973796E1
1.288000000E1	1.245616575E1	2.866808220E1
1.292000000E1	1.312844983E1	2.902162693E1
1.296000000E1	1.468234479E1	2.979926329E1
1.300000000E1	1.469297364E1	2.979579922E1
1.304000000E1	1.553030596E1	3.020910639E1
1.308000000E1	1.634429772E1	3.061940781E1
1.312000000E1	1.702134065E1	3.088758407E1
1.316000000E1	1.765550918E1	3.112845557E1
1.320000000E1	1.823712430E1	3.130231316E1
1.324000000E1	1.867043467E1	3.142809315E1
1.328000000E1	1.894674812E1	3.145463725E1
1.332000000E1	1.909166301E1	3.149183311E1
1.336000000E1	1.900486243E1	3.143726168E1
1.340000000E1	1.874954010E1	3.140766840E1
1.344000000E1	1.839174984E1	3.130079948E1
1.348000000E1	1.789004408E1	3.126453490E1
1.352000000E1	1.746757355E1	3.116969946E1
1.356000000E1	1.698450906E1	3.113634613E1
1.360000000E1	1.639011618E1	3.105592107E1
1.364000000E1	1.588493463E1	3.097112401E1
1.368000000E1	1.544224650E1	3.088417581E1
1.372000000E1	1.464083389E1	3.072084673E1
1.376000000E1	1.466983086E1	3.070743286E1
1.380000000E1	1.436812065E1	3.064931260E1
1.384000000E1	1.411630517E1	3.056829856E1
1.388000000E1	1.396502520E1	3.048723676E1
1.392000000E1	1.383850382E1	3.040464921E1
1.396000000E1	1.376617703E1	3.029194503E1
1.400000000E1	1.373249280E1	3.024628626E1
1.404000000E1	1.376715358E1	3.020313289E1
1.408000000E1	1.377744992E1	3.014096937E1
1.412000000E1	1.366691762E1	2.998608366E1
1.416000000E1	1.348112384E1	2.978371187E1
1.420000000E1	1.309080041E1	2.951598317E1
1.424000000E1	1.263677102E1	2.929032334E1
1.428000000E1	1.217103409E1	2.902414108E1
1.432000000E1	1.171871371E1	2.887674464E1
1.436000000E1	1.140367915E1	2.869956519E1
1.440000000E1	1.110708521E1	2.852454473E1
1.444000000E1	1.086202980E1	2.832594796E1
1.448000000E1	1.068829501E1	2.818550666E1
1.452000000E1	1.065291945E1	2.802426720E1
1.456000000E1	1.066364586E1	2.790338518E1
1.460000000E1	1.065690585E1	2.785774488E1
1.464000000E1	1.068164517E1	2.786946573E1
1.468000000E1	1.071271517E1	2.788474641E1
1.472000000E1	1.082647058E1	2.787711218E1
1.476000000E1	1.092420700E1	2.791489707E1
1.480000000E1	1.112114801E1	2.804837438E1
1.484000000E1	1.137270802E1	2.814602657E1
1.488000000E1	1.173833933E1	2.822921081E1
1.492000000E1	1.224044312E1	2.846341326E1
1.496000000E1	1.281072717E1	2.879275793E1
1.500000000E1	1.349877689E1	2.912341767E1
1.504000000E1	1.428305771E1	2.946084898E1
1.508000000E1	1.589875232E1	3.022930345E1
1.512000000E1	1.588457543E1	3.023767749E1
1.516000000E1	1.659479800E1	3.056820662E1
1.520000000E1	1.728454484E1	3.085384919E1
1.524000000E1	1.785267553E1	3.109923802E1
1.528000000E1	1.834409153E1	3.128499451E1
1.532000000E1	1.870370786E1	3.138610670E1
1.536000000E1	1.885582904E1	3.142697253E1
1.540000000E1	1.886945183E1	3.144056918E1
1.544000000E1	1.876646656E1	3.143675865E1
1.548000000E1	1.849791213E1	3.139046096E1
1.552000000E1	1.821013027E1	3.131927453E1
1.556000000E1	1.780781358E1	3.133112126E1
1.560000000E1	1.738316496E1	3.130384120E1
1.564000000E1	1.690932546E1	3.127278443E1
1.568000000E1	1.645498728E1	3.117561228E1
1.572000000E1	1.597711589E1	3.102717627E1
1.576000000E1	1.555074932E1	3.090247172E1
1.580000000E1	1.515531824E1	3.080694880E1
1.584000000E1	1.481826996E1	3.072957052E1
1.588000000E1	1.452762413E1	3.064960871E1
1.592000000E1	1.434803559E1	3.056386629E1
1.596000000E1	1.419722870E1	3.048934739E1
1.600000000E1	1.411850845E1	3.048301580E1
1.604000000E1	1.409652078E1	3.048543138E1
1.608000000E1	1.408430414E1	3.047754830E1
1.612000000E1	1.407211465E1	3.041881070E1
1.616000000E1	1.392148601E1	3.018241086E1
1.620000000E1	1.393550214E1	3.022365183E1
1.624000000E1	1.371543258E1	3.008553241E1
1.628000000E1	1.338074563E1	2.986144660E1
1.632000000E1	1.303696582E1	2.966819537E1
1.636000000E1	1.261087144E1	2.950242651E1
1.640000000E1	1.217821440E1	2.934036143E1
1.644000000E1	1.176350394E1	2.909983986E1
1.648000000E1	1.135958828E1	2.893353770E1
1.652000000E1	1.111498094E1	2.868166475E1
1.656000000E1	1.087651624E1	2.844643213E1
1.660000000E1	1.081302953E1	2.826628631E1
1.664000000E1	1.086360823E1	2.802691366E1
1.668000000E1	1.085316425E1	2.800736238E1
1.672000000E1	1.085254254E1	2.804645429E1
1.676000000E1	1.092162085E1	2.798424850E1
1.680000000E1	1.097819810E1	2.801584216E1
1.684000000E1	1.098235848E1	2.802565793E1
1.688000000E1	1.097632186E1	2.811916368E1
1.692000000E1	1.101562223E1	2.804315160E1
1.696000000E1	1.124759115E1	2.817557150E1
1.700000000E1	1.158026148E1	2.832348995E1
1.704000000E1	1.204171470E1	2.857299185E1
1.708000000E1	1.273572831E1	2.891521862E1
1.712000000E1	1.359204172E1	2.932378785E1
1.716000000E1	1.457134256E1	2.973799846E1
1.720000000E1	1.550388520E1	3.015652902E1
1.724000000E1	1.640876946E1	3.058529232E1
1.728000000E1	1.724439530E1	3.097991103E1
1.732000000E1	1.797528034E1	3.138534313E1
1.736000000E1	1.856586889E1	3.165844425E1
1.740000000E1	1.895883025E1	3.175094795E1
1.744000000E1	1.913857636E1	3.176340889E1
1.748000000E1	1.909447193E1	3.173581796E1
1.752000000E1	1.887702463E1	3.170191104E1
1.756000000E1	1.856766721E1	3.160849791E1
1.760000000E1	1.812253756E1	3.155170810E1
1.764000000E1	1.767437283E1	3.147412320E1
1.768000000E1	1.676167931E1	3.131091900E1
1.772000000E1	1.676893402E1	3.129962178E1
1.776000000E1	1.633521963E1	3.120437462E1
1.780000000E1	1.579323037E1	3.111592263E1
1.784000000E1	1.533031943E1	3.100169096E1
1.788000000E1	1.489479829E1	3.085520616E1
1.792000000E1	1.450395769E1	3.072534501E1
1.796000000E1	1.425152568E1	3.056577269E1
1.800000000E1	1.397408032E1	3.041629540E1
1.804000000E1	1.378242721E1	3.025645488E1
1.808000000E1	1.375764276E1	3.018345533E1
1.812000000E1	1.378068063E1	3.015511598E1
1.816000000E1	1.372149609E1	3.009654926E1
1.820000000E1	1.365657104E1	2.999661659E1
1.824000000E1	1.352737248E1	2.992797606E1
1.828000000E1	1.335373947E1	2.968733088E1
1.832000000E1	1.304901395E1	2.937102666E1
1.836000000E1	1.257928286E1	2.902769235E1
1.840000000E1	1.201770253E1	2.865944606E1
1.844000000E1	1.153420485E1	2.844362075E1
1.848000000E1	1.114454255E1	2.834818166E1
1.852000000E1	1.089492499E1	2.825864710E1
1.856000000E1	1.067492321E1	2.811990673E1
1.860000000E1	1.068507003E1	2.812193024E1
1.864000000E1	1.071338418E1	2.813170768E1
1.868000000E1	1.072372618E1	2.808912009E1
1.872000000E1	1.070371665E1	2.802767704E1
1.876000000E1	1.070865717E1	2.802776757E1
1.880000000E1	1.071724968E1	2.802738154E1
1.884000000E1	1.077597119E1	2.804529811E1
1.888000000E1	1.090236534E1	2.811945814E1
1.892000000E1	1.112483025E1	2.817789287E1
1.896000000E1	1.148440156E1	2.844038374E1
1.900000000E1	1.202836347E1	2.872276044E1
1.904000000E1	1.270754871E1	2.910939942E1
1.908000000E1	1.353989084E1	2.952398077E1
1.912000000E1	1.439063508E1	2.995536602E1
1.916000000E1	1.529382392E1	3.033710122E1
1.920000000E1	1.617784813E1	3.079094930E1
1.924000000E1	1.692027502E1	3.121097150E1
1.928000000E1	1.761768073E1	3.152268453E1
1.932000000E1	1.825622001E1	3.184577067E1
1.936000000E1	1.876310669E1	3.202288743E1
1.940000000E1	1.916886883E1	3.215036293E1
1.944000000E1	1.941217266E1	3.217416541E1
1.948000000E1	1.945392656E1	3.218054319E1
1.952000000E1	1.929958195E1	3.214296532E1
1.956000000E1	1.897606353E1	3.216512180E1
1.960000000E1	1.854724887E1	3.216968341E1
1.964000000E1	1.811006727E1	3.216301102E1
1.968000000E1	1.762252782E1	3.206076864E1
1.972000000E1	1.715103554E1	3.194668569E1
1.976000000E1	1.626329746E1	3.174187514E1
1.980000000E1	1.629774678E1	3.173716571E1
1.984000000E1	1.589146661E1	3.161034842E1
1.988000000E1	1.549498041E1	3.150957628E1
1.992000000E1	1.510129443E1	3.139447145E1
1.996000000E1	1.481027539E1	3.129419875E1
2.000000000E1	1.458592874E1	3.122464097E1
2.004000000E1	1.443583476E1	3.115609950E1
2.008000000E1	1.428226174E1	3.100910169E1
2.012000000E1	1.423451676E1	3.092059991E1
2.016000000E1	1.420105422E1	3.081458400E1
2.020000000E1	1.418957155E1	3.071788378E1
2.024000000E1	1.411555492E1	3.063725410E1
2.028000000E1	1.402595608E1	3.052837570E1
2.032000000E1	1.380112423E1	3.035577717E1
2.036000000E1	1.308861254E1	2.986660066E1
2.040000000E1	1.307383946E1	2.983243001E1
2.044000000E1	1.277342061E1	2.973774613E1
2.048000000E1	1.253126525E1	2.968733920E1
2.052000000E1	1.235141182E1	2.965061012E1
2.056000000E1	1.223012770E1	2.963501925E1
2.060000000E1	1.217868707E1	2.956169412E1
2.064000000E1	1.215762642E1	2.941305076E1
2.068000000E1	1.212517944E1	2.932824591E1
2.072000000E1	1.208070783E1	2.923755327E1
2.076000000E1	1.203657313E1	2.918148461E1
2.080000000E1	1.205513950E1	2.919862185E1
2.084000000E1	1.215960603E1	2.921352216E1
2.088000000E1	1.227044389E1	2.926543685E1
2.092000000E1	1.247295514E1	2.934578584E1
2.096000000E1	1.276420811E1	2.950461530E1
2.100000000E1	1.310569482E1	2.965175032E1
2.104000000E1	1.354804732E1	2.989662479E1
2.108000000E1	1.410207060E1	3.018937649E1
2.112000000E1	1.472823340E1	3.049535637E1
2.116000000E1	1.538043724E1	3.082070092E1
2.120000000E1	1.614947329E1	3.114199858E1
2.124000000E1	1.690359109E1	3.145223654E1
2.128000000E1	1.760184771E1	3.172922839E1
2.132000000E1	1.826584583E1	3.195289218E1
2.136000000E1	1.885645102E1	3.204560674E1
2.140000000E1	1.940461572E1	3.218774165E1
2.144000000E1	1.987224864E1	3.229818113E1
2.148000000E1	2.019028516E1	3.234698870E1
2.152000000E1	2.034214905E1	3.234976215E1
2.156000000E1	2.042057736E1	3.234691908E1
2.160000000E1	2.033908739E1	3.235811329E1
2.164000000E1	2.003558897E1	3.233805126E1
2.168000000E1	1.969244105E1	3.233440936E1
2.172000000E1	1.928313170E1	3.233502982E1
2.176000000E1	1.879742994E1	3.223945917E1
2.180000000E1	1.829458711E1	3.211255040E1
2.184000000E1	1.777229200E1	3.202531504E1
2.188000000E1	1.723091521E1	3.188406711E1
2.192000000E1	1.676060630E1	3.175346733E1
2.196000000E1	1.628756529E1	3.160076396E1
2.200000000E1	1.586807525E1	3.144923765E1
2.204000000E1	1.553483581E1	3.132423819E1
2.208000000E1	1.517661691E1	3.124271588E1
2.212000000E1	1.485686014E1	3.115420914E1
2.216000000E1	1.468074165E1	3.111832716E1
2.220000000E1	1.451146509E1	3.105206162E1
2.224000000E1	1.435755583E1	3.097510787E1
2.228000000E1	1.428143516E1	3.094416629E1
2.232000000E1	1.424275354E1	3.086890569E1
2.236000000E1	1.415430568E1	3.081571926E1
2.240000000E1	1.406153535E1	3.070221291E1
2.244000000E1	1.391263541E1	3.058858536E1
2.248000000E1	1.366578353E1	3.041420893E1
2.252000000E1	1.337923203E1	3.024248419E1
2.256000000E1	1.305395281E1	2.998067893E1
2.260000000E1	1.264197203E1	2.969028484E1
2.264000000E1	1.229581042E1	2.948662959E1
2.268000000E1	1.198881362E1	2.927650411E1
2.272000000E1	1.169792278E1	2.913404757E1
2.276000000E1	1.145527063E1	2.897660376E1
2.280000000E1	1.125690084E1	2.881369345E1
2.284000000E1	1.107306083E1	2.862327454E1
2.288000000E1	1.111362239E1	2.861676804E1
2.292000000E1	1.114212064E1	2.861243024E1
2.296000000E1	1.131218134E1	2.862315117E1
2.300000000E1	1.159075234E1	2.865782631E1
2.304000000E1	1.202565841E1	2.889001182E1
2.308000000E1	1.258136667E1	2.918268783E1
2.312000000E1	1.321512430E1	2.950626498E1
2.316000000E1	1.382712777E1	2.981403028E1
2.320000000E1	1.448958026E1	3.012085518E1
2.324000000E1	1.515986693E1	3.041027623E1
2.328000000E1	1.581755757E1	3.070696037E1
2.332000000E1	1.656594921E1	3.100596025E1
2.336000000E1	1.731023919E1	3.129238737E1
2.340000000E1	1.803113957E1	3.157473145E1
2.344000000E1	1.874746626E1	3.183360966E1
2.348000000E1	1.928985450E1	3.200334340E1
2.352000000E1	1.971128686E1	3.214561820E1
2.356000000E1	1.999719979E1	3.219727914E1
2.360000000E1	2.012898857E1	3.219448536E1
2.364000000E1	2.009689776E1	3.219040742E1
2.368000000E1	1.987656641E1	3.216261614E1
2.372000000E1	1.959977495E1	3.216203145E1
2.376000000E1	1.928723542E1	3.208592950E1
2.380000000E1	1.883962448E1	3.201210064E1
2.384000000E1	1.841224746E1	3.189899457E1
2.388000000E1	1.794719269E1	3.176160825E1
2.392000000E1	1.741363102E1	3.161445851E1
2.396000000E1	1.693796497E1	3.149136415E1
2.400000000E1	1.647636850E1	3.131427812E1
2.404000000E1	1.606442478E1	3.119394292E1
2.408000000E1	1.572177132E1	3.104663426E1
2.412000000E1	1.541096923E1	3.091745219E1
2.416000000E1	1.513509440E1	3.078240581E1
2.420000000E1	1.492893030E1	3.070524915E1
2.424000000E1	1.476752769E1	3.058746969E1
2.428000000E1	1.466079316E1	3.048722257E1
2.432000000E1	1.454487178E1	3.040197558E1
2.436000000E1	1.432383401E1	3.012598386E1
2.440000000E1	1.437127026E1	3.010977878E1
2.444000000E1	1.421250954E1	2.995247682E1
2.448000000E1	1.396680535E1	2.979360620E1
2.452000000E1	1.365904041E1	2.963369973E1
2.456000000E1	1.333333954E1	2.946900079E1
2.460000000E1	1.304614743E1	2.933603410E1
2.464000000E1	1.269440677E1	2.919373839E1
2.468000000E1	1.245727976E1	2.905669360E1
2.472000000E1	1.229559381E1	2.890698329E1
2.476000000E1	1.215011923E1	2.875889491E1
2.480000000E1	1.203931423E1	2.864276686E1
2.484000000E1	1.202210353E1	2.854567766E1
2.488000000E1	1.217903025E1	2.852201446E1
2.492000000E1	1.217518831E1	2.848286181E1
2.496000000E1	1.232738491E1	2.857809168E1
2.500000000E1	1.253468307E1	2.864094173E1
2.504000000E1	1.279408737E1	2.881197748E1
2.508000000E1	1.322245972E1	2.906654664E1
2.512000000E1	1.382460753E1	2.938682353E1
2.516000000E1	1.455153407E1	2.980784849E1
2.520000000E1	1.532708347E1	3.025814120E1
2.524000000E1	1.607743113E1	3.064223524E1
2.528000000E1	1.680981351E1	3.105255872E1
2.532000000E1	1.753247729E1	3.136212566E1
2.536000000E1	1.818614623E1	3.161896956E1
2.540000000E1	1.882240327E1	3.184491591E1
2.544000000E1	1.933836357E1	3.206132024E1
2.548000000E1	1.971127061E1	3.218764987E1
2.552000000E1	1.994037252E1	3.230806249E1
2.556000000E1	2.003813393E1	3.235811753E1
2.560000000E1	2.002946220E1	3.236395701E1
2.564000000E1	1.989786018E1	3.238658296E1
2.568000000E1	1.963767828E1	3.233309254E1
2.572000000E1	1.927815965E1	3.225265833E1
2.576000000E1	1.881637587E1	3.211048461E1
2.580000000E1	1.837601535E1	3.202199843E1
2.584000000E1	1.794012221E1	3.190488401E1
2.588000000E1	1.750662453E1	3.175262676E1
2.592000000E1	1.706306433E1	3.159479277E1
2.596000000E1	1.664189059E1	3.141458062E1
2.600000000E1	1.622404708E1	3.122004382E1
2.604000000E1	1.578534833E1	3.108692413E1
2.608000000E1	1.544259789E1	3.099341317E1
2.612000000E1	1.517049097E1	3.087239463E1
2.616000000E1	1.494611812E1	3.073790876E1
2.620000000E1	1.480986740E1	3.065742653E1
2.624000000E1	1.469761323E1	3.055027717E1
2.628000000E1	1.456725483E1	3.046417002E1
2.632000000E1	1.452300246E1	3.034180342E1
2.636000000E1	1.446040165E1	3.027060229E1
2.640000000E1	1.438814972E1	3.022280431E1
2.644000000E1	1.434916419E1	3.013843980E1
2.648000000E1	1.427885679E1	3.010024120E1
2.652000000E1	1.421283369E1	3.002708735E1
2.656000000E1	1.409083361E1	2.995155558E1
2.660000000E1	1.392551020E1	2.985547206E1
2.664000000E1	1.366470154E1	2.969818318E1
2.668000000E1	1.336924632E1	2.954287237E1
2.672000000E1	1.306402474E1	2.937807671E1
2.676000000E1	1.276149093E1	2.924814978E1
2.680000000E1	1.256678326E1	2.914986126E1
2.684000000E1	1.246593196E1	2.905891828E1
2.688000000E1	1.237207457E1	2.895340361E1
2.692000000E1	1.240436808E1	2.875665011E1
2.696000000E1	1.244835350E1	2.877012404E1
2.700000000E1	1.260361527E1	2.875171291E1
2.704000000E1	1.280247855E1	2.878667649E1
2.708000000E1	1.311769006E1	2.894636602E1
2.712000000E1	1.355646957E1	2.913675463E1
2.716000000E1	1.411163834E1	2.938908865E1
2.720000000E1	1.474726753E1	2.966941562E1
2.724000000E1	1.544668418E1	2.996457551E1
2.728000000E1	1.617931218E1	3.030137433E1
2.732000000E1	1.691415137E1	3.065721958E1
2.736000000E1	1.762660525E1	3.102742377E1
2.740000000E1	1.829270491E1	3.137118418E1
2.744000000E1	1.894571289E1	3.171039949E1
2.748000000E1	1.943760580E1	3.189150521E1
2.752000000E1	1.974055969E1	3.201337903E1
2.756000000E1	1.988335153E1	3.203609390E1
2.760000000E1	1.986710898E1	3.198169959E1
2.764000000E1	1.973250978E1	3.192323131E1
2.768000000E1	1.946114276E1	3.189437876E1
2.772000000E1	1.913889080E1	3.184806434E1
2.776000000E1	1.877786715E1	3.176150714E1
2.780000000E1	1.839477202E1	3.174172917E1
2.784000000E1	1.799662031E1	3.164508111E1
2.788000000E1	1.753986118E1	3.156534919E1
2.792000000E1	1.663293430E1	3.128110076E1
2.796000000E1	1.662100702E1	3.128398874E1
2.800000000E1	1.617270330E1	3.114772031E1
2.804000000E1	1.574589526E1	3.106012813E1
2.808000000E1	1.540362396E1	3.095152218E1
2.812000000E1	1.512556767E1	3.084608398E1
2.816000000E1	1.492388538E1	3.071965868E1
2.820000000E1	1.479910975E1	3.061561059E1
2.824000000E1	1.465622935E1	3.047227694E1
2.828000000E1	1.453208902E1	3.036898114E1
2.832000000E1	1.443438957E1	3.028177266E1
2.836000000E1	1.438335555E1	3.023109942E1
2.840000000E1	1.438360502E1	3.024761887E1
2.844000000E1	1.438695062E1	3.024156668E1
2.848000000E1	1.436145562E1	3.021813497E1
2.852000000E1	1.425758226E1	3.012513083E1
2.856000000E1	1.408310069E1	3.001324283E1
2.860000000E1	1.382519411E1	2.993786082E1
2.864000000E1	1.362285111E1	2.983862696E1
2.868000000E1	1.344521473E1	2.980244776E1
2.872000000E1	1.331532162E1	2.970987995E1
2.876000000E1	1.319481468E1	2.962879411E1
2.880000000E1	1.311721673E1	2.954263250E1
2.884000000E1	1.306904247E1	2.950978739E1
2.888000000E1	1.312057331E1	2.951588977E1
2.892000000E1	1.321468159E1	2.952225910E1
2.896000000E1	1.336769907E1	2.957905726E1
2.900000000E1	1.363082268E1	2.966476093E1
2.904000000E1	1.394145202E1	2.981540020E1
2.908000000E1	1.429755079E1	2.996576565E1
2.912000000E1	1.519653356E1	3.038800151E1
2.916000000E1	1.516026263E1	3.040566581E1
2.920000000E1	1.571597797E1	3.065782283E1
2.924000000E1	1.628635801E1	3.088703474E1
2.928000000E1	1.690124391E1	3.112494642E1
2.932000000E1	1.749727261E1	3.132495936E1
2.936000000E1	1.808705279E1	3.154180592E1
2.940000000E1	1.865631531E1	3.175313145E1
2.944000000E1	1.914062955E1	3.191057556E1
2.948000000E1	1.954246273E1	3.203686814E1
2.952000000E1	1.987503660E1	3.217069281E1
2.956000000E1	2.012979173E1	3.221894427E1
2.960000000E1	2.020995557E1	3.220158496E1
2.964000000E1	2.019139183E1	3.217294620E1
2.968000000E1	2.010632145E1	3.206390496E1
2.972000000E1	1.989537491E1	3.199742663E1
2.976000000E1	1.961609860E1	3.190691569E1
2.980000000E1	1.924259439E1	3.182946623E1
2.984000000E1	1.883891360E1	3.174999036E1
2.988000000E1	1.840892181E1	3.165364775E1
2.992000000E1	1.749749109E1	3.124813459E1
2.996000000E1	1.750198342E1	3.129428815E1
3.000000000E1	1.703373709E1	3.112835273E1
3.004000000E1	1.662554607E1	3.100354569E1
3.008000000E1	1.625911131E1	3.092888909E1
3.012000000E1	1.598286818E1	3.087724725E1
3.016000000E1	1.571408383E1	3.082104684E1
3.020000000E1	1.555400580E1	3.074783262E1
3.024000000E1	1.541797755E1	3.069066379E1
3.028000000E1	1.531177099E1	3.063474978E1
3.032000000E1	1.524667671E1	3.057832092E1
3.036000000E1	1.513937227E1	3.053485358E1
3.040000000E1	1.500499727E1	3.041603907E1
3.044000000E1	1.489588564E1	3.027670782E1
3.048000000E1	1.483418186E1	3.022778453E1
3.052000000E1	1.474563268E1	3.021959741E1
3.056000000E1	1.469950071E1	3.017559664E1
3.060000000E1	1.465926127E1	3.011297284E1
3.064000000E1	1.453851628E1	2.999632730E1
3.068000000E1	1.416028693E1	2.981000747E1
3.072000000E1	1.412044185E1	2.982216391E1
3.076000000E1	1.384790987E1	2.966642159E1
3.080000000E1	1.354666563E1	2.950763145E1
3.084000000E1	1.323949998E1	2.933698218E1
3.088000000E1	1.297069348E1	2.917750486E1
3.092000000E1	1.277780511E1	2.906212249E1
3.096000000E1	1.275036749E1	2.898262824E1
3.100000000E1	1.278206983E1	2.895309817E1
3.104000000E1	1.294978952E1	2.905463565E1
3.108000000E1	1.326315163E1	2.921042193E1
3.112000000E1	1.367926839E1	2.937542971E1
3.116000000E1	1.420766900E1	2.963047059E1
3.120000000E1	1.480115726E1	2.987908287E1
3.124000000E1	1.543281687E1	3.013121719E1
3.128000000E1	1.607572615E1	3.040959429E1
3.132000000E1	1.673159957E1	3.071025330E1
3.136000000E1	1.742528063E1	3.103610965E1
3.140000000E1	1.807555275E1	3.130847756E1
3.144000000E1	1.872762891E1	3.159481448E1
3.148000000E1	1.930839469E1	3.178777564E1
3.152000000E1	1.981582901E1	3.197706307E1
3.156000000E1	2.048344490E1	3.215065647E1
3.160000000E1	2.048102433E1	3.217771073E1
3.164000000E1	2.060107677E1	3.214876472E1
3.168000000E1	2.058932724E1	3.210430489E1
3.172000000E1	2.043747877E1	3.201109100E1
3.176000000E1	2.018874972E1	3.197069172E1
3.180000000E1	1.987331358E1	3.189081613E1
3.184000000E1	1.947001904E1	3.181374927E1
3.188000000E1	1.907633868E1	3.172086350E1
3.192000000E1	1.868729279E1	3.166614289E1
3.196000000E1	1.826054995E1	3.156947911E1
3.200000000E1	1.779772463E1	3.134318063E1
3.204000000E1	1.732743179E1	3.113839928E1
3.208000000E1	1.684556023E1	3.099810314E1
3.212000000E1	1.648083250E1	3.088957986E1
3.216000000E1	1.610399410E1	3.079150189E1
3.220000000E1	1.584089070E1	3.075698719E1
3.224000000E1	1.555304294E1	3.069130593E1
3.228000000E1	1.529853343E1	3.066123402E1
3.232000000E1	1.512465943E1	3.055679132E1
3.236000000E1	1.496303000E1	3.053311635E1
3.240000000E1	1.483987094E1	3.048402177E1
3.244000000E1	1.479845451E1	3.043781593E1
3.248000000E1	1.477738420E1	3.040337630E1
3.252000000E1	1.481727289E1	3.039410951E1
3.256000000E1	1.482901341E1	3.039083330E1
3.260000000E1	1.482942829E1	3.037561416E1
3.264000000E1	1.480734371E1	3.032805478E1
3.268000000E1	1.469566594E1	3.025429618E1
3.272000000E1	1.455654243E1	3.014833481E1
3.276000000E1	1.439701847E1	3.008481198E1
3.280000000E1	1.424372042E1	2.995925267E1
3.284000000E1	1.404190750E1	2.980336758E1
3.288000000E1	1.380649534E1	2.963551780E1
3.292000000E1	1.362336008E1	2.948408081E1
3.296000000E1	1.347453109E1	2.936426200E1
3.300000000E1	1.336572701E1	2.931556481E1
3.304000000E1	1.336818190E1	2.937825930E1
3.308000000E1	1.349350709E1	2.950667270E1
3.312000000E1	1.370235371E1	2.966659970E1
3.316000000E1	1.406025713E1	2.982301916E1
3.320000000E1	1.449302899E1	3.000681400E1
3.324000000E1	1.501698382E1	3.024168915E1
3.328000000E1	1.561480865E1	3.049440703E1
3.332000000E1	1.624417834E1	3.082044357E1
3.336000000E1	1.685856797E1	3.110194428E1
3.340000000E1	1.751226929E1	3.138646017E1
3.344000000E1	1.813396554E1	3.166956737E1
3.348000000E1	1.871865781E1	3.190927350E1
3.352000000E1	1.926086246E1	3.208505947E1
3.356000000E1	1.973852121E1	3.221766000E1
3.360000000E1	2.011418573E1	3.228471958E1
3.364000000E1	2.039270033E1	3.234837483E1
3.368000000E1	2.047510198E1	3.232750505E1
3.372000000E1	2.047367315E1	3.231950189E1
3.376000000E1	2.035205094E1	3.224753351E1
3.380000000E1	2.007518525E1	3.216157476E1
3.384000000E1	1.973555636E1	3.206491506E1
3.388000000E1	1.927604583E1	3.198760562E1
3.392000000E1	1.886459779E1	3.190769090E1
3.396000000E1	1.842846533E1	3.183026949E1
3.400000000E1	1.753959295E1	3.160893876E1
3.404000000E1	1.751797295E1	3.160088447E1
3.408000000E1	1.707526505E1	3.148391299E1
3.412000000E1	1.674349526E1	3.130752598E1
3.416000000E1	1.633947909E1	3.117608703E1
3.420000000E1	1.598210228E1	3.107601755E1
3.424000000E1	1.568865895E1	3.098117408E1
3.428000000E1	1.540059142E1	3.084876790E1
3.432000000E1	1.515030502E1	3.073488287E1
3.436000000E1	1.498363049E1	3.068670232E1
3.440000000E1	1.484458888E1	3.067916477E1
3.444000000E1	1.478595200E1	3.066686391E1
3.448000000E1	1.473249968E1	3.068793954E1
3.452000000E1	1.470795059E1	3.069426703E1
3.456000000E1	1.474254162E1	3.069796021E1
3.460000000E1	1.478468315E1	3.067964638E1
3.464000000E1	1.483738342E1	3.068710973E1
3.468000000E1	1.482948865E1	3.067379775E1
3.472000000E1	1.481755644E1	3.061652616E1
3.476000000E1	1.469288378E1	3.053419780E1
3.480000000E1	1.458098052E1	3.044054622E1
3.484000000E1	1.444931925E1	3.038446616E1
3.488000000E1	1.434616643E1	3.029727239E1
3.492000000E1	1.427498188E1	3.027026356E1
3.496000000E1	1.424391725E1	3.026488353E1
3.500000000E1	1.430760703E1	3.036084949E1
3.504000000E1	1.452113002E1	3.052878846E1
3.508000000E1	1.480418433E1	3.066825383E1
3.512000000E1	1.513080274E1	3.083986280E1
3.516000000E1	1.559776542E1	3.103414967E1
3.520000000E1	1.614437507E1	3.124449552E1
3.524000000E1	1.675098996E1	3.150451528E1
3.528000000E1	1.738996240E1	3.172930539E1
3.532000000E1	1.805919293E1	3.198172009E1
3.536000000E1	1.872283548E1	3.223283551E1
3.540000000E1	1.931892708E1	3.241051024E1
3.544000000E1	1.987436178E1	3.256591055E1
3.548000000E1	2.031798997E1	3.264417651E1
3.552000000E1	2.063570073E1	3.263946087E1
3.556000000E1	2.079624779E1	3.263456736E1
3.560000000E1	2.087337165E1	3.259170762E1
3.564000000E1	2.084975312E1	3.248367181E1
3.568000000E1	2.072346184E1	3.240712273E1
3.572000000E1	2.048494723E1	3.236209834E1
3.576000000E1	2.015961285E1	3.233123076E1
3.580000000E1	1.978187458E1	3.233685682E1
3.584000000E1	1.936840601E1	3.229846485E1
3.588000000E1	1.898598125E1	3.227354743E1
3.592000000E1	1.855708591E1	3.219033726E1
3.596000000E1	1.810068976E1	3.205259979E1
3.600000000E1	1.767170276E1	3.190987466E1
3.604000000E1	1.719991944E1	3.182290481E1
3.608000000E1	1.676834851E1	3.171661335E1
3.612000000E1	1.638419543E1	3.159999549E1
3.616000000E1	1.601916584E1	3.148053256E1
3.620000000E1	1.571787670E1	3.140633265E1
3.624000000E1	1.546006049E1	3.133704698E1
3.628000000E1	1.530417746E1	3.130082988E1
3.632000000E1	1.524958267E1	3.126578008E1
3.636000000E1	1.519135488E1	3.119786785E1
3.640000000E1	1.514602229E1	3.101247754E1
3.644000000E1	1.513249764E1	3.087019864E1
3.648000000E1	1.503849266E1	3.073414414E1
3.652000000E1	1.490734718E1	3.068115555E1
3.656000000E1	1.482891898E1	3.065217234E1
3.660000000E1	1.480125480E1	3.061948659E1
3.664000000E1	1.470264815E1	3.055260991E1
3.668000000E1	1.426548877E1	3.025615187E1
3.672000000E1	1.425966638E1	3.025192272E1
3.676000000E1	1.391164719E1	2.999280941E1
3.680000000E1	1.350756418E1	2.971491766E1
3.684000000E1	1.308667409E1	2.944889493E1
3.688000000E1	1.261891303E1	2.920107459E1
3.692000000E1	1.201458950E1	2.888793709E1
3.696000000E1	1.131551851E1	2.859740270E1
3.700000000E1	1.056770829E1	2.839759509E1
3.704000000E1	9.723943816E0	2.805423517E1
3.708000000E1	8.895584029E0	2.786196626E1
3.712000000E1	8.166652324E0	2.774611729E1
3.716000000E1	7.532096903E0	2.774491736E1
3.720000000E1	7.110046664E0	2.777467675E1
3.724000000E1	6.828075420E0	2.773425002E1
3.728000000E1	6.544806990E0	2.762104742E1
3.732000000E1	6.254817363E0	2.758121459E1
3.736000000E1	6.109460508E0	2.755269203E1
3.740000000E1	6.090970790E0	2.751434557E1
3.744000000E1	6.118724157E0	2.757041193E1
