axel
t	x	y
0.000000000E0	6.992883551E0	2.664144210E1
4.000000000E-2	6.994451414E0	2.662182169E1
8.000000000E-2	7.010924151E0	2.673737377E1
1.200000000E-1	7.132109734E0	2.677986608E1
1.600000000E-1	7.279552169E0	2.678784105E1
2.000000000E-1	7.452260441E0	2.683044625E1
2.400000000E-1	7.600796420E0	2.678413976E1
2.800000000E-1	7.750633324E0	2.676548904E1
3.200000000E-1	7.884794843E0	2.675151835E1
3.600000000E-1	7.915018099E0	2.676702242E1
4.000000000E-1	7.962455505E0	2.677826865E1
4.400000000E-1	8.031603153E0	2.675477470E1
4.800000000E-1	8.136462729E0	2.666703195E1
5.200000000E-1	8.248413910E0	2.650808468E1
5.600000000E-1	8.211939909E0	2.650589573E1
6.000000000E-1	8.195440489E0	2.645492099E1
6.400000000E-1	8.198686232E0	2.637492668E1
6.800000000E-1	8.205308073E0	2.625846047E1
7.200000000E-1	8.188516954E0	2.619157185E1
7.600000000E-1	8.176376510E0	2.618948884E1
8.000000000E-1	8.156836350E0	2.618967820E1
8.400000000E-1	8.174743971E0	2.619131891E1
8.800000000E-1	8.181246084E0	2.619205951E1
9.200000000E-1	8.171422047E0	2.618925078E1
9.600000000E-1	8.171574708E0	2.619010073E1
1.000000000E0	8.171714486E0	2.618805068E1
1.040000000E0	8.169129205E0	2.620915983E1
1.080000000E0	8.167275773E0	2.621298228E1
1.120000000E0	8.181928671E0	2.620971416E1
1.160000000E0	8.187117263E0	2.620937852E1
1.200000000E0	8.212501685E0	2.629474856E1
1.240000000E0	8.331615263E0	2.634313137E1
1.280000000E0	8.500956884E0	2.649176882E1
1.320000000E0	8.795090268E0	2.673785042E1
1.360000000E0	9.818922601E0	2.738947951E1
1.400000000E0	9.822083954E0	2.738354872E1
1.440000000E0	1.060022370E1	2.787187993E1
1.480000000E0	1.157499595E1	2.844748586E1
1.520000000E0	1.288799759E1	2.919505675E1
1.560000000E0	1.462402257E1	3.007913812E1
1.600000000E0	1.671031381E1	3.108021892E1
1.640000000E0	1.892830894E1	3.189417769E1
1.680000000E0	2.137945646E1	3.256384609E1
1.720000000E0	2.412502560E1	3.317534539E1
1.760000000E0	2.675266902E1	3.351399101E1
1.800000000E0	2.923470740E1	3.353868897E1
1.840000000E0	3.167877682E1	3.365088913E1
1.880000000E0	3.332570400E1	3.379981660E1
1.920000000E0	3.404246703E1	3.393875493E1
1.960000000E0	3.440063319E1	3.423139731E1
2.000000000E0	3.432656210E1	3.436843030E1
2.040000000E0	3.390470880E1	3.440549050E1
2.080000000E0	3.341802219E1	3.449133293E1
2.120000000E0	3.284540870E1	3.454259931E1
2.160000000E0	3.217533692E1	3.455295867E1
2.200000000E0	3.144016972E1	3.454056583E1
2.240000000E0	3.057232251E1	3.440505182E1
2.280000000E0	2.953983848E1	3.423856560E1
2.320000000E0	2.842689180E1	3.400577012E1
2.360000000E0	2.722375856E1	3.367488146E1
2.400000000E0	2.593821095E1	3.336770328E1
2.440000000E0	2.462024877E1	3.304107200E1
2.480000000E0	2.329095616E1	3.273780075E1
2.520000000E0	2.182534161E1	3.228134534E1
2.560000000E0	2.044423924E1	3.187405933E1
2.600000000E0	1.895710257E1	3.132186260E1
2.640000000E0	1.755631867E1	3.085149121E1
2.680000000E0	1.633799884E1	3.031164928E1
2.720000000E0	1.518843787E1	2.988697071E1
2.760000000E0	1.422628817E1	2.944591703E1
2.800000000E0	1.331507452E1	2.912904907E1
2.840000000E0	1.262258917E1	2.887570943E1
2.880000000E0	1.217924243E1	2.860074274E1
2.920000000E0	1.180694445E1	2.838154212E1
2.960000000E0	1.158406664E1	2.814286497E1
3.000000000E0	1.130712748E1	2.783146458E1
3.040000000E0	1.131767083E1	2.783876740E1
3.080000000E0	1.129729985E1	2.770117693E1
3.120000000E0	1.131907481E1	2.753501874E1
3.160000000E0	1.133267260E1	2.753587773E1
3.200000000E0	1.136871130E1	2.756107682E1
3.240000000E0	1.142060707E1	2.768415952E1
3.280000000E0	1.149282869E1	2.778996007E1
3.320000000E0	1.160058428E1	2.786296240E1
3.360000000E0	1.196810243E1	2.824270200E1
3.400000000E0	1.194268840E1	2.825612357E1
3.440000000E0	1.233204934E1	2.847453797E1
3.480000000E0	1.271011076E1	2.873817927E1
3.520000000E0	1.324666780E1	2.912097131E1
3.560000000E0	1.400899097E1	2.963046835E1
3.600000000E0	1.516026019E1	3.020907077E1
3.640000000E0	1.666494453E1	3.085077972E1
3.680000000E0	1.834603839E1	3.148773354E1
3.720000000E0	2.011869476E1	3.203515261E1
3.760000000E0	2.198567452E1	3.260595570E1
3.800000000E0	2.382196742E1	3.320249973E1
3.840000000E0	2.559894666E1	3.367667618E1
3.880000000E0	2.715110252E1	3.374739415E1
3.920000000E0	2.793220655E1	3.378469032E1
3.960000000E0	2.821551327E1	3.399062712E1
4.000000000E0	2.817261041E1	3.414876231E1
4.040000000E0	2.787805919E1	3.417188584E1
4.080000000E0	2.752954865E1	3.415786052E1
4.120000000E0	2.714578786E1	3.420378345E1
4.160000000E0	2.674478907E1	3.423017052E1
4.200000000E0	2.637806130E1	3.420699396E1
4.240000000E0	2.596701713E1	3.416367519E1
4.280000000E0	2.552657024E1	3.408526270E1
4.320000000E0	2.498742809E1	3.395421702E1
4.360000000E0	2.445045631E1	3.382456909E1
4.400000000E0	2.377019814E1	3.375998904E1
4.440000000E0	2.306517098E1	3.363013624E1
4.480000000E0	2.237349682E1	3.351586243E1
4.520000000E0	2.150105068E1	3.326495080E1
4.560000000E0	2.061341608E1	3.309957145E1
4.600000000E0	1.970641033E1	3.279429764E1
4.640000000E0	1.877663631E1	3.246864854E1
4.680000000E0	1.792598369E1	3.195259437E1
4.720000000E0	1.703024669E1	3.147777179E1
4.760000000E0	1.609082530E1	3.095260696E1
4.800000000E0	1.532545802E1	3.061982149E1
4.840000000E0	1.470961127E1	3.036415120E1
4.880000000E0	1.418148506E1	3.009739961E1
4.920000000E0	1.369678681E1	2.982582264E1
4.960000000E0	1.338672059E1	2.960369240E1
5.000000000E0	1.309062145E1	2.932675969E1
5.040000000E0	1.284445099E1	2.916506952E1
5.080000000E0	1.276229920E1	2.901704228E1
5.120000000E0	1.273065979E1	2.901167460E1
5.160000000E0	1.281167759E1	2.901930930E1
5.200000000E0	1.308667049E1	2.903727287E1
5.240000000E0	1.343764572E1	2.923067848E1
5.280000000E0	1.398426846E1	2.934696514E1
5.320000000E0	1.460136320E1	2.963833669E1
5.360000000E0	1.535812028E1	2.992392129E1
5.400000000E0	1.623594651E1	3.027801140E1
5.440000000E0	1.716403266E1	3.076357577E1
5.480000000E0	1.830128775E1	3.119730158E1
5.520000000E0	1.965522049E1	3.171782316E1
5.560000000E0	2.129356876E1	3.228838045E1
5.600000000E0	2.317685762E1	3.280776380E1
5.640000000E0	2.490409379E1	3.315051610E1
5.680000000E0	2.678131625E1	3.356123881E1
5.720000000E0	2.810879676E1	3.380833325E1
5.760000000E0	2.867781466E1	3.395517614E1
5.800000000E0	2.879274458E1	3.415284737E1
5.840000000E0	2.866193712E1	3.436371501E1
5.880000000E0	2.833451674E1	3.439578933E1
5.920000000E0	2.791859770E1	3.438774111E1
5.960000000E0	2.757824703E1	3.437684732E1
6.000000000E0	2.715381883E1	3.431114779E1
6.040000000E0	2.669449188E1	3.418492552E1
6.080000000E0	2.615621678E1	3.411410642E1
6.120000000E0	2.554915216E1	3.398052513E1
6.160000000E0	2.482051155E1	3.374078066E1
6.200000000E0	2.395994161E1	3.348460713E1
6.240000000E0	2.311018639E1	3.316964872E1
6.280000000E0	2.211210602E1	3.275471672E1
6.320000000E0	2.120773377E1	3.233326332E1
6.360000000E0	2.018527054E1	3.187554002E1
6.400000000E0	1.909709417E1	3.135770676E1
6.440000000E0	1.805719421E1	3.079123684E1
6.480000000E0	1.700826247E1	3.029080141E1
6.520000000E0	1.613579303E1	2.987918224E1
6.560000000E0	1.526783555E1	2.955559609E1
6.600000000E0	1.461248764E1	2.947647543E1
6.640000000E0	1.420720635E1	2.931861904E1
6.680000000E0	1.382651519E1	2.924892107E1
6.720000000E0	1.353706639E1	2.898073948E1
6.760000000E0	1.332973579E1	2.893632937E1
6.800000000E0	1.326107354E1	2.887900963E1
6.840000000E0	1.325352129E1	2.885976919E1
6.880000000E0	1.325042126E1	2.884932984E1
6.920000000E0	1.328591304E1	2.878708628E1
6.960000000E0	1.337863661E1	2.873594503E1
7.000000000E0	1.346967623E1	2.876896610E1
7.040000000E0	1.348785569E1	2.871112109E1
7.080000000E0	1.351860242E1	2.871548268E1
7.120000000E0	1.357740387E1	2.875380730E1
7.160000000E0	1.366249176E1	2.886463953E1
7.200000000E0	1.379290397E1	2.891777384E1
7.240000000E0	1.400973611E1	2.905901040E1
7.280000000E0	1.420720361E1	2.919720289E1
7.320000000E0	1.457615992E1	2.935415813E1
7.360000000E0	1.505428233E1	2.949894603E1
7.400000000E0	1.564441204E1	2.977429372E1
7.440000000E0	1.636103268E1	3.006749063E1
7.480000000E0	1.723870588E1	3.039116751E1
7.520000000E0	1.811156806E1	3.083483576E1
7.560000000E0	1.914730926E1	3.126873621E1
7.600000000E0	2.034048835E1	3.186859984E1
7.640000000E0	2.181366241E1	3.260341999E1
7.680000000E0	2.366608497E1	3.324003185E1
7.720000000E0	2.584392679E1	3.372862701E1
7.760000000E0	2.794689856E1	3.423048579E1
7.800000000E0	2.942621965E1	3.455268016E1
7.840000000E0	3.020654656E1	3.481727130E1
7.880000000E0	3.035020222E1	3.507709771E1
7.920000000E0	3.001785105E1	3.515841712E1
7.960000000E0	2.950600174E1	3.531692833E1
8.000000000E0	2.902973610E1	3.542986701E1
8.040000000E0	2.859784818E1	3.552238512E1
8.080000000E0	2.790697436E1	3.571726817E1
8.120000000E0	2.790423315E1	3.573550111E1
8.160000000E0	2.757958274E1	3.574264936E1
8.200000000E0	2.725173378E1	3.572682679E1
8.240000000E0	2.681692165E1	3.560060541E1
8.280000000E0	2.627810046E1	3.542824950E1
8.320000000E0	2.558478126E1	3.517259569E1
8.360000000E0	2.490099405E1	3.484572210E1
8.400000000E0	2.421077137E1	3.453038409E1
8.440000000E0	2.337954041E1	3.407928464E1
8.480000000E0	2.259754570E1	3.365209319E1
8.520000000E0	2.179694941E1	3.311554905E1
8.560000000E0	2.092583262E1	3.264345140E1
8.600000000E0	2.007503123E1	3.217585116E1
8.640000000E0	1.948519032E1	3.170569108E1
8.680000000E0	1.871718548E1	3.127187162E1
8.720000000E0	1.808643165E1	3.095874741E1
8.760000000E0	1.748083592E1	3.065751403E1
8.800000000E0	1.694139275E1	3.041220278E1
8.840000000E0	1.650032693E1	3.009158594E1
8.880000000E0	1.618994424E1	2.982537541E1
8.920000000E0	1.589879920E1	2.953577663E1
8.960000000E0	1.549100061E1	2.935485690E1
9.000000000E0	1.526763878E1	2.917021146E1
9.040000000E0	1.499813990E1	2.911277601E1
9.080000000E0	1.501144063E1	2.903605951E1
9.120000000E0	1.502166074E1	2.902098188E1
9.160000000E0	1.508819001E1	2.904980737E1
9.200000000E0	1.520931747E1	2.905958887E1
9.240000000E0	1.437244887E1	2.915720300E1
9.280000000E0	1.469254790E1	2.930876337E1
9.320000000E0	1.511038641E1	2.947182297E1
9.360000000E0	1.557627811E1	2.975618286E1
9.400000000E0	1.616377183E1	2.995177807E1
9.440000000E0	1.685419784E1	3.033440346E1
9.480000000E0	1.775501802E1	3.079141369E1
9.520000000E0	1.878067400E1	3.118396763E1
9.560000000E0	2.007210321E1	3.170617883E1
9.600000000E0	2.156158882E1	3.223392458E1
9.640000000E0	2.318134863E1	3.274420278E1
9.680000000E0	2.494609507E1	3.310974538E1
9.720000000E0	2.668671210E1	3.342779890E1
9.760000000E0	2.816296995E1	3.377625077E1
9.800000000E0	2.898691981E1	3.391173154E1
9.840000000E0	2.936057254E1	3.408065323E1
9.880000000E0	2.933191818E1	3.430642560E1
9.920000000E0	2.904353281E1	3.442464165E1
9.960000000E0	2.861119176E1	3.452823782E1
1.000000000E1	2.824956228E1	3.460241695E1
1.004000000E1	2.784442818E1	3.466217059E1
1.008000000E1	2.748893480E1	3.468682192E1
1.012000000E1	2.708924345E1	3.468428314E1
1.016000000E1	2.662885168E1	3.467539673E1
1.020000000E1	2.615640304E1	3.453701182E1
1.024000000E1	2.553197263E1	3.437610671E1
1.028000000E1	2.482419329E1	3.406946751E1
1.032000000E1	2.394418325E1	3.359377884E1
1.036000000E1	2.291321406E1	3.287403301E1
1.040000000E1	2.197274694E1	3.237406142E1
1.044000000E1	2.110615056E1	3.201800114E1
1.048000000E1	2.021132115E1	3.168840221E1
1.052000000E1	1.932735837E1	3.125084809E1
1.056000000E1	1.838640936E1	3.076114725E1
1.060000000E1	1.752274310E1	3.032268926E1
1.064000000E1	1.676046320E1	3.001354472E1
1.068000000E1	1.607709540E1	2.983347748E1
1.072000000E1	1.540522848E1	2.964152882E1
1.076000000E1	1.494393741E1	2.942366060E1
1.080000000E1	1.448623625E1	2.919642740E1
1.084000000E1	1.408418044E1	2.901252639E1
1.088000000E1	1.381324036E1	2.886414477E1
1.092000000E1	1.359556388E1	2.883707076E1
1.096000000E1	1.343500018E1	2.878019285E1
1.100000000E1	1.338513946E1	2.869882798E1
1.104000000E1	1.336230346E1	2.862484453E1
1.108000000E1	1.341518855E1	2.858019210E1
1.112000000E1	1.354410532E1	2.858297525E1
1.116000000E1	1.363288238E1	2.862947982E1
1.120000000E1	1.379823505E1	2.872776391E1
1.124000000E1	1.406007400E1	2.885313946E1
1.128000000E1	1.435350780E1	2.904636772E1
1.132000000E1	1.467422787E1	2.918353954E1
1.136000000E1	1.509755642E1	2.936295401E1
1.140000000E1	1.557867168E1	2.961769263E1
1.144000000E1	1.616908809E1	2.990383171E1
1.148000000E1	1.690566768E1	3.024182214E1
1.152000000E1	1.777981839E1	3.064574870E1
1.156000000E1	1.872286674E1	3.109605457E1
1.160000000E1	1.980749386E1	3.158868224E1
1.164000000E1	2.109609888E1	3.200076247E1
1.168000000E1	2.260103172E1	3.243045597E1
1.172000000E1	2.433298426E1	3.272032135E1
1.176000000E1	2.589552487E1	3.324671228E1
1.180000000E1	2.705360149E1	3.370277901E1
1.184000000E1	2.779984809E1	3.394729701E1
1.188000000E1	2.810134460E1	3.423087671E1
1.192000000E1	2.822085872E1	3.453818500E1
1.196000000E1	2.808981325E1	3.468656520E1
1.200000000E1	2.783137599E1	3.484582239E1
1.204000000E1	2.754023746E1	3.507842497E1
1.208000000E1	2.723905485E1	3.523596235E1
1.212000000E1	2.702914965E1	3.528125356E1
1.216000000E1	2.675112943E1	3.528037876E1
1.220000000E1	2.641036274E1	3.521362170E1
1.224000000E1	2.601931709E1	3.513390552E1
1.228000000E1	2.553644931E1	3.496958193E1
1.232000000E1	2.496009052E1	3.470419537E1
1.236000000E1	2.425601325E1	3.448873448E1
1.240000000E1	2.348664024E1	3.422608345E1
1.244000000E1	2.268685964E1	3.379772130E1
1.248000000E1	2.193101337E1	3.337422654E1
1.252000000E1	2.106588887E1	3.292448430E1
1.256000000E1	2.018009229E1	3.246381490E1
1.260000000E1	1.925368799E1	3.191035396E1
1.264000000E1	1.827368648E1	3.142114111E1
1.268000000E1	1.739010122E1	3.096561375E1
1.272000000E1	1.657158053E1	3.071704363E1
1.276000000E1	1.578291979E1	3.036970864E1
1.280000000E1	1.491391602E1	2.996081426E1
1.284000000E1	1.418249159E1	2.957330422E1
1.288000000E1	1.351660928E1	2.925400561E1
1.292000000E1	1.289971167E1	2.901219360E1
1.296000000E1	1.241463544E1	2.884321314E1
1.300000000E1	1.204041446E1	2.868720196E1
1.304000000E1	1.179538749E1	2.855471269E1
1.308000000E1	1.168930863E1	2.842301392E1
1.312000000E1	1.169365359E1	2.839679534E1
1.316000000E1	1.174731632E1	2.830681999E1
1.320000000E1	1.183896243E1	2.824576102E1
1.324000000E1	1.198694374E1	2.825384977E1
1.328000000E1	1.214247014E1	2.833024257E1
1.332000000E1	1.228531341E1	2.837471168E1
1.336000000E1	1.245387020E1	2.846494885E1
1.340000000E1	1.261523115E1	2.856520325E1
1.344000000E1	1.280583984E1	2.871902592E1
1.348000000E1	1.307043777E1	2.886683652E1
1.352000000E1	1.342280208E1	2.901855217E1
1.356000000E1	1.382759893E1	2.920643277E1
1.360000000E1	1.433645441E1	2.941483071E1
1.364000000E1	1.500630905E1	2.973994239E1
1.368000000E1	1.588479925E1	3.011174178E1
1.372000000E1	1.706475868E1	3.053227274E1
1.376000000E1	1.858290999E1	3.109076564E1
1.380000000E1	2.035189734E1	3.170165609E1
1.384000000E1	2.249196146E1	3.241215125E1
1.388000000E1	2.460320988E1	3.318242045E1
1.392000000E1	2.689544839E1	3.373715523E1
1.396000000E1	2.883018845E1	3.422409226E1
1.400000000E1	3.001179071E1	3.448809936E1
1.404000000E1	3.048618933E1	3.484002568E1
1.408000000E1	3.058627535E1	3.520596539E1
1.412000000E1	3.033763683E1	3.538612350E1
1.416000000E1	2.998188512E1	3.548877727E1
1.420000000E1	2.965040681E1	3.548364806E1
1.424000000E1	2.933480673E1	3.545738557E1
1.428000000E1	2.908860821E1	3.547797904E1
1.432000000E1	2.882356850E1	3.545201779E1
1.436000000E1	2.857742619E1	3.544321311E1
1.440000000E1	2.833087909E1	3.542236716E1
1.444000000E1	2.794253965E1	3.539291934E1
1.448000000E1	2.738898865E1	3.524032642E1
1.452000000E1	2.666807636E1	3.496935169E1
1.456000000E1	2.435862851E1	3.408082692E1
1.460000000E1	2.431715281E1	3.407937022E1
1.464000000E1	2.305877188E1	3.366895123E1
1.468000000E1	2.181173617E1	3.330593947E1
1.472000000E1	2.057582036E1	3.284140450E1
1.476000000E1	1.952382749E1	3.238785131E1
1.480000000E1	1.855082725E1	3.182462099E1
1.484000000E1	1.750340220E1	3.129538297E1
1.488000000E1	1.669421748E1	3.091507761E1
1.492000000E1	1.608353923E1	3.060221902E1
1.496000000E1	1.549761076E1	3.037870227E1
1.500000000E1	1.505114297E1	3.019574228E1
1.504000000E1	1.468798633E1	2.995055097E1
1.508000000E1	1.441592368E1	2.977594836E1
1.512000000E1	1.417625880E1	2.973327386E1
1.516000000E1	1.401006844E1	2.971667601E1
1.520000000E1	1.385511827E1	2.970180889E1
1.524000000E1	1.382282661E1	2.967888530E1
1.528000000E1	1.385231702E1	2.972055126E1
1.532000000E1	1.393341591E1	2.973365138E1
1.536000000E1	1.400862209E1	2.974436080E1
1.540000000E1	1.412685360E1	2.975161124E1
1.544000000E1	1.427711364E1	2.976938654E1
1.548000000E1	1.443856631E1	2.980829143E1
1.552000000E1	1.460501938E1	2.988111251E1
1.556000000E1	1.485968681E1	3.001211203E1
1.560000000E1	1.517737107E1	3.014964263E1
1.564000000E1	1.550700609E1	3.034676124E1
1.568000000E1	1.596599519E1	3.055542591E1
1.572000000E1	1.662374546E1	3.078505190E1
1.576000000E1	1.747424574E1	3.108931722E1
1.580000000E1	1.844808576E1	3.153144648E1
1.584000000E1	1.959507137E1	3.192444850E1
1.588000000E1	2.086317335E1	3.245023730E1
1.592000000E1	2.234753574E1	3.286779442E1
1.596000000E1	2.406219662E1	3.331932021E1
1.600000000E1	2.577368655E1	3.361700301E1
1.604000000E1	2.742536455E1	3.382979465E1
1.608000000E1	2.900256066E1	3.399297600E1
1.612000000E1	2.983920833E1	3.390912460E1
1.616000000E1	3.038034100E1	3.396687563E1
1.620000000E1	3.060192198E1	3.423069737E1
1.624000000E1	3.051840600E1	3.432340905E1
1.628000000E1	3.027504104E1	3.445123626E1
1.632000000E1	2.999314858E1	3.453668771E1
1.636000000E1	2.970909365E1	3.457804508E1
1.640000000E1	2.942435107E1	3.467256292E1
1.644000000E1	2.916574767E1	3.479785302E1
1.648000000E1	2.893506934E1	3.490065427E1
1.652000000E1	2.865307130E1	3.498840794E1
1.656000000E1	2.834876476E1	3.502985658E1
1.660000000E1	2.792259795E1	3.497931990E1
1.664000000E1	2.740953462E1	3.495740555E1
1.668000000E1	2.680870442E1	3.484460514E1
1.672000000E1	2.605677749E1	3.463924684E1
1.676000000E1	2.520007958E1	3.436447721E1
1.680000000E1	2.434539621E1	3.409516357E1
1.684000000E1	2.340278909E1	3.379111469E1
1.688000000E1	2.251629456E1	3.351487203E1
1.692000000E1	2.159130006E1	3.317777649E1
1.696000000E1	2.068221578E1	3.286733104E1
1.700000000E1	1.985804346E1	3.244379158E1
1.704000000E1	1.900825196E1	3.211188709E1
1.708000000E1	1.828116468E1	3.171243715E1
1.712000000E1	1.755780489E1	3.136716937E1
1.716000000E1	1.692812315E1	3.110013834E1
1.720000000E1	1.642902576E1	3.082634982E1
1.724000000E1	1.593160554E1	3.054345702E1
1.728000000E1	1.551998558E1	3.031809927E1
1.732000000E1	1.524867560E1	3.019388306E1
1.736000000E1	1.502777180E1	3.003838164E1
1.740000000E1	1.488800601E1	2.997847882E1
1.744000000E1	1.485086885E1	2.992918957E1
1.748000000E1	1.489780779E1	2.990184355E1
1.752000000E1	1.502192058E1	2.994366751E1
1.756000000E1	1.519635406E1	3.000511390E1
1.760000000E1	1.543458125E1	3.012289722E1
1.764000000E1	1.574658861E1	3.032810278E1
1.768000000E1	1.608902332E1	3.048811889E1
1.772000000E1	1.657848690E1	3.065895556E1
1.776000000E1	1.725865188E1	3.093968708E1
1.780000000E1	1.813007807E1	3.122707962E1
1.784000000E1	1.925184871E1	3.162637240E1
1.788000000E1	2.068786442E1	3.217874122E1
1.792000000E1	2.251367974E1	3.274273948E1
1.796000000E1	2.460320988E1	3.284698566E1
1.800000000E1	2.670159571E1	3.340372607E1
1.804000000E1	2.848150148E1	3.392206465E1
1.808000000E1	2.959055775E1	3.436972827E1
1.812000000E1	3.008002463E1	3.471735062E1
1.816000000E1	3.003750249E1	3.529412205E1
1.820000000E1	3.000375248E1	3.526338238E1
1.824000000E1	2.953292194E1	3.538762430E1
1.828000000E1	2.908565763E1	3.553191903E1
1.832000000E1	2.870015179E1	3.556344771E1
1.836000000E1	2.833157894E1	3.553539758E1
1.840000000E1	2.803482146E1	3.553479110E1
1.844000000E1	2.773849731E1	3.552508936E1
1.848000000E1	2.741778699E1	3.550142046E1
1.852000000E1	2.702427545E1	3.538116150E1
1.856000000E1	2.655145165E1	3.524901926E1
1.860000000E1	2.603228682E1	3.508160257E1
1.864000000E1	2.543009165E1	3.480009140E1
1.868000000E1	2.474643673E1	3.448615755E1
1.872000000E1	2.399821914E1	3.406147536E1
1.876000000E1	2.324877116E1	3.359525441E1
1.880000000E1	2.250149598E1	3.312872238E1
1.884000000E1	2.171633760E1	3.267428491E1
1.888000000E1	2.088569276E1	3.221226813E1
1.892000000E1	2.006787829E1	3.175198197E1
1.896000000E1	1.922788398E1	3.134882147E1
1.900000000E1	1.837726618E1	3.094497961E1
1.904000000E1	1.752614788E1	3.059550386E1
1.908000000E1	1.679395761E1	3.028543485E1
1.912000000E1	1.627582133E1	3.011715325E1
1.916000000E1	1.579043622E1	3.000230570E1
1.920000000E1	1.537109872E1	2.984323921E1
1.924000000E1	1.491745737E1	2.971684580E1
1.928000000E1	1.490527497E1	2.969996915E1
1.932000000E1	1.477028907E1	2.969726551E1
1.936000000E1	1.472669658E1	2.967054520E1
1.940000000E1	1.466447777E1	2.962423627E1
1.944000000E1	1.467622603E1	2.941766978E1
1.948000000E1	1.472624683E1	2.943845212E1
1.952000000E1	1.474878895E1	2.941183499E1
1.956000000E1	1.487683428E1	2.940740458E1
1.960000000E1	1.501090126E1	2.941721452E1
1.964000000E1	1.507876935E1	2.945556582E1
1.968000000E1	1.520723834E1	2.956792607E1
1.972000000E1	1.537681707E1	2.968933919E1
1.976000000E1	1.563967998E1	2.984891845E1
1.980000000E1	1.594402705E1	3.001240162E1
1.984000000E1	1.638439082E1	3.018750617E1
1.988000000E1	1.699341274E1	3.044621434E1
1.992000000E1	1.788679820E1	3.074411901E1
1.996000000E1	1.907095241E1	3.115461132E1
2.000000000E1	2.058252223E1	3.167196268E1
2.004000000E1	2.237367594E1	3.215096473E1
2.008000000E1	2.410005770E1	3.267926827E1
2.012000000E1	2.633121210E1	3.306230371E1
2.016000000E1	2.829865676E1	3.356111801E1
2.020000000E1	2.965015957E1	3.398394029E1
2.024000000E1	3.038564565E1	3.427480548E1
2.028000000E1	3.066176264E1	3.453086487E1
2.032000000E1	3.055710070E1	3.474642714E1
2.036000000E1	3.031570616E1	3.493868510E1
2.040000000E1	2.995101017E1	3.508113551E1
2.044000000E1	2.962580574E1	3.521614712E1
2.048000000E1	2.930877618E1	3.532790463E1
2.052000000E1	2.903748652E1	3.535484184E1
2.056000000E1	2.875742007E1	3.536131999E1
2.060000000E1	2.844530197E1	3.536021592E1
2.064000000E1	2.812222235E1	3.535634056E1
2.068000000E1	2.770292543E1	3.531418506E1
2.072000000E1	2.713971215E1	3.522698265E1
2.076000000E1	2.650046171E1	3.506814775E1
2.080000000E1	2.575655714E1	3.479536489E1
2.084000000E1	2.501683071E1	3.448572166E1
2.088000000E1	2.422110698E1	3.403714303E1
2.092000000E1	2.335127023E1	3.361008099E1
2.096000000E1	2.255807932E1	3.326512164E1
2.100000000E1	2.173499694E1	3.295053878E1
2.104000000E1	2.093878312E1	3.267897946E1
2.108000000E1	2.015715487E1	3.234821494E1
2.112000000E1	1.931515479E1	3.208702093E1
2.116000000E1	1.852357349E1	3.180122196E1
2.120000000E1	1.786064023E1	3.157209485E1
2.124000000E1	1.729102127E1	3.139663564E1
2.128000000E1	1.670469172E1	3.107452684E1
2.132000000E1	1.618681624E1	3.084519278E1
2.136000000E1	1.573842420E1	3.072438536E1
2.140000000E1	1.529945808E1	3.054341396E1
2.144000000E1	1.497271324E1	3.045106702E1
2.148000000E1	1.466907586E1	3.030333337E1
2.152000000E1	1.439736001E1	3.018914758E1
2.156000000E1	1.419191987E1	3.008394384E1
2.160000000E1	1.409450991E1	2.999214341E1
2.164000000E1	1.405063033E1	2.989113792E1
2.168000000E1	1.407991823E1	2.983901639E1
2.172000000E1	1.417466270E1	2.982317556E1
2.176000000E1	1.436577343E1	2.983529531E1
2.180000000E1	1.455149666E1	2.986795581E1
2.184000000E1	1.483251057E1	2.999392419E1
2.188000000E1	1.512903551E1	3.013225908E1
2.192000000E1	1.539725060E1	3.026471113E1
2.196000000E1	1.564035821E1	3.036021822E1
2.200000000E1	1.587732695E1	3.042027606E1
2.204000000E1	1.608319354E1	3.046270039E1
2.208000000E1	1.631953149E1	3.048789099E1
2.212000000E1	1.660917118E1	3.060029959E1
2.216000000E1	1.695447444E1	3.075243947E1
2.220000000E1	1.749483951E1	3.087815213E1
2.224000000E1	1.824590772E1	3.116567273E1
2.228000000E1	1.920117697E1	3.162290275E1
2.232000000E1	2.042049122E1	3.208321036E1
2.236000000E1	2.180252211E1	3.259419772E1
2.240000000E1	2.335928821E1	3.314999703E1
2.244000000E1	2.520964773E1	3.372776225E1
2.248000000E1	2.728668818E1	3.385329002E1
2.252000000E1	2.921524075E1	3.431102104E1
2.256000000E1	3.044260304E1	3.475269107E1
2.260000000E1	3.112840425E1	3.519330664E1
2.264000000E1	3.149351338E1	3.562617258E1
2.268000000E1	3.141079402E1	3.588470604E1
2.272000000E1	3.107609296E1	3.596672459E1
2.276000000E1	3.067246678E1	3.608900747E1
2.280000000E1	3.028735737E1	3.620538933E1
2.284000000E1	2.995047867E1	3.623716786E1
2.288000000E1	2.954093336E1	3.623925164E1
2.292000000E1	2.914880308E1	3.623588534E1
2.296000000E1	2.868568335E1	3.622560013E1
2.300000000E1	2.829730696E1	3.611973520E1
2.304000000E1	2.785086798E1	3.595193238E1
2.308000000E1	2.730852188E1	3.592248348E1
2.312000000E1	2.679338514E1	3.579731178E1
2.316000000E1	2.614184943E1	3.560277735E1
2.320000000E1	2.548276839E1	3.532479879E1
2.324000000E1	2.481918854E1	3.501076848E1
2.328000000E1	2.406095048E1	3.463385719E1
2.332000000E1	2.335833344E1	3.417906621E1
2.336000000E1	2.263866432E1	3.373587549E1
2.340000000E1	2.189252406E1	3.318921171E1
2.344000000E1	2.104706412E1	3.270315107E1
2.348000000E1	2.012533350E1	3.211930959E1
2.352000000E1	1.926289530E1	3.171298087E1
2.356000000E1	1.843135433E1	3.141899351E1
2.360000000E1	1.763970038E1	3.115744646E1
2.364000000E1	1.693510999E1	3.087384095E1
2.368000000E1	1.639561785E1	3.060377206E1
2.372000000E1	1.594170999E1	3.032548852E1
2.376000000E1	1.564159580E1	3.012501253E1
2.380000000E1	1.546731273E1	2.999560879E1
2.384000000E1	1.532017766E1	2.989709007E1
2.388000000E1	1.530886051E1	2.983428840E1
2.392000000E1	1.543557329E1	2.982167993E1
2.396000000E1	1.566170765E1	2.987447189E1
2.400000000E1	1.607141464E1	3.000279953E1
2.404000000E1	1.657591502E1	3.021249209E1
2.408000000E1	1.730404521E1	3.050215225E1
2.412000000E1	1.821236841E1	3.083316846E1
2.416000000E1	1.930430735E1	3.119183933E1
2.420000000E1	2.069380508E1	3.165699289E1
2.424000000E1	2.233187832E1	3.219376357E1
2.428000000E1	2.429692846E1	3.285461142E1
2.432000000E1	2.664222033E1	3.352533299E1
2.436000000E1	2.883210616E1	3.424889255E1
2.440000000E1	3.050684843E1	3.489913427E1
2.444000000E1	3.146506198E1	3.531783009E1
2.448000000E1	3.194965185E1	3.574967192E1
2.452000000E1	3.206301153E1	3.605464561E1
2.456000000E1	3.184128039E1	3.612643006E1
2.460000000E1	3.146306186E1	3.622536750E1
2.464000000E1	3.104537199E1	3.627840715E1
2.468000000E1	3.060398213E1	3.634788634E1
2.472000000E1	3.023918266E1	3.635974122E1
2.476000000E1	2.985646620E1	3.637237667E1
2.480000000E1	2.943892936E1	3.637110209E1
2.484000000E1	2.896015910E1	3.636104897E1
2.488000000E1	2.842893999E1	3.617381185E1
2.492000000E1	2.784877407E1	3.596128750E1
2.496000000E1	2.715983394E1	3.564598752E1
2.500000000E1	2.647483820E1	3.524868907E1
2.504000000E1	2.575862926E1	3.473666428E1
2.508000000E1	2.488204499E1	3.429929397E1
2.512000000E1	2.401654776E1	3.380057349E1
2.516000000E1	2.311136367E1	3.327352612E1
2.520000000E1	2.220488645E1	3.277791796E1
2.524000000E1	2.135201018E1	3.232637804E1
2.528000000E1	2.042191243E1	3.195221679E1
2.532000000E1	1.952542275E1	3.153601905E1
2.536000000E1	1.871796731E1	3.106281408E1
2.540000000E1	1.802423478E1	3.071020457E1
2.544000000E1	1.743238275E1	3.041256387E1
2.548000000E1	1.688590295E1	3.024436239E1
2.552000000E1	1.639987851E1	3.012063790E1
2.556000000E1	1.613769323E1	2.993435347E1
2.560000000E1	1.583413978E1	2.976106194E1
2.564000000E1	1.547571080E1	2.950610958E1
2.568000000E1	1.548686734E1	2.952136469E1
2.572000000E1	1.552162588E1	2.952009181E1
2.576000000E1	1.566562178E1	2.955150720E1
2.580000000E1	1.594898350E1	2.966505280E1
2.584000000E1	1.639030524E1	2.982106733E1
2.588000000E1	1.698371507E1	3.005143757E1
2.592000000E1	1.773567607E1	3.035773740E1
2.596000000E1	1.874838224E1	3.076517954E1
2.600000000E1	2.004171323E1	3.126567487E1
2.604000000E1	2.142922844E1	3.177863364E1
2.608000000E1	2.308257054E1	3.235863139E1
2.612000000E1	2.500181811E1	3.297590266E1
2.616000000E1	2.700080346E1	3.348336000E1
2.620000000E1	2.885919724E1	3.391175996E1
2.624000000E1	3.126798402E1	3.468723282E1
2.628000000E1	3.129939066E1	3.473354937E1
2.632000000E1	3.175110588E1	3.517270619E1
2.636000000E1	3.187337726E1	3.551358197E1
2.640000000E1	3.162454190E1	3.565313440E1
2.644000000E1	3.118132011E1	3.579716310E1
2.648000000E1	3.074030788E1	3.595046607E1
2.652000000E1	3.033285616E1	3.602527637E1
2.656000000E1	2.997121871E1	3.608645613E1
2.660000000E1	2.964577457E1	3.609807479E1
2.664000000E1	2.924290416E1	3.609541563E1
2.668000000E1	2.889509121E1	3.608310051E1
2.672000000E1	2.842788127E1	3.596160656E1
2.676000000E1	2.791324855E1	3.581448327E1
2.680000000E1	2.731571425E1	3.564616678E1
2.684000000E1	2.665360760E1	3.540567839E1
2.688000000E1	2.528749186E1	3.462363722E1
2.692000000E1	2.532108289E1	3.460491675E1
2.696000000E1	2.450132061E1	3.403446464E1
2.700000000E1	2.357149011E1	3.343396919E1
2.704000000E1	2.265299687E1	3.281944400E1
2.708000000E1	2.180443161E1	3.216289288E1
2.712000000E1	2.060961054E1	3.145592535E1
2.716000000E1	1.944716487E1	3.074842247E1
2.720000000E1	1.836023601E1	3.012927749E1
2.724000000E1	1.715286327E1	2.955116339E1
2.728000000E1	1.600700500E1	2.922911623E1
2.732000000E1	1.523886040E1	2.899783620E1
2.736000000E1	1.459924304E1	2.874626486E1
2.740000000E1	1.414347994E1	2.866439770E1
2.744000000E1	1.387105978E1	2.857202934E1
2.748000000E1	1.377084193E1	2.848924040E1
2.752000000E1	1.370889026E1	2.838642713E1
2.756000000E1	1.371366917E1	2.831496055E1
2.760000000E1	1.373841131E1	2.829035281E1
2.764000000E1	1.383918064E1	2.829041053E1
2.768000000E1	1.397750355E1	2.833058513E1
2.772000000E1	1.415251733E1	2.833882567E1
2.776000000E1	1.430922032E1	2.843069557E1
2.780000000E1	1.456917453E1	2.849096905E1
2.784000000E1	1.488599051E1	2.854048126E1
2.788000000E1	1.524484706E1	2.865460399E1
2.792000000E1	1.565359642E1	2.879484595E1
2.796000000E1	1.613883702E1	2.898281748E1
2.800000000E1	1.671989331E1	2.918264695E1
2.804000000E1	1.744392878E1	2.948379756E1
2.808000000E1	1.836891788E1	2.987628791E1
2.812000000E1	1.950359554E1	3.041108098E1
2.816000000E1	2.103363784E1	3.115289682E1
2.820000000E1	2.286766317E1	3.192069881E1
2.824000000E1	2.477263967E1	3.277540629E1
2.828000000E1	2.670004369E1	3.362762651E1
2.832000000E1	2.848436687E1	3.418225760E1
2.836000000E1	2.991173929E1	3.458835631E1
2.840000000E1	3.075248928E1	3.504220181E1
2.844000000E1	3.102745417E1	3.545002157E1
2.848000000E1	3.098894570E1	3.573634904E1
2.852000000E1	3.070690585E1	3.582610282E1
2.856000000E1	3.024098609E1	3.592562417E1
2.860000000E1	2.982378615E1	3.597051045E1
2.864000000E1	2.939962417E1	3.603101155E1
2.868000000E1	2.898961775E1	3.607946520E1
2.872000000E1	2.851757662E1	3.608261330E1
2.876000000E1	2.802254295E1	3.597354410E1
2.880000000E1	2.748198966E1	3.579168370E1
2.884000000E1	2.684021073E1	3.551693928E1
2.888000000E1	2.620400308E1	3.520510240E1
2.892000000E1	2.546899466E1	3.489446680E1
2.896000000E1	2.476322296E1	3.454935519E1
2.900000000E1	2.407327644E1	3.402576284E1
2.904000000E1	2.321543856E1	3.360039434E1
2.908000000E1	2.251190399E1	3.316108982E1
2.912000000E1	2.185616265E1	3.252975014E1
2.916000000E1	2.105026974E1	3.192188463E1
2.920000000E1	2.023394554E1	3.130432401E1
2.924000000E1	1.936556551E1	3.076465765E1
2.928000000E1	1.858284713E1	3.040381975E1
2.932000000E1	1.798373213E1	3.013918286E1
2.936000000E1	1.742230418E1	2.989378520E1
2.940000000E1	1.681782565E1	2.970522413E1
2.944000000E1	1.634406131E1	2.951855824E1
2.948000000E1	1.593962304E1	2.938161474E1
2.952000000E1	1.575428572E1	2.925674090E1
2.956000000E1	1.539201468E1	2.920938156E1
2.960000000E1	1.537888310E1	2.907397203E1
2.964000000E1	1.521028002E1	2.904402439E1
2.968000000E1	1.521459496E1	2.905006854E1
2.972000000E1	1.535190031E1	2.906455273E1
2.976000000E1	1.561143076E1	2.908585751E1
2.980000000E1	1.588227076E1	2.932140006E1
2.984000000E1	1.661902077E1	2.953996397E1
2.988000000E1	1.752107861E1	2.985790794E1
2.992000000E1	1.862999783E1	3.025752098E1
2.996000000E1	1.997208245E1	3.075350381E1
3.000000000E1	2.134453393E1	3.136008959E1
3.004000000E1	2.296133893E1	3.206765986E1
3.008000000E1	2.473205616E1	3.276704162E1
3.012000000E1	2.641437641E1	3.335674983E1
3.016000000E1	2.790701487E1	3.381520311E1
3.020000000E1	2.931890674E1	3.415626355E1
3.024000000E1	3.028552604E1	3.458700705E1
3.028000000E1	3.074967411E1	3.487423097E1
3.032000000E1	3.085289692E1	3.517655535E1
3.036000000E1	3.069501145E1	3.542216922E1
3.040000000E1	3.045456599E1	3.556036753E1
3.044000000E1	3.009130892E1	3.566145556E1
3.048000000E1	2.969849306E1	3.579524718E1
3.052000000E1	2.932161273E1	3.586944308E1
3.056000000E1	2.893371849E1	3.589366180E1
3.060000000E1	2.849926020E1	3.591800792E1
3.064000000E1	2.795018240E1	3.581250926E1
3.068000000E1	2.734642181E1	3.561726301E1
3.072000000E1	2.667997600E1	3.534088007E1
3.076000000E1	2.591673695E1	3.492489540E1
3.080000000E1	2.429942372E1	3.387320527E1
3.084000000E1	2.429759083E1	3.386448109E1
3.088000000E1	2.340216821E1	3.325566727E1
3.092000000E1	2.239586513E1	3.259614856E1
3.096000000E1	2.127758925E1	3.204544431E1
3.100000000E1	2.027865759E1	3.147840987E1
3.104000000E1	1.933704905E1	3.099634446E1
3.108000000E1	1.836786783E1	3.056653781E1
3.112000000E1	1.760022724E1	3.028405309E1
3.116000000E1	1.661540217E1	2.979029889E1
3.120000000E1	1.664210418E1	2.981207668E1
3.124000000E1	1.610073466E1	2.964496177E1
3.128000000E1	1.587495803E1	2.950117418E1
3.132000000E1	1.595548781E1	2.938820138E1
3.136000000E1	1.614040903E1	2.925454076E1
3.140000000E1	1.623261742E1	2.923397987E1
3.144000000E1	1.691334313E1	2.950997269E1
3.148000000E1	1.696978051E1	2.951792324E1
3.152000000E1	1.755787093E1	2.979550209E1
3.156000000E1	1.845539084E1	3.012084079E1
3.160000000E1	1.940537317E1	3.055037905E1
3.164000000E1	2.053162421E1	3.100418613E1
3.168000000E1	2.178231714E1	3.147411695E1
3.172000000E1	2.314053229E1	3.192250613E1
3.176000000E1	2.445296032E1	3.249729851E1
3.180000000E1	2.582003054E1	3.297822396E1
3.184000000E1	2.724533170E1	3.367781913E1
3.188000000E1	2.876261299E1	3.432959934E1
3.192000000E1	3.004924587E1	3.478477003E1
3.196000000E1	3.079880392E1	3.503523767E1
3.200000000E1	3.109945575E1	3.529845955E1
3.204000000E1	3.113211401E1	3.546249956E1
3.208000000E1	3.091850298E1	3.549972156E1
3.212000000E1	3.058707087E1	3.550867587E1
3.216000000E1	3.019184394E1	3.552578486E1
3.220000000E1	2.981527825E1	3.548874792E1
3.224000000E1	2.951919146E1	3.547542922E1
3.228000000E1	2.924831380E1	3.548008287E1
3.232000000E1	2.900078675E1	3.539545432E1
3.236000000E1	2.863950392E1	3.534346304E1
3.240000000E1	2.832066790E1	3.533710958E1
3.244000000E1	2.791445118E1	3.523072194E1
3.248000000E1	2.742912796E1	3.511958288E1
3.252000000E1	2.684535758E1	3.485675384E1
3.256000000E1	2.613378391E1	3.445798169E1
3.260000000E1	2.542770614E1	3.399229506E1
3.264000000E1	2.467262603E1	3.354403647E1
3.268000000E1	2.378909574E1	3.297963887E1
3.272000000E1	2.291381909E1	3.238231106E1
3.276000000E1	2.112101901E1	3.143835504E1
3.280000000E1	2.113686483E1	3.146003230E1
3.284000000E1	2.038231811E1	3.116696931E1
3.288000000E1	1.991409858E1	3.089547588E1
3.292000000E1	1.943322111E1	3.059263493E1
3.296000000E1	1.739136196E1	3.033122476E1
3.300000000E1	1.708972350E1	3.025374901E1
3.304000000E1	1.701333745E1	3.021295931E1
3.308000000E1	1.707933836E1	3.027662142E1
3.312000000E1	1.708787675E1	3.032482472E1
3.316000000E1	1.750120571E1	3.038317511E1
3.320000000E1	1.751984800E1	3.033425370E1
3.324000000E1	1.778055647E1	3.032263345E1
3.328000000E1	1.804026878E1	3.032953743E1
3.332000000E1	1.838462855E1	3.033348178E1
3.336000000E1	1.877862849E1	3.045651935E1
3.340000000E1	1.928226290E1	3.062237383E1
3.344000000E1	1.987090581E1	3.074973210E1
3.348000000E1	2.072336861E1	3.097463855E1
3.352000000E1	2.172136908E1	3.138747258E1
3.356000000E1	2.443194437E1	3.246575407E1
3.360000000E1	2.442417465E1	3.245254403E1
3.364000000E1	2.628038382E1	3.368557263E1
3.368000000E1	2.788958984E1	3.428497779E1
3.372000000E1	2.933324418E1	3.467076844E1
3.376000000E1	3.033029302E1	3.493658928E1
3.380000000E1	3.075210935E1	3.516295453E1
3.384000000E1	3.089054676E1	3.546449897E1
3.388000000E1	3.063359195E1	3.559186729E1
3.392000000E1	3.017528578E1	3.561984397E1
3.396000000E1	2.974823678E1	3.566199123E1
3.400000000E1	2.937550775E1	3.570501856E1
3.404000000E1	2.898878345E1	3.576865433E1
3.408000000E1	2.863055566E1	3.577836773E1
3.412000000E1	2.824882628E1	3.578195355E1
3.416000000E1	2.785561286E1	3.577735747E1
3.420000000E1	2.747615265E1	3.575994609E1
3.424000000E1	2.703382735E1	3.569660883E1
3.428000000E1	2.644499718E1	3.547258086E1
3.432000000E1	2.590981232E1	3.521424079E1
3.436000000E1	2.541242697E1	3.493343517E1
3.440000000E1	2.480717296E1	3.459017453E1
3.444000000E1	2.418498241E1	3.419236085E1
3.448000000E1	2.344525566E1	3.385424106E1
3.452000000E1	2.282148414E1	3.368228624E1
3.456000000E1	2.209617928E1	3.349866425E1
3.460000000E1	2.139222917E1	3.312370615E1
3.464000000E1	2.063608769E1	3.265438749E1
3.468000000E1	1.969731230E1	3.219385373E1
3.472000000E1	1.870749733E1	3.174466978E1
3.476000000E1	1.776623911E1	3.129639605E1
3.480000000E1	1.674271534E1	3.083978820E1
3.484000000E1	1.564259798E1	3.025272619E1
3.488000000E1	1.442010506E1	2.965508434E1
3.492000000E1	1.332997448E1	2.920235409E1
3.496000000E1	1.235230361E1	2.891302643E1
3.500000000E1	1.158400878E1	2.863283418E1
3.504000000E1	1.099807188E1	2.843118837E1
3.508000000E1	1.062745984E1	2.833055382E1
3.512000000E1	1.046746927E1	2.826670400E1
3.516000000E1	1.031565896E1	2.822189690E1
3.520000000E1	1.016389802E1	2.815683592E1
3.524000000E1	1.015225852E1	2.815860341E1
3.528000000E1	1.008711562E1	2.820705566E1
3.532000000E1	1.015008966E1	2.818232028E1
3.536000000E1	1.014359705E1	2.813202456E1
3.540000000E1	1.002352093E1	2.800157820E1
