armbåge
t	x	y
0.000000000E0	6.298567258E0	1.007770761E1
4.000000000E-2	6.299242047E0	1.007775461E1
8.000000000E-2	7.640000216E0	9.916921658E0
1.200000000E-1	8.855046605E0	9.749745466E0
1.600000000E-1	9.841209863E0	9.619873422E0
2.000000000E-1	1.057776278E1	9.369697376E0
2.400000000E-1	1.102090593E1	9.050829497E0
2.800000000E-1	1.108195388E1	8.726981604E0
3.200000000E-1	1.097947366E1	8.408038430E0
3.600000000E-1	1.086469103E1	8.164919949E0
4.000000000E-1	1.073910071E1	8.010570880E0
4.400000000E-1	1.072671319E1	7.980328856E0
4.800000000E-1	1.074980525E1	7.975351481E0
5.200000000E-1	1.079541980E1	7.979187343E0
5.600000000E-1	1.086341540E1	7.989652917E0
6.000000000E-1	1.092641191E1	7.996629668E0
6.400000000E-1	1.115351343E1	8.048667409E0
6.800000000E-1	1.151484302E1	8.134905648E0
7.200000000E-1	1.205885193E1	8.253399423E0
7.600000000E-1	1.324431063E1	8.489726197E0
8.000000000E-1	1.325206878E1	8.465275403E0
8.400000000E-1	1.372367641E1	8.563508499E0
8.800000000E-1	1.405851344E1	8.598755209E0
9.200000000E-1	1.418315603E1	8.567309263E0
9.600000000E-1	1.410809912E1	8.502561820E0
1.000000000E0	1.400367348E1	8.432264249E0
1.040000000E0	1.396460972E1	8.419095620E0
1.080000000E0	1.398337561E1	8.429956007E0
1.120000000E0	1.402311907E1	8.424434512E0
1.160000000E0	1.411633193E1	8.424054614E0
1.200000000E0	1.412906701E1	8.433760994E0
1.240000000E0	1.413471007E1	8.435111003E0
1.280000000E0	1.412363011E1	8.411549098E0
1.320000000E0	1.411478715E1	8.372323287E0
1.360000000E0	1.414065330E1	8.303600938E0
1.400000000E0	1.414547894E1	8.300065305E0
1.440000000E0	1.414899558E1	8.299401874E0
1.480000000E0	1.415041068E1	8.298989326E0
1.520000000E0	1.415063829E1	8.304878969E0
1.560000000E0	1.415091013E1	8.306538245E0
1.600000000E0	1.414337379E1	8.308669195E0
1.640000000E0	1.413544148E1	8.309709927E0
1.680000000E0	1.414625392E1	8.322968408E0
1.720000000E0	1.415332582E1	8.354775225E0
1.760000000E0	1.415733874E1	8.396687206E0
1.800000000E0	1.415231826E1	8.446340592E0
1.840000000E0	1.415677644E1	8.458216512E0
1.880000000E0	1.416374222E1	8.475470372E0
1.920000000E0	1.415915846E1	8.529075023E0
1.960000000E0	1.415200544E1	8.600222260E0
2.000000000E0	1.414105456E1	8.650749498E0
2.040000000E0	1.416326403E1	8.711952614E0
2.080000000E0	1.416932997E1	8.759685896E0
2.120000000E0	1.428734779E1	8.829189410E0
2.160000000E0	1.458555367E1	9.008303770E0
2.200000000E0	1.536470478E1	9.327019657E0
2.240000000E0	1.668569609E1	9.833745858E0
2.280000000E0	1.842113535E1	1.057406529E1
2.320000000E0	2.038071212E1	1.146945079E1
2.360000000E0	2.245028692E1	1.251554469E1
2.400000000E0	2.461967044E1	1.364922646E1
2.440000000E0	2.670620067E1	1.480592193E1
2.480000000E0	2.856481050E1	1.585796207E1
2.520000000E0	3.027966706E1	1.685513604E1
2.560000000E0	3.169330765E1	1.760555847E1
2.600000000E0	3.279352639E1	1.818371185E1
2.640000000E0	3.355140411E1	1.849098449E1
2.680000000E0	3.377719777E1	1.862616063E1
2.720000000E0	3.354029522E1	1.872387781E1
2.760000000E0	3.311101544E1	1.881301994E1
2.800000000E0	3.235799161E1	1.868752645E1
2.840000000E0	3.135883150E1	1.836856832E1
2.880000000E0	3.021322635E1	1.789436906E1
2.920000000E0	2.885080014E1	1.734394109E1
2.960000000E0	2.744597562E1	1.681453226E1
3.000000000E0	2.602164407E1	1.617319462E1
3.040000000E0	2.473949438E1	1.566034322E1
3.080000000E0	2.363184838E1	1.525908563E1
3.120000000E0	2.288388047E1	1.497024263E1
3.160000000E0	2.256269294E1	1.480859566E1
3.200000000E0	2.258119481E1	1.467258565E1
3.240000000E0	2.275189178E1	1.457402731E1
3.280000000E0	2.294363305E1	1.451418545E1
3.320000000E0	2.308986135E1	1.450490157E1
3.360000000E0	2.301781367E1	1.444689231E1
3.400000000E0	2.303350863E1	1.439167656E1
3.440000000E0	2.288882620E1	1.434987913E1
3.480000000E0	2.263214246E1	1.422629479E1
3.520000000E0	2.229328305E1	1.397150013E1
3.560000000E0	2.172430042E1	1.355209597E1
3.600000000E0	2.083532460E1	1.294066220E1
3.640000000E0	1.974288075E1	1.232098881E1
3.680000000E0	1.848691427E1	1.169489869E1
3.720000000E0	1.713604679E1	1.110635898E1
3.760000000E0	1.580324210E1	1.053695137E1
3.800000000E0	1.459986114E1	1.003454410E1
3.840000000E0	1.369774909E1	9.625957637E0
3.880000000E0	1.322365018E1	9.318474943E0
3.920000000E0	1.308362282E1	9.053277412E0
3.960000000E0	1.311988358E1	8.826010270E0
4.000000000E0	1.326404230E1	8.718156398E0
4.040000000E0	1.342855758E1	8.600697668E0
4.080000000E0	1.360182612E1	8.488681884E0
4.120000000E0	1.368975240E1	8.438971292E0
4.160000000E0	1.369682635E1	8.441580159E0
4.200000000E0	1.367444651E1	8.443238986E0
4.240000000E0	1.364255432E1	8.449263668E0
4.280000000E0	1.366293373E1	8.476249040E0
4.320000000E0	1.369742718E1	8.556405738E0
4.360000000E0	1.389701693E1	8.629553858E0
4.400000000E0	1.443897610E1	8.866914803E0
4.440000000E0	1.547934870E1	9.289604681E0
4.480000000E0	1.696141333E1	9.970549751E0
4.520000000E0	1.878267488E1	1.084697439E1
4.560000000E0	2.092753139E1	1.200143193E1
4.600000000E0	2.314585188E1	1.320620221E1
4.640000000E0	2.539876658E1	1.448498732E1
4.680000000E0	2.746628699E1	1.568930199E1
4.720000000E0	2.931594824E1	1.674203118E1
4.760000000E0	3.084795386E1	1.764500106E1
4.800000000E0	3.200435122E1	1.818431437E1
4.840000000E0	3.256205133E1	1.843624136E1
4.880000000E0	3.266811224E1	1.838585657E1
4.920000000E0	3.235754796E1	1.819817057E1
4.960000000E0	3.168077453E1	1.791928505E1
5.000000000E0	3.087011897E1	1.780388375E1
5.040000000E0	2.991311235E1	1.749167263E1
5.080000000E0	2.883801468E1	1.713507803E1
5.120000000E0	2.767125259E1	1.672900507E1
5.160000000E0	2.649661139E1	1.626630906E1
5.200000000E0	2.527085317E1	1.577120590E1
5.240000000E0	2.421005939E1	1.523613149E1
5.280000000E0	2.317927360E1	1.468398758E1
5.320000000E0	2.245068278E1	1.428054020E1
5.360000000E0	2.200624515E1	1.396986935E1
5.400000000E0	2.185487067E1	1.380976824E1
5.440000000E0	2.188611814E1	1.378911224E1
5.480000000E0	2.200473679E1	1.381599335E1
5.520000000E0	2.198445985E1	1.378877126E1
5.560000000E0	2.172967654E1	1.361862813E1
5.600000000E0	2.111634140E1	1.319193800E1
5.640000000E0	2.018162973E1	1.261469063E1
5.680000000E0	1.903920152E1	1.195370104E1
5.720000000E0	1.770294008E1	1.127706520E1
5.760000000E0	1.641540333E1	1.065645339E1
5.800000000E0	1.535589521E1	1.015275288E1
5.840000000E0	1.459352920E1	9.746546929E0
5.880000000E0	1.414103330E1	9.456038699E0
5.920000000E0	1.398324823E1	9.197197814E0
5.960000000E0	1.401195214E1	9.027510601E0
6.000000000E0	1.413745642E1	8.880808861E0
6.040000000E0	1.428405742E1	8.756632965E0
6.080000000E0	1.440106660E1	8.722805642E0
6.120000000E0	1.438245538E1	8.645105964E0
6.160000000E0	1.441885557E1	8.596712932E0
6.200000000E0	1.440890583E1	8.573871654E0
6.240000000E0	1.434429884E1	8.480932251E0
6.280000000E0	1.431811215E1	8.461297481E0
6.320000000E0	1.430788027E1	8.453282531E0
6.360000000E0	1.430469488E1	8.451494414E0
6.400000000E0	1.430445570E1	8.453223998E0
6.440000000E0	1.430741387E1	8.482303457E0
6.480000000E0	1.444655236E1	8.568496459E0
6.520000000E0	1.483791610E1	8.759042645E0
6.560000000E0	1.563315859E1	9.067593895E0
6.600000000E0	1.683108127E1	9.640554674E0
6.640000000E0	1.838122777E1	1.043455968E1
6.680000000E0	2.025397677E1	1.134883147E1
6.720000000E0	2.225260068E1	1.243894128E1
6.760000000E0	2.429235214E1	1.346999894E1
6.800000000E0	2.621066900E1	1.453787026E1
6.840000000E0	2.807705794E1	1.559311795E1
6.880000000E0	2.974945991E1	1.645442218E1
6.920000000E0	3.110934692E1	1.707952243E1
6.960000000E0	3.213305263E1	1.757429980E1
7.000000000E0	3.269504914E1	1.778463498E1
7.040000000E0	3.286986949E1	1.778589195E1
7.080000000E0	3.264003210E1	1.765381898E1
7.120000000E0	3.210821249E1	1.760959302E1
7.160000000E0	3.035902433E1	1.717886522E1
7.200000000E0	3.032867009E1	1.717519799E1
7.240000000E0	2.927983638E1	1.690947998E1
7.280000000E0	2.822490199E1	1.668905684E1
7.320000000E0	2.720327701E1	1.627697028E1
7.360000000E0	2.592161066E1	1.584800725E1
7.400000000E0	2.463599502E1	1.544007904E1
7.440000000E0	2.356977790E1	1.509302327E1
7.480000000E0	2.275205424E1	1.482648323E1
7.520000000E0	2.219474306E1	1.465915319E1
7.560000000E0	2.197916884E1	1.463718643E1
7.600000000E0	2.200551527E1	1.464610031E1
7.640000000E0	2.211720179E1	1.464832913E1
7.680000000E0	2.202692218E1	1.442808015E1
7.720000000E0	2.180115851E1	1.410891386E1
7.760000000E0	2.128465879E1	1.362360119E1
7.800000000E0	2.049378330E1	1.303304055E1
7.840000000E0	1.938169474E1	1.229728910E1
7.880000000E0	1.817665953E1	1.164162321E1
7.920000000E0	1.697980393E1	1.111441877E1
7.960000000E0	1.593887830E1	1.062179432E1
8.000000000E0	1.505139902E1	1.021307367E1
8.040000000E0	1.445236953E1	9.891407953E0
8.080000000E0	1.403456977E1	9.619164747E0
8.120000000E0	1.385816281E1	9.393013845E0
8.160000000E0	1.389429341E1	9.196757538E0
8.200000000E0	1.388584523E1	9.193533358E0
8.240000000E0	1.391375147E1	9.175382793E0
8.280000000E0	1.389671093E1	9.154601192E0
8.320000000E0	1.386068394E1	9.094669777E0
8.360000000E0	1.385714939E1	9.057583615E0
8.400000000E0	1.388484345E1	9.055911767E0
8.440000000E0	1.411938476E1	9.200891469E0
8.480000000E0	1.447700538E1	9.380465466E0
8.520000000E0	1.517334935E1	9.673512792E0
8.560000000E0	1.615865402E1	1.013058646E1
8.600000000E0	1.745488064E1	1.066773245E1
8.640000000E0	2.067485428E1	1.217003936E1
8.680000000E0	2.067808546E1	1.216931009E1
8.720000000E0	2.249175614E1	1.301606847E1
8.760000000E0	2.430570097E1	1.398936333E1
8.800000000E0	2.615230396E1	1.491876187E1
8.840000000E0	2.782210461E1	1.586505689E1
8.880000000E0	2.936250549E1	1.675303124E1
8.920000000E0	3.075210307E1	1.744475376E1
8.960000000E0	3.173604448E1	1.780068055E1
9.000000000E0	3.239350288E1	1.798828194E1
9.040000000E0	3.273580976E1	1.807377674E1
9.080000000E0	3.279208435E1	1.813362525E1
9.120000000E0	3.264756937E1	1.808007480E1
9.160000000E0	3.223171965E1	1.797449668E1
9.200000000E0	3.166531283E1	1.792957382E1
9.240000000E0	3.098245083E1	1.778849984E1
9.280000000E0	3.021417648E1	1.756999195E1
9.320000000E0	2.931349407E1	1.729195486E1
9.360000000E0	2.838056914E1	1.702083879E1
9.400000000E0	2.745093336E1	1.672037547E1
9.440000000E0	2.645303090E1	1.633285639E1
9.480000000E0	2.544623819E1	1.596224290E1
9.520000000E0	2.445758221E1	1.558719116E1
9.560000000E0	2.366800914E1	1.522404525E1
9.600000000E0	2.306107546E1	1.498333104E1
9.640000000E0	2.260234872E1	1.480347526E1
9.680000000E0	2.215664146E1	1.462754103E1
9.720000000E0	2.185007479E1	1.450602810E1
9.760000000E0	2.171655369E1	1.438920325E1
9.800000000E0	2.171216696E1	1.423598748E1
9.840000000E0	2.155846293E1	1.395190498E1
9.880000000E0	2.125505119E1	1.361381771E1
9.920000000E0	2.063102558E1	1.304664206E1
9.960000000E0	1.968137723E1	1.229637177E1
1.000000000E1	1.858823154E1	1.157835945E1
1.004000000E1	1.743571009E1	1.092658606E1
1.008000000E1	1.631054326E1	1.037280710E1
1.012000000E1	1.535254678E1	9.897286658E0
1.016000000E1	1.456767910E1	9.585299436E0
1.020000000E1	1.398597733E1	9.346522360E0
1.024000000E1	1.368309429E1	9.189381429E0
1.028000000E1	1.355498570E1	9.056169475E0
1.032000000E1	1.352672359E1	8.956556531E0
1.036000000E1	1.355701570E1	8.877002858E0
1.040000000E1	1.358061396E1	8.821175972E0
1.044000000E1	1.360173072E1	8.866203549E0
1.048000000E1	1.362965555E1	8.880702299E0
1.052000000E1	1.358434422E1	8.916093297E0
1.056000000E1	1.357590256E1	8.907994506E0
1.060000000E1	1.369586509E1	9.015986879E0
1.064000000E1	1.400082202E1	9.181546316E0
1.068000000E1	1.459556628E1	9.444737232E0
1.072000000E1	1.550809993E1	9.826352153E0
1.076000000E1	1.680589506E1	1.037547995E1
1.080000000E1	1.838748440E1	1.113799163E1
1.084000000E1	2.023680822E1	1.201444317E1
1.088000000E1	2.222409309E1	1.299933580E1
1.092000000E1	2.422147014E1	1.406673184E1
1.096000000E1	2.615238791E1	1.510109383E1
1.100000000E1	2.793930582E1	1.609823627E1
1.104000000E1	3.071455359E1	1.769590758E1
1.108000000E1	3.073298650E1	1.763966906E1
1.112000000E1	3.174337714E1	1.811177574E1
1.116000000E1	3.248691971E1	1.839162248E1
1.120000000E1	3.292149338E1	1.849251480E1
1.124000000E1	3.312006902E1	1.852602059E1
1.128000000E1	3.297834951E1	1.839244064E1
1.132000000E1	3.256908471E1	1.822505330E1
1.136000000E1	3.195401739E1	1.799495615E1
1.140000000E1	3.120082458E1	1.776834358E1
1.144000000E1	3.031688244E1	1.751067173E1
1.148000000E1	2.939623514E1	1.727279960E1
1.152000000E1	2.836812950E1	1.702291364E1
1.156000000E1	2.629228105E1	1.636991897E1
1.160000000E1	2.630197679E1	1.633566590E1
1.164000000E1	2.535995332E1	1.598204056E1
1.168000000E1	2.452466500E1	1.564252224E1
1.172000000E1	2.380321167E1	1.535808236E1
1.176000000E1	2.328831825E1	1.516979818E1
1.180000000E1	2.304404674E1	1.508376271E1
1.184000000E1	2.288296763E1	1.500453911E1
1.188000000E1	2.279018925E1	1.489437188E1
1.192000000E1	2.256902302E1	1.469878161E1
1.196000000E1	2.215152235E1	1.433952109E1
1.200000000E1	2.141276225E1	1.381007064E1
1.204000000E1	2.041876302E1	1.321348296E1
1.208000000E1	1.805195669E1	1.212983557E1
1.212000000E1	1.802969370E1	1.213399208E1
1.216000000E1	1.682745424E1	1.168893042E1
1.220000000E1	1.575880709E1	1.132858366E1
1.224000000E1	1.489687153E1	1.098232648E1
1.228000000E1	1.428499077E1	1.072968748E1
1.232000000E1	1.388834019E1	1.050389678E1
1.236000000E1	1.369218869E1	1.027855787E1
1.240000000E1	1.367366786E1	1.010008681E1
1.244000000E1	1.371088353E1	9.955471648E0
1.248000000E1	1.383288535E1	9.918517131E0
1.252000000E1	1.384204246E1	9.805791142E0
1.256000000E1	1.386441002E1	9.750339071E0
1.260000000E1	1.385718378E1	9.684945407E0
1.264000000E1	1.386832619E1	9.635870019E0
1.268000000E1	1.399496262E1	9.674135451E0
1.272000000E1	1.429166619E1	9.778130773E0
1.276000000E1	1.485631145E1	1.000303306E1
1.280000000E1	1.587659263E1	1.039458576E1
1.284000000E1	1.724579890E1	1.099881367E1
1.288000000E1	1.888721704E1	1.174125559E1
1.292000000E1	2.082255490E1	1.268122507E1
1.296000000E1	2.472135531E1	1.469466148E1
1.300000000E1	2.471205043E1	1.467939711E1
1.304000000E1	2.663841483E1	1.570004596E1
1.308000000E1	2.838309032E1	1.661423927E1
1.312000000E1	2.991908071E1	1.735399571E1
1.316000000E1	3.123908671E1	1.795234120E1
1.320000000E1	3.231011144E1	1.837028623E1
1.324000000E1	3.304077886E1	1.852970702E1
1.328000000E1	3.339105598E1	1.855330166E1
1.332000000E1	3.341530321E1	1.838857301E1
1.336000000E1	3.313674788E1	1.820053365E1
1.340000000E1	3.256445202E1	1.793309966E1
1.344000000E1	3.180237536E1	1.767984428E1
1.348000000E1	3.092066323E1	1.740948240E1
1.352000000E1	2.997896593E1	1.702936092E1
1.356000000E1	2.893463723E1	1.671884040E1
1.360000000E1	2.787974710E1	1.640581359E1
1.364000000E1	2.685298338E1	1.607467569E1
1.368000000E1	2.586387709E1	1.574415906E1
1.372000000E1	2.426061687E1	1.529337265E1
1.376000000E1	2.425315926E1	1.527960670E1
1.380000000E1	2.361275647E1	1.508934900E1
1.384000000E1	2.304566056E1	1.485651294E1
1.388000000E1	2.266685085E1	1.460215065E1
1.392000000E1	2.231857888E1	1.440222662E1
1.396000000E1	2.214641305E1	1.429918715E1
1.400000000E1	2.211032024E1	1.421305435E1
1.404000000E1	2.201089224E1	1.411212116E1
1.408000000E1	2.182199080E1	1.395005907E1
1.412000000E1	2.138828201E1	1.362540556E1
1.416000000E1	2.066095809E1	1.316243194E1
1.420000000E1	1.975588061E1	1.269367200E1
1.424000000E1	1.862282783E1	1.216245244E1
1.428000000E1	1.751096550E1	1.177654760E1
1.432000000E1	1.648639184E1	1.139934681E1
1.436000000E1	1.555865303E1	1.097749975E1
1.440000000E1	1.478007397E1	1.064227730E1
1.444000000E1	1.417531275E1	1.032741057E1
1.448000000E1	1.374377429E1	1.006057907E1
1.452000000E1	1.354995158E1	9.883440813E0
1.456000000E1	1.342981665E1	9.699660931E0
1.460000000E1	1.341417945E1	9.550154861E0
1.464000000E1	1.351881767E1	9.501827512E0
1.468000000E1	1.360390253E1	9.488870300E0
1.472000000E1	1.372416916E1	9.590112019E0
1.476000000E1	1.387720793E1	9.667190960E0
1.480000000E1	1.428413522E1	9.819976952E0
1.484000000E1	1.501183946E1	1.007269952E1
1.488000000E1	1.609182329E1	1.046242836E1
1.492000000E1	1.745346304E1	1.105857087E1
1.496000000E1	1.907070096E1	1.184626839E1
1.500000000E1	2.092220779E1	1.276977018E1
1.504000000E1	2.286644635E1	1.369731115E1
1.508000000E1	2.674307006E1	1.561674431E1
1.512000000E1	2.675520629E1	1.558047760E1
1.516000000E1	2.849243173E1	1.644730710E1
1.520000000E1	3.002771510E1	1.715330689E1
1.524000000E1	3.127129210E1	1.768127512E1
1.528000000E1	3.227649684E1	1.802374247E1
1.532000000E1	3.283777201E1	1.816349041E1
1.536000000E1	3.303188926E1	1.811619965E1
1.540000000E1	3.298601723E1	1.803947007E1
1.544000000E1	3.267519497E1	1.790492902E1
1.548000000E1	3.212225944E1	1.762826197E1
1.552000000E1	3.147361299E1	1.747607254E1
1.556000000E1	3.072054384E1	1.732380251E1
1.560000000E1	2.981551580E1	1.705049420E1
1.564000000E1	2.883302624E1	1.676195259E1
1.568000000E1	2.782761235E1	1.642400117E1
1.572000000E1	2.680413507E1	1.608612705E1
1.576000000E1	2.582597909E1	1.580545864E1
1.580000000E1	2.497596747E1	1.552835286E1
1.584000000E1	2.421874950E1	1.525765815E1
1.588000000E1	2.359914527E1	1.502352724E1
1.592000000E1	2.312080264E1	1.482061171E1
1.596000000E1	2.279638678E1	1.466214809E1
1.600000000E1	2.259273889E1	1.458552919E1
1.604000000E1	2.253089637E1	1.453231646E1
1.608000000E1	2.246586823E1	1.448474971E1
1.612000000E1	2.231176656E1	1.436893969E1
1.616000000E1	2.168869938E1	1.388840613E1
1.620000000E1	2.169828859E1	1.391001820E1
1.624000000E1	2.104450260E1	1.349141640E1
1.628000000E1	2.024817712E1	1.313650006E1
1.632000000E1	1.924078826E1	1.272440514E1
1.636000000E1	1.816951923E1	1.231871830E1
1.640000000E1	1.709832407E1	1.193998327E1
1.644000000E1	1.600359102E1	1.154661639E1
1.648000000E1	1.505181962E1	1.114542144E1
1.652000000E1	1.430881393E1	1.073837382E1
1.656000000E1	1.386884054E1	1.037077589E1
1.660000000E1	1.365506401E1	1.012367559E1
1.664000000E1	1.369119532E1	9.749162580E0
1.668000000E1	1.369895010E1	9.764081700E0
1.672000000E1	1.376048436E1	9.651960913E0
1.676000000E1	1.384505547E1	9.655864280E0
1.680000000E1	1.385114767E1	9.644981301E0
1.684000000E1	1.385359534E1	9.639665617E0
1.688000000E1	1.385949294E1	9.652558605E0
1.692000000E1	1.410653747E1	9.767806018E0
1.696000000E1	1.466799242E1	9.924833779E0
1.700000000E1	1.566246373E1	1.027388662E1
1.704000000E1	1.713061346E1	1.084710893E1
1.708000000E1	1.905128115E1	1.167820971E1
1.712000000E1	2.114314078E1	1.262388848E1
1.716000000E1	2.340371357E1	1.361963349E1
1.720000000E1	2.561492855E1	1.466843259E1
1.724000000E1	2.768996232E1	1.569667500E1
1.728000000E1	2.947690812E1	1.662371967E1
1.732000000E1	3.100766463E1	1.744476687E1
1.736000000E1	3.210302081E1	1.793390865E1
1.740000000E1	3.267254127E1	1.811557888E1
1.744000000E1	3.282101533E1	1.807954362E1
1.748000000E1	3.256852189E1	1.794074977E1
1.752000000E1	3.207544974E1	1.769042233E1
1.756000000E1	3.138619135E1	1.735140098E1
1.760000000E1	3.058197971E1	1.708534099E1
1.764000000E1	2.965875720E1	1.676624483E1
1.768000000E1	2.764712766E1	1.614240852E1
1.772000000E1	2.764462454E1	1.614881275E1
1.776000000E1	2.656812321E1	1.582443745E1
1.780000000E1	2.553996564E1	1.554097551E1
1.784000000E1	2.452453894E1	1.518578647E1
1.788000000E1	2.358421173E1	1.482617059E1
1.792000000E1	2.280644333E1	1.451934010E1
1.796000000E1	2.215645208E1	1.418489457E1
1.800000000E1	2.161686916E1	1.389272971E1
1.804000000E1	2.130776442E1	1.365522987E1
1.808000000E1	2.114839098E1	1.354228628E1
1.812000000E1	2.111352203E1	1.346085793E1
1.816000000E1	2.097314286E1	1.333789205E1
1.820000000E1	2.071091811E1	1.317303798E1
1.824000000E1	2.025683674E1	1.289569277E1
1.828000000E1	1.954572353E1	1.244841019E1
1.832000000E1	1.849919395E1	1.180717067E1
1.836000000E1	1.728117908E1	1.119175721E1
1.840000000E1	1.607266156E1	1.066153990E1
1.844000000E1	1.494512496E1	1.027352323E1
1.848000000E1	1.408853203E1	1.004880316E1
1.852000000E1	1.351822763E1	9.893121308E0
1.856000000E1	1.297159775E1	9.668734832E0
1.860000000E1	1.296945786E1	9.650397784E0
1.864000000E1	1.296003522E1	9.597284216E0
1.868000000E1	1.295978319E1	9.487693502E0
1.872000000E1	1.298670878E1	9.441956247E0
1.876000000E1	1.304840391E1	9.472026709E0
1.880000000E1	1.311651048E1	9.478552596E0
1.884000000E1	1.314343307E1	9.495767302E0
1.888000000E1	1.342181919E1	9.634630700E0
1.892000000E1	1.412395709E1	9.897340856E0
1.896000000E1	1.525249593E1	1.030421948E1
1.900000000E1	1.678897416E1	1.099494370E1
1.904000000E1	1.867571028E1	1.187650446E1
1.908000000E1	2.079390744E1	1.288313290E1
1.912000000E1	2.293439669E1	1.391221534E1
1.916000000E1	2.499959505E1	1.494780762E1
1.920000000E1	2.697819265E1	1.601267004E1
1.924000000E1	2.875759356E1	1.690611677E1
1.928000000E1	3.030095168E1	1.763693417E1
1.932000000E1	3.159323037E1	1.824239201E1
1.936000000E1	3.261966598E1	1.856122707E1
1.940000000E1	3.330619602E1	1.867325593E1
1.944000000E1	3.356027694E1	1.862049158E1
1.948000000E1	3.340404148E1	1.841725736E1
1.952000000E1	3.295971448E1	1.811318921E1
1.956000000E1	3.226075956E1	1.797220684E1
1.960000000E1	3.148456751E1	1.781240963E1
1.964000000E1	3.057871964E1	1.754250643E1
1.968000000E1	2.965836290E1	1.731280358E1
1.972000000E1	2.866412330E1	1.702252972E1
1.976000000E1	2.663266052E1	1.637386396E1
1.980000000E1	2.662247460E1	1.634599081E1
1.984000000E1	2.569415162E1	1.601607394E1
1.988000000E1	2.485150205E1	1.572995836E1
1.992000000E1	2.410517421E1	1.545325494E1
1.996000000E1	2.354851816E1	1.525211150E1
2.000000000E1	2.317943874E1	1.511379587E1
2.004000000E1	2.288764366E1	1.493551757E1
2.008000000E1	2.262645670E1	1.473636194E1
2.012000000E1	2.257092219E1	1.463577778E1
2.016000000E1	2.245974437E1	1.450426249E1
2.020000000E1	2.230731348E1	1.432909486E1
2.024000000E1	2.200333286E1	1.408035088E1
2.028000000E1	2.144477111E1	1.365535662E1
2.032000000E1	2.077238470E1	1.320192735E1
2.036000000E1	1.929034733E1	1.242341105E1
2.040000000E1	1.930568298E1	1.242840943E1
2.044000000E1	1.874207384E1	1.227358508E1
2.048000000E1	1.828482508E1	1.215917358E1
2.052000000E1	1.789010646E1	1.200962454E1
2.056000000E1	1.758969045E1	1.187129882E1
2.060000000E1	1.741432971E1	1.171442118E1
2.064000000E1	1.727040198E1	1.155506271E1
2.068000000E1	1.712289823E1	1.137923950E1
2.072000000E1	1.698476968E1	1.123476754E1
2.076000000E1	1.696248139E1	1.114903457E1
2.080000000E1	1.699846557E1	1.111745703E1
2.084000000E1	1.724799658E1	1.124659478E1
2.088000000E1	1.757429816E1	1.140415165E1
2.092000000E1	1.816052264E1	1.169267241E1
2.096000000E1	1.891481541E1	1.201257290E1
2.100000000E1	1.995739828E1	1.253398991E1
2.104000000E1	2.117457750E1	1.315955930E1
2.108000000E1	2.258672915E1	1.389699708E1
2.112000000E1	2.409420241E1	1.466983475E1
2.116000000E1	2.563168472E1	1.541316938E1
2.120000000E1	2.719601799E1	1.618212356E1
2.124000000E1	2.873183777E1	1.687610870E1
2.128000000E1	3.013567210E1	1.749702295E1
2.132000000E1	3.147711237E1	1.802277445E1
2.136000000E1	3.262372964E1	1.839443783E1
2.140000000E1	3.363742887E1	1.864109512E1
2.144000000E1	3.442074925E1	1.891069170E1
2.148000000E1	3.490543402E1	1.898281679E1
2.152000000E1	3.509385788E1	1.897132369E1
2.156000000E1	3.505343502E1	1.896068140E1
2.160000000E1	3.467553144E1	1.868041042E1
2.164000000E1	3.411596650E1	1.864623563E1
2.168000000E1	3.337935101E1	1.841211785E1
2.172000000E1	3.248299239E1	1.811863242E1
2.176000000E1	3.151721343E1	1.781274256E1
2.180000000E1	3.049526329E1	1.746645361E1
2.184000000E1	2.941503298E1	1.712395661E1
2.188000000E1	2.835026345E1	1.676596417E1
2.192000000E1	2.735424798E1	1.638936761E1
2.196000000E1	2.634779638E1	1.606608851E1
2.200000000E1	2.552990222E1	1.575201766E1
2.204000000E1	2.478670700E1	1.544815895E1
2.208000000E1	2.408699932E1	1.518967863E1
2.212000000E1	2.357771811E1	1.501310988E1
2.216000000E1	2.318543605E1	1.484714388E1
2.220000000E1	2.282705888E1	1.472617290E1
2.224000000E1	2.261313167E1	1.461572378E1
2.228000000E1	2.242136197E1	1.455634025E1
2.232000000E1	2.231639997E1	1.445034776E1
2.236000000E1	2.205854348E1	1.431592502E1
2.240000000E1	2.168880398E1	1.410969240E1
2.244000000E1	2.125005311E1	1.390291077E1
2.248000000E1	2.064079701E1	1.360518278E1
2.252000000E1	1.987402514E1	1.320576868E1
2.256000000E1	1.903362861E1	1.272616608E1
2.260000000E1	1.816028256E1	1.227037685E1
2.264000000E1	1.726698233E1	1.185295810E1
2.268000000E1	1.650770469E1	1.152797633E1
2.272000000E1	1.580061119E1	1.122496868E1
2.276000000E1	1.517801541E1	1.096643792E1
2.280000000E1	1.470777364E1	1.071861612E1
2.284000000E1	1.433207468E1	1.040037530E1
2.288000000E1	1.431770290E1	1.038885370E1
2.292000000E1	1.448445069E1	1.037324631E1
2.296000000E1	1.492212399E1	1.049434398E1
2.300000000E1	1.561513295E1	1.074209325E1
2.304000000E1	1.656483173E1	1.110916873E1
2.308000000E1	1.773958944E1	1.167774253E1
2.312000000E1	1.907729840E1	1.231907049E1
2.316000000E1	2.057715106E1	1.304950252E1
2.320000000E1	2.216831157E1	1.382594716E1
2.324000000E1	2.389497135E1	1.464850913E1
2.328000000E1	2.557284088E1	1.543421781E1
2.332000000E1	2.721783563E1	1.620498616E1
2.336000000E1	2.879610427E1	1.693516952E1
2.340000000E1	3.025250082E1	1.751774325E1
2.344000000E1	3.156535470E1	1.790945650E1
2.348000000E1	3.255063561E1	1.823296018E1
2.352000000E1	3.322664293E1	1.842062652E1
2.356000000E1	3.357808892E1	1.841067624E1
2.360000000E1	3.366973389E1	1.835336798E1
2.364000000E1	3.342602888E1	1.812535331E1
2.368000000E1	3.300353404E1	1.788201829E1
2.372000000E1	3.241682595E1	1.772657461E1
2.376000000E1	3.165366881E1	1.747581780E1
2.380000000E1	3.077283156E1	1.719965152E1
2.384000000E1	2.980236577E1	1.684226613E1
2.388000000E1	2.879193645E1	1.647392540E1
2.392000000E1	2.779832274E1	1.613324998E1
2.396000000E1	2.678127108E1	1.576855421E1
2.400000000E1	2.589050108E1	1.546309912E1
2.404000000E1	2.510833064E1	1.516891344E1
2.408000000E1	2.441259900E1	1.493266261E1
2.412000000E1	2.379054208E1	1.473687228E1
2.416000000E1	2.332008847E1	1.453074481E1
2.420000000E1	2.290328138E1	1.435738234E1
2.424000000E1	2.257870705E1	1.416722484E1
2.428000000E1	2.229045813E1	1.399949997E1
2.432000000E1	2.203968322E1	1.378820778E1
2.436000000E1	2.144036750E1	1.333016655E1
2.440000000E1	2.142909552E1	1.333195900E1
2.444000000E1	2.096330426E1	1.303365012E1
2.448000000E1	2.027467610E1	1.263557001E1
2.452000000E1	1.953247590E1	1.229434147E1
2.456000000E1	1.874800730E1	1.197760247E1
2.460000000E1	1.795156522E1	1.167268924E1
2.464000000E1	1.723230373E1	1.139958651E1
2.468000000E1	1.658033853E1	1.112279058E1
2.472000000E1	1.607236919E1	1.086448385E1
2.476000000E1	1.574092534E1	1.063049823E1
2.480000000E1	1.548311949E1	1.041490255E1
2.484000000E1	1.548110804E1	1.032959183E1
2.488000000E1	1.579861641E1	1.034159117E1
2.492000000E1	1.579397755E1	1.035452838E1
2.496000000E1	1.622718068E1	1.051190402E1
2.500000000E1	1.689773114E1	1.074401696E1
2.504000000E1	1.790880320E1	1.114127276E1
2.508000000E1	1.918458349E1	1.174744801E1
2.512000000E1	2.072097965E1	1.246771719E1
2.516000000E1	2.241294442E1	1.333422277E1
2.520000000E1	2.418762347E1	1.426248473E1
2.524000000E1	2.598794077E1	1.517817456E1
2.528000000E1	2.773627915E1	1.600186602E1
2.532000000E1	2.930728454E1	1.672638088E1
2.536000000E1	3.071907785E1	1.734344481E1
2.540000000E1	3.193977840E1	1.780554953E1
2.544000000E1	3.290025824E1	1.819924692E1
2.548000000E1	3.356966587E1	1.847995723E1
2.552000000E1	3.401514588E1	1.869301155E1
2.556000000E1	3.416660946E1	1.874129244E1
2.560000000E1	3.409549677E1	1.870366316E1
2.564000000E1	3.383155207E1	1.865057547E1
2.568000000E1	3.326452325E1	1.837317717E1
2.572000000E1	3.249070045E1	1.809964272E1
2.576000000E1	3.161966151E1	1.778097510E1
2.580000000E1	3.065822697E1	1.745411375E1
2.584000000E1	2.965506815E1	1.711149109E1
2.588000000E1	2.862644752E1	1.661531885E1
2.592000000E1	2.758184024E1	1.615098667E1
2.596000000E1	2.658163608E1	1.565842897E1
2.600000000E1	2.558505463E1	1.521895526E1
2.604000000E1	2.471314584E1	1.488804479E1
2.608000000E1	2.397410453E1	1.455456952E1
2.612000000E1	2.335089964E1	1.429757030E1
2.616000000E1	2.288263802E1	1.406980066E1
2.620000000E1	2.249031088E1	1.381966350E1
2.624000000E1	2.220557950E1	1.364407195E1
2.628000000E1	2.201604482E1	1.348757059E1
2.632000000E1	2.186508176E1	1.333795680E1
2.636000000E1	2.174496016E1	1.318706627E1
2.640000000E1	2.169276318E1	1.313556795E1
2.644000000E1	2.156728289E1	1.304670688E1
2.648000000E1	2.141075938E1	1.292048711E1
2.652000000E1	2.120950888E1	1.285766547E1
2.656000000E1	2.084941542E1	1.268691342E1
2.660000000E1	2.036373968E1	1.251966812E1
2.664000000E1	1.977388459E1	1.227244177E1
2.668000000E1	1.909939302E1	1.199451742E1
2.672000000E1	1.841959866E1	1.174143050E1
2.676000000E1	1.784130785E1	1.155028539E1
2.680000000E1	1.740775934E1	1.136877260E1
2.684000000E1	1.704755116E1	1.116160870E1
2.688000000E1	1.685147336E1	1.095651825E1
2.692000000E1	1.696368896E1	1.071405720E1
2.696000000E1	1.696608124E1	1.069608103E1
2.700000000E1	1.739966695E1	1.073455928E1
2.704000000E1	1.807764715E1	1.094883624E1
2.708000000E1	1.902007665E1	1.133708479E1
2.712000000E1	2.024196693E1	1.183724368E1
2.716000000E1	2.163451835E1	1.246601515E1
2.720000000E1	2.319219943E1	1.320150460E1
2.724000000E1	2.483487173E1	1.397619013E1
2.728000000E1	2.653692749E1	1.482679978E1
2.732000000E1	2.823880327E1	1.573601190E1
2.736000000E1	2.986527717E1	1.666807905E1
2.740000000E1	3.136968486E1	1.745681441E1
2.744000000E1	3.255916801E1	1.805049355E1
2.748000000E1	3.339490814E1	1.842304143E1
2.752000000E1	3.397025321E1	1.863190791E1
2.756000000E1	3.415665765E1	1.862931836E1
2.760000000E1	3.401434663E1	1.849914854E1
2.764000000E1	3.366093903E1	1.825331557E1
2.768000000E1	3.317152623E1	1.807635449E1
2.772000000E1	3.252932026E1	1.782844144E1
2.776000000E1	3.180360394E1	1.764494416E1
2.780000000E1	3.094938228E1	1.734748236E1
2.784000000E1	3.002658704E1	1.704656706E1
2.788000000E1	2.901484119E1	1.663899673E1
2.792000000E1	2.704818318E1	1.596004791E1
2.796000000E1	2.705214400E1	1.593988386E1
2.800000000E1	2.612581818E1	1.570712697E1
2.804000000E1	2.528736155E1	1.541133984E1
2.808000000E1	2.451709395E1	1.513045598E1
2.812000000E1	2.389959982E1	1.487564081E1
2.816000000E1	2.340397370E1	1.462993992E1
2.820000000E1	2.291002658E1	1.437118572E1
2.824000000E1	2.255531381E1	1.412114330E1
2.828000000E1	2.232443085E1	1.391344822E1
2.832000000E1	2.221070429E1	1.378344599E1
2.836000000E1	2.216969885E1	1.378051890E1
2.840000000E1	2.214958756E1	1.377446761E1
2.844000000E1	2.209684553E1	1.377906363E1
2.848000000E1	2.189991228E1	1.364252036E1
2.852000000E1	2.157278307E1	1.347604963E1
2.856000000E1	2.112295124E1	1.323098297E1
2.860000000E1	2.067060356E1	1.305415803E1
2.864000000E1	2.023037676E1	1.290600287E1
2.868000000E1	1.979630266E1	1.276214725E1
2.872000000E1	1.943890346E1	1.261061924E1
2.876000000E1	1.917780608E1	1.246953618E1
2.880000000E1	1.901983912E1	1.235363950E1
2.884000000E1	1.903770077E1	1.231663160E1
2.888000000E1	1.919317582E1	1.233379668E1
2.892000000E1	1.952481670E1	1.243501029E1
2.896000000E1	1.998032705E1	1.263533862E1
2.900000000E1	2.062647097E1	1.295209410E1
2.904000000E1	2.143582466E1	1.333291714E1
2.908000000E1	2.242690439E1	1.379473626E1
2.912000000E1	2.471223112E1	1.491245709E1
2.916000000E1	2.470062680E1	1.490482649E1
2.920000000E1	2.594210357E1	1.558496538E1
2.924000000E1	2.721793500E1	1.618677257E1
2.928000000E1	2.850683288E1	1.677213278E1
2.932000000E1	2.976881945E1	1.730462334E1
2.936000000E1	3.090336811E1	1.782604420E1
2.940000000E1	3.195903954E1	1.823833209E1
2.944000000E1	3.285834365E1	1.864786852E1
2.948000000E1	3.356921845E1	1.895012552E1
2.952000000E1	3.413556824E1	1.919218597E1
2.956000000E1	3.448521932E1	1.930629081E1
2.960000000E1	3.461085800E1	1.925274886E1
2.964000000E1	3.449989552E1	1.905974108E1
2.968000000E1	3.418644277E1	1.881890811E1
2.972000000E1	3.373470462E1	1.854616675E1
2.976000000E1	3.313068942E1	1.824057640E1
2.980000000E1	3.238061490E1	1.794644146E1
2.984000000E1	3.152500806E1	1.759053141E1
2.988000000E1	3.058949909E1	1.718109566E1
2.992000000E1	2.869133191E1	1.628146921E1
2.996000000E1	2.868422523E1	1.629017964E1
3.000000000E1	2.775728109E1	1.590637365E1
3.004000000E1	2.691258985E1	1.557083440E1
3.008000000E1	2.617291311E1	1.530002100E1
3.012000000E1	2.556042929E1	1.511591563E1
3.016000000E1	2.509669714E1	1.497230421E1
3.020000000E1	2.471059596E1	1.483274001E1
3.024000000E1	2.440782807E1	1.469022788E1
3.028000000E1	2.417446628E1	1.457214012E1
3.032000000E1	2.395932677E1	1.439791655E1
3.036000000E1	2.366545302E1	1.422859342E1
3.040000000E1	2.339998537E1	1.396576533E1
3.044000000E1	2.322546594E1	1.378453070E1
3.048000000E1	2.309158926E1	1.367741503E1
3.052000000E1	2.298976605E1	1.363254446E1
3.056000000E1	2.286888481E1	1.357526177E1
3.060000000E1	2.261293385E1	1.345085355E1
3.064000000E1	2.230458469E1	1.331448169E1
3.068000000E1	2.131897753E1	1.282232353E1
3.072000000E1	2.129755759E1	1.285869848E1
3.076000000E1	2.068324843E1	1.259112841E1
3.080000000E1	2.007356620E1	1.225841164E1
3.084000000E1	1.946688966E1	1.190257871E1
3.088000000E1	1.902238092E1	1.163561936E1
3.092000000E1	1.874039662E1	1.143910634E1
3.096000000E1	1.872594566E1	1.138266119E1
3.100000000E1	1.895445060E1	1.143646814E1
3.104000000E1	1.949375392E1	1.170570462E1
3.108000000E1	2.027572939E1	1.205517705E1
3.112000000E1	2.127589933E1	1.248954357E1
3.116000000E1	2.245737852E1	1.305777008E1
3.120000000E1	2.374224014E1	1.369664022E1
3.124000000E1	2.512148602E1	1.438100629E1
3.128000000E1	2.650389280E1	1.510072416E1
3.132000000E1	2.791049869E1	1.586521896E1
3.136000000E1	2.930227337E1	1.659532866E1
3.140000000E1	3.059497055E1	1.724639260E1
3.144000000E1	3.181211853E1	1.782070889E1
3.148000000E1	3.286161380E1	1.828322764E1
3.152000000E1	3.372036107E1	1.861686215E1
3.156000000E1	3.470812487E1	1.886033237E1
3.160000000E1	3.473434398E1	1.886903880E1
3.164000000E1	3.478466897E1	1.870350187E1
3.168000000E1	3.458820495E1	1.852201669E1
3.172000000E1	3.421149182E1	1.830476054E1
3.176000000E1	3.371644902E1	1.808429029E1
3.180000000E1	3.309301822E1	1.778701571E1
3.184000000E1	3.236808062E1	1.748625038E1
3.188000000E1	3.162749808E1	1.719259113E1
3.192000000E1	3.076455051E1	1.687070093E1
3.196000000E1	2.982961264E1	1.643707496E1
3.200000000E1	2.885450171E1	1.599533643E1
3.204000000E1	2.783767350E1	1.553950748E1
3.208000000E1	2.690781116E1	1.520695614E1
3.212000000E1	2.613069481E1	1.495667614E1
3.216000000E1	2.537698882E1	1.469591182E1
3.220000000E1	2.469616466E1	1.451981284E1
3.224000000E1	2.409757078E1	1.436274725E1
3.228000000E1	2.362518773E1	1.421850788E1
3.232000000E1	2.321922145E1	1.407321891E1
3.236000000E1	2.289920946E1	1.395673783E1
3.240000000E1	2.270862343E1	1.383219414E1
3.244000000E1	2.260480051E1	1.377803236E1
3.248000000E1	2.257381708E1	1.374028291E1
3.252000000E1	2.257671520E1	1.372063089E1
3.256000000E1	2.257816202E1	1.371283185E1
3.260000000E1	2.249362827E1	1.366647716E1
3.264000000E1	2.239456193E1	1.360511600E1
3.268000000E1	2.217954463E1	1.346170684E1
3.272000000E1	2.188550051E1	1.331321328E1
3.276000000E1	2.155028628E1	1.311731696E1
3.280000000E1	2.109228525E1	1.289244373E1
3.284000000E1	2.057071227E1	1.257038501E1
3.288000000E1	2.006963574E1	1.227611178E1
3.292000000E1	1.964046560E1	1.197333120E1
3.296000000E1	1.937079744E1	1.178483145E1
3.300000000E1	1.931676429E1	1.181691955E1
3.304000000E1	1.949858164E1	1.197634554E1
3.308000000E1	1.994065277E1	1.227913948E1
3.312000000E1	2.063479657E1	1.264885165E1
3.316000000E1	2.156406232E1	1.309314209E1
3.320000000E1	2.271731082E1	1.362818308E1
3.324000000E1	2.399112282E1	1.425763435E1
3.328000000E1	2.540812439E1	1.498962451E1
3.332000000E1	2.685677075E1	1.568353237E1
3.336000000E1	2.831588135E1	1.642528414E1
3.340000000E1	2.972970173E1	1.714354087E1
3.344000000E1	3.101317520E1	1.775370053E1
3.348000000E1	3.217196448E1	1.828864707E1
3.352000000E1	3.319887512E1	1.869050502E1
3.356000000E1	3.403681271E1	1.897480708E1
3.360000000E1	3.464234939E1	1.910521181E1
3.364000000E1	3.501690376E1	1.917529905E1
3.368000000E1	3.516170368E1	1.910583087E1
3.372000000E1	3.503504413E1	1.885235440E1
3.376000000E1	3.463476929E1	1.854018828E1
3.380000000E1	3.413028351E1	1.829254470E1
3.384000000E1	3.342829584E1	1.798509889E1
3.388000000E1	3.263031103E1	1.774229047E1
3.392000000E1	3.177153980E1	1.738570677E1
3.396000000E1	3.090706159E1	1.704909331E1
3.400000000E1	2.906600427E1	1.637271418E1
3.404000000E1	2.909199719E1	1.634838075E1
3.408000000E1	2.821976063E1	1.600224254E1
3.412000000E1	2.733731821E1	1.556779703E1
3.416000000E1	2.650771452E1	1.525297487E1
3.420000000E1	2.571975305E1	1.495065514E1
3.424000000E1	2.497586902E1	1.460247697E1
3.428000000E1	2.429329064E1	1.432688583E1
3.432000000E1	2.377882688E1	1.412775618E1
3.436000000E1	2.341294725E1	1.397749453E1
3.440000000E1	2.317385767E1	1.392367612E1
3.444000000E1	2.302181628E1	1.386846460E1
3.448000000E1	2.292460547E1	1.386895443E1
3.452000000E1	2.294745316E1	1.390292118E1
3.456000000E1	2.299482156E1	1.391923667E1
3.460000000E1	2.303274290E1	1.391204927E1
3.464000000E1	2.303483242E1	1.388813999E1
3.468000000E1	2.290367454E1	1.378457012E1
3.472000000E1	2.273671353E1	1.365382990E1
3.476000000E1	2.247590346E1	1.349770505E1
3.480000000E1	2.216984846E1	1.333074465E1
3.484000000E1	2.188363522E1	1.319169990E1
3.488000000E1	2.167768411E1	1.314384148E1
3.492000000E1	2.154578433E1	1.315224269E1
3.496000000E1	2.155215495E1	1.321658293E1
3.500000000E1	2.189598559E1	1.345503598E1
3.504000000E1	2.245313092E1	1.379905046E1
3.508000000E1	2.319532762E1	1.426335703E1
3.512000000E1	2.410757751E1	1.472207614E1
3.516000000E1	2.526559785E1	1.529265294E1
3.520000000E1	2.653723756E1	1.591757865E1
3.524000000E1	2.794212968E1	1.654994739E1
3.528000000E1	2.929761035E1	1.723097260E1
3.532000000E1	3.072713312E1	1.791778975E1
3.536000000E1	3.205586394E1	1.850055484E1
3.540000000E1	3.320935999E1	1.895245086E1
3.544000000E1	3.415958951E1	1.923786838E1
3.548000000E1	3.483885059E1	1.932628876E1
3.552000000E1	3.531966190E1	1.929940180E1
3.556000000E1	3.554386519E1	1.924029122E1
3.560000000E1	3.548158196E1	1.903375376E1
3.564000000E1	3.529003770E1	1.881555002E1
3.568000000E1	3.489358056E1	1.853072883E1
3.572000000E1	3.435317574E1	1.825618195E1
3.576000000E1	3.373045523E1	1.809719942E1
3.580000000E1	3.301456988E1	1.794431199E1
3.584000000E1	3.225715446E1	1.772706526E1
3.588000000E1	3.141981490E1	1.749149911E1
3.592000000E1	3.055536519E1	1.717974302E1
3.596000000E1	2.966142289E1	1.686404630E1
3.600000000E1	2.869534986E1	1.645642806E1
3.604000000E1	2.775038554E1	1.611694506E1
3.608000000E1	2.686188388E1	1.582692363E1
3.612000000E1	2.602804875E1	1.551712132E1
3.616000000E1	2.528609777E1	1.527308224E1
3.620000000E1	2.469272563E1	1.508877563E1
3.624000000E1	2.425864665E1	1.497863504E1
3.628000000E1	2.404702644E1	1.495733460E1
3.632000000E1	2.388137772E1	1.483335872E1
3.636000000E1	2.374945266E1	1.467098174E1
3.640000000E1	2.360635737E1	1.439550885E1
3.644000000E1	2.343334328E1	1.414848304E1
3.648000000E1	2.323740297E1	1.390147252E1
3.652000000E1	2.304626639E1	1.377994019E1
3.656000000E1	2.290483651E1	1.373798969E1
3.660000000E1	2.270525865E1	1.366266417E1
3.664000000E1	2.239933208E1	1.348721201E1
3.668000000E1	2.115483517E1	1.277893891E1
3.672000000E1	2.113818383E1	1.276523435E1
3.676000000E1	2.034820458E1	1.240823492E1
