armbåge
t	x	y
0.000000000E0	1.479365509E1	8.613922350E0
4.000000000E-2	1.479329822E1	8.613744229E0
8.000000000E-2	1.480885247E1	8.484769212E0
1.200000000E-1	1.492732815E1	8.451402937E0
1.600000000E-1	1.499489803E1	8.402722004E0
2.000000000E-1	1.508027246E1	8.390928269E0
2.400000000E-1	1.511272403E1	8.452594959E0
2.800000000E-1	1.510545707E1	8.420969275E0
3.200000000E-1	1.504658990E1	8.355608243E0
3.600000000E-1	1.501562087E1	8.320257753E0
4.000000000E-1	1.495310582E1	8.362116429E0
4.400000000E-1	1.488209250E1	8.334122671E0
4.800000000E-1	1.479333171E1	8.301507990E0
5.200000000E-1	1.479365509E1	8.190585026E0
5.600000000E-1	1.474326667E1	8.093764752E0
6.000000000E-1	1.500532375E1	7.767247702E0
6.400000000E-1	1.482518681E1	7.613370430E0
6.800000000E-1	1.468462924E1	7.541630128E0
7.200000000E-1	1.469681230E1	7.497304153E0
7.600000000E-1	1.485893542E1	7.442629268E0
8.000000000E-1	1.503752108E1	7.476886219E0
8.400000000E-1	1.516455725E1	7.564899209E0
8.800000000E-1	1.519104338E1	7.417505134E0
9.200000000E-1	1.518902657E1	7.238625013E0
9.600000000E-1	1.484828098E1	7.317759151E0
1.000000000E0	1.486460084E1	7.293636939E0
1.040000000E0	1.482013126E1	7.249788934E0
1.080000000E0	1.521699241E1	7.978916364E0
1.120000000E0	1.585199840E1	8.190585026E0
1.160000000E0	1.585199840E1	8.613922350E0
1.200000000E0	1.589999021E1	8.527842713E0
1.240000000E0	1.596967948E1	8.468035135E0
1.280000000E0	1.606039169E1	8.571675572E0
1.320000000E0	1.614422561E1	8.758842630E0
1.360000000E0	1.617067977E1	9.080115440E0
1.400000000E0	1.601385677E1	9.660940936E0
1.440000000E0	1.585897732E1	9.845506238E0
1.480000000E0	1.577057117E1	9.800705669E0
1.520000000E0	1.542866107E1	8.402253688E0
1.560000000E0	1.541858669E1	8.267332855E0
1.600000000E0	1.543274351E1	8.136525030E0
1.640000000E0	1.547316889E1	7.947903154E0
1.680000000E0	1.559983993E1	7.895629903E0
1.720000000E0	1.570768962E1	7.933083666E0
1.760000000E0	1.570286897E1	7.920134413E0
1.800000000E0	1.571022625E1	7.917697200E0
1.840000000E0	1.569781839E1	8.096594429E0
1.880000000E0	1.573851976E1	8.367796340E0
1.920000000E0	1.580966496E1	8.465173787E0
1.960000000E0	1.599568618E1	8.514483632E0
2.000000000E0	1.585199840E1	8.402253688E0
2.040000000E0	1.585016719E1	8.391750182E0
2.080000000E0	1.581359814E1	8.330011354E0
2.120000000E0	1.582665947E1	8.313741326E0
2.160000000E0	1.589322675E1	8.267962374E0
2.200000000E0	1.521699241E1	8.613922350E0
2.240000000E0	1.509990761E1	8.595076065E0
2.280000000E0	1.490465799E1	8.480775100E0
2.320000000E0	1.461246593E1	8.435247305E0
2.360000000E0	1.427129824E1	8.329374632E0
2.400000000E0	1.377351627E1	8.237300286E0
2.440000000E0	1.312028973E1	8.149442419E0
2.480000000E0	1.238382010E1	8.034145821E0
2.520000000E0	1.162567835E1	8.018983637E0
2.560000000E0	1.089856154E1	8.016911637E0
2.600000000E0	1.027961839E1	7.972277793E0
2.640000000E0	9.707392167E0	7.823291703E0
2.680000000E0	9.305118428E0	7.742366077E0
2.720000000E0	9.069961982E0	7.656635619E0
2.760000000E0	9.011189979E0	7.567523031E0
2.800000000E0	9.091634807E0	7.511887719E0
2.840000000E0	9.207342773E0	7.522481650E0
2.880000000E0	9.351771882E0	7.574727322E0
2.920000000E0	9.522556768E0	7.612353603E0
2.960000000E0	9.688317383E0	7.762808512E0
3.000000000E0	9.966835617E0	7.887418054E0
3.040000000E0	1.029188680E1	8.130338878E0
3.080000000E0	1.072449186E1	8.331857338E0
3.120000000E0	1.127645035E1	8.582695482E0
3.160000000E0	1.206402086E1	8.894588441E0
3.200000000E0	1.314810722E1	9.275117831E0
3.240000000E0	1.464036124E1	9.793719034E0
3.280000000E0	1.656922116E1	1.055306984E1
3.320000000E0	1.880705608E1	1.155729140E1
3.360000000E0	2.113955139E1	1.264860075E1
3.400000000E0	2.336239564E1	1.368665488E1
3.440000000E0	2.535131802E1	1.462961787E1
3.480000000E0	2.709650702E1	1.537276995E1
3.520000000E0	2.852951997E1	1.594781220E1
3.560000000E0	2.969745868E1	1.639371995E1
3.600000000E0	3.076666738E1	1.690275410E1
3.640000000E0	3.211957596E1	1.744900899E1
3.680000000E0	3.408716123E1	1.817933842E1
3.720000000E0	3.688313815E1	1.911834260E1
3.760000000E0	4.056298755E1	2.027415385E1
3.800000000E0	4.483354300E1	2.153146178E1
3.840000000E0	4.949746685E1	2.299875238E1
3.880000000E0	5.276778524E1	2.435709897E1
3.920000000E0	5.444961234E1	2.507795737E1
3.960000000E0	5.537367874E1	2.598185322E1
4.000000000E0	5.573199449E1	2.701866654E1
4.040000000E0	5.561986201E1	2.775246915E1
4.080000000E0	5.521917558E1	2.827855232E1
4.120000000E0	5.469274017E1	2.864008475E1
4.160000000E0	5.407382238E1	2.896774434E1
4.200000000E0	5.337850178E1	2.911271872E1
4.240000000E0	5.254385368E1	2.912343807E1
4.280000000E0	5.156619537E1	2.901772593E1
4.320000000E0	5.041823647E1	2.866875276E1
4.360000000E0	4.915236069E1	2.818795929E1
4.400000000E0	4.768008428E1	2.741790195E1
4.440000000E0	4.598067190E1	2.655221448E1
4.480000000E0	4.414762517E1	2.553589768E1
4.520000000E0	4.215974480E1	2.458413687E1
4.560000000E0	4.004030886E1	2.359587523E1
4.600000000E0	3.782680181E1	2.252367549E1
4.640000000E0	3.541230893E1	2.138184349E1
4.680000000E0	3.308743357E1	2.014584105E1
4.720000000E0	3.076729347E1	1.895903541E1
4.760000000E0	2.867192889E1	1.775585923E1
4.800000000E0	2.679002166E1	1.647218930E1
4.840000000E0	2.493265239E1	1.525862825E1
4.880000000E0	2.346688197E1	1.428260614E1
4.920000000E0	2.223293045E1	1.341019538E1
4.960000000E0	2.132669571E1	1.269305741E1
5.000000000E0	2.072833791E1	1.208037172E1
5.040000000E0	2.042449941E1	1.166730788E1
5.080000000E0	2.032586824E1	1.141893155E1
5.120000000E0	2.042739242E1	1.132372375E1
5.160000000E0	2.075011575E1	1.142500018E1
5.200000000E0	2.133685226E1	1.175226647E1
5.240000000E0	2.225231648E1	1.233621174E1
5.280000000E0	2.358988668E1	1.311945556E1
5.320000000E0	2.531756061E1	1.409507837E1
5.360000000E0	2.734638711E1	1.519679056E1
5.400000000E0	2.987764597E1	1.636541709E1
5.440000000E0	3.277904898E1	1.752948872E1
5.480000000E0	3.603352837E1	1.877729877E1
5.520000000E0	3.980588778E1	1.986850345E1
5.560000000E0	4.484276024E1	2.131098536E1
5.600000000E0	4.998778685E1	2.311505658E1
5.640000000E0	5.305174083E1	2.437060980E1
5.680000000E0	5.453655662E1	2.476595274E1
5.720000000E0	5.543514745E1	2.563732239E1
5.760000000E0	5.574164277E1	2.643495793E1
5.800000000E0	5.561115049E1	2.711790623E1
5.840000000E0	5.514326267E1	2.759482813E1
5.880000000E0	5.444595187E1	2.787342048E1
5.920000000E0	5.366976863E1	2.804983934E1
5.960000000E0	5.280294791E1	2.803408575E1
6.000000000E0	5.187302176E1	2.788726768E1
6.040000000E0	5.070212853E1	2.746894395E1
6.080000000E0	4.948248498E1	2.693521978E1
6.120000000E0	4.813528076E1	2.626883049E1
6.160000000E0	4.663989395E1	2.561984352E1
6.200000000E0	4.475583370E1	2.475157137E1
6.240000000E0	4.231821310E1	2.371855555E1
6.280000000E0	4.010590118E1	2.280690661E1
6.320000000E0	3.794310298E1	2.178722245E1
6.360000000E0	3.590556459E1	2.072063290E1
6.400000000E0	3.393813182E1	1.967587679E1
6.440000000E0	3.202692603E1	1.863256502E1
6.480000000E0	3.000078638E1	1.745824181E1
6.520000000E0	2.788024465E1	1.624500908E1
6.560000000E0	2.554334974E1	1.504376624E1
6.600000000E0	2.323683447E1	1.399023437E1
6.640000000E0	2.085659842E1	1.300553347E1
6.680000000E0	1.878377150E1	1.219963157E1
6.720000000E0	1.692634513E1	1.156303035E1
6.760000000E0	1.453642647E1	1.087627195E1
6.800000000E0	1.449677788E1	1.086659309E1
6.840000000E0	1.413118890E1	1.085227082E1
6.880000000E0	1.431490220E1	1.099297365E1
6.920000000E0	1.495263034E1	1.122880044E1
6.960000000E0	1.593503354E1	1.150863780E1
7.000000000E0	1.737310473E1	1.203055190E1
7.040000000E0	1.910389470E1	1.265868835E1
7.080000000E0	2.108657950E1	1.339262792E1
7.120000000E0	2.327756652E1	1.416653893E1
7.160000000E0	2.570013381E1	1.503586642E1
7.200000000E0	2.826373828E1	1.595436613E1
7.240000000E0	3.108018309E1	1.685999318E1
7.280000000E0	3.414003223E1	1.761877266E1
7.320000000E0	3.747798804E1	1.835710452E1
7.360000000E0	4.153895274E1	1.939852213E1
7.400000000E0	4.615881468E1	2.093153074E1
7.440000000E0	5.066332231E1	2.254871500E1
7.480000000E0	5.342549944E1	2.388912804E1
7.520000000E0	5.480989762E1	2.479633129E1
7.560000000E0	5.559399734E1	2.554421114E1
7.600000000E0	5.580779865E1	2.618587718E1
7.640000000E0	5.564469256E1	2.658885806E1
7.680000000E0	5.518584434E1	2.672798323E1
7.720000000E0	5.453964453E1	2.677874472E1
7.760000000E0	5.365733466E1	2.660761898E1
7.800000000E0	5.257943088E1	2.628799521E1
7.840000000E0	5.130421261E1	2.579527178E1
7.880000000E0	4.979860807E1	2.520140555E1
7.920000000E0	4.822591288E1	2.466007685E1
7.960000000E0	4.650078527E1	2.396684743E1
8.000000000E0	4.245220961E1	2.208915495E1
8.040000000E0	4.245348560E1	2.208623469E1
8.080000000E0	4.023372923E1	2.101075417E1
8.120000000E0	3.793769831E1	1.998196189E1
8.160000000E0	3.559476020E1	1.904976331E1
8.200000000E0	3.334596692E1	1.806641363E1
8.240000000E0	3.128395772E1	1.708894471E1
8.280000000E0	2.921153565E1	1.614999976E1
8.320000000E0	2.734844061E1	1.518651298E1
8.360000000E0	2.553683356E1	1.433772606E1
8.400000000E0	2.400679758E1	1.370086101E1
8.440000000E0	2.260195906E1	1.314581410E1
8.480000000E0	2.147120050E1	1.277150320E1
8.520000000E0	2.044672854E1	1.235265838E1
8.560000000E0	1.966468779E1	1.192714427E1
8.600000000E0	1.909139104E1	1.150850459E1
8.640000000E0	1.867679482E1	1.114035291E1
8.680000000E0	1.840350662E1	1.087234107E1
8.720000000E0	1.829176312E1	1.069529969E1
8.760000000E0	1.825460184E1	1.056126466E1
8.800000000E0	1.821103802E1	1.042251673E1
8.840000000E0	1.811207946E1	1.026954383E1
8.880000000E0	1.808548748E1	1.026625962E1
8.920000000E0	1.805830573E1	1.026190621E1
8.960000000E0	1.804067117E1	1.026144039E1
9.000000000E0	1.798979999E1	1.026157454E1
9.040000000E0	1.800824433E1	1.026063008E1
9.080000000E0	1.801462182E1	1.025965738E1
9.120000000E0	1.803003521E1	1.025084201E1
9.160000000E0	1.803565642E1	1.024344218E1
9.200000000E0	1.805388537E1	1.024446040E1
9.240000000E0	1.806151384E1	1.024251265E1
9.280000000E0	1.806060610E1	1.024821914E1
9.320000000E0	1.807287898E1	1.024514305E1
9.360000000E0	1.811068309E1	1.023108847E1
9.400000000E0	1.818693644E1	1.024716526E1
9.440000000E0	1.822180761E1	1.025190970E1
9.480000000E0	1.832519501E1	1.027540979E1
9.520000000E0	1.842069244E1	1.031100991E1
9.560000000E0	1.851403759E1	1.036386026E1
9.600000000E0	1.864150355E1	1.039583365E1
9.640000000E0	1.868437396E1	1.040306638E1
9.680000000E0	1.872523666E1	1.041741155E1
9.720000000E0	1.873696505E1	1.042585659E1
9.760000000E0	1.880898266E1	1.043921697E1
9.800000000E0	1.889653214E1	1.049581625E1
9.840000000E0	1.925889112E1	1.069975265E1
9.880000000E0	1.925666227E1	1.070505497E1
9.920000000E0	1.949373597E1	1.079089084E1
9.960000000E0	1.974169834E1	1.097205446E1
1.000000000E1	1.999881474E1	1.112413506E1
1.004000000E1	2.029599158E1	1.130808546E1
1.008000000E1	2.061732932E1	1.147044770E1
1.012000000E1	2.108001328E1	1.175295302E1
1.016000000E1	2.180941887E1	1.216658145E1
1.020000000E1	2.271255988E1	1.265702856E1
1.024000000E1	2.381704432E1	1.325695743E1
1.028000000E1	2.510270017E1	1.392831104E1
1.032000000E1	2.656478958E1	1.472491524E1
1.036000000E1	2.822013782E1	1.567159349E1
1.040000000E1	3.024469803E1	1.677768012E1
1.044000000E1	3.224563659E1	1.778254704E1
1.048000000E1	3.453115388E1	1.867181304E1
1.052000000E1	3.742831602E1	1.955695369E1
1.056000000E1	4.136785941E1	2.069781412E1
1.060000000E1	4.541779008E1	2.181554772E1
1.064000000E1	4.871784595E1	2.272300035E1
1.068000000E1	5.080143217E1	2.329422986E1
1.072000000E1	5.181350662E1	2.345715399E1
1.076000000E1	5.238283305E1	2.389296073E1
1.080000000E1	5.240846554E1	2.418859893E1
1.084000000E1	5.201633601E1	2.433108911E1
1.088000000E1	5.128769065E1	2.445770208E1
1.092000000E1	5.036850667E1	2.450314554E1
1.096000000E1	4.935561624E1	2.447217557E1
1.100000000E1	4.816993100E1	2.424253810E1
1.104000000E1	4.693782122E1	2.391098177E1
1.108000000E1	4.565521794E1	2.356732888E1
1.112000000E1	4.435273680E1	2.315348555E1
1.116000000E1	4.305058240E1	2.251263614E1
1.120000000E1	4.171863483E1	2.193163810E1
1.124000000E1	4.037863384E1	2.118562004E1
1.128000000E1	3.885767635E1	2.025118698E1
1.132000000E1	3.716462173E1	1.924263923E1
1.136000000E1	3.537707504E1	1.819048750E1
1.140000000E1	3.344022103E1	1.714349594E1
1.144000000E1	3.143378277E1	1.611833375E1
1.148000000E1	2.946549271E1	1.530906920E1
1.152000000E1	2.768022992E1	1.470795728E1
1.156000000E1	2.603927816E1	1.409878702E1
1.160000000E1	2.464615216E1	1.367870404E1
1.164000000E1	2.354990202E1	1.341049322E1
1.168000000E1	2.181833776E1	1.296551946E1
1.172000000E1	2.181194524E1	1.295737906E1
1.176000000E1	2.118603380E1	1.277900609E1
1.180000000E1	2.066976793E1	1.263402079E1
1.184000000E1	2.032512007E1	1.256967297E1
1.188000000E1	2.025594735E1	1.255021926E1
1.192000000E1	2.045222083E1	1.266284216E1
1.196000000E1	2.087777327E1	1.287033922E1
1.200000000E1	2.152520269E1	1.312827513E1
1.204000000E1	2.243783246E1	1.346293917E1
1.208000000E1	2.364619220E1	1.387396383E1
1.212000000E1	2.513968150E1	1.428570695E1
1.216000000E1	2.675961118E1	1.469084715E1
1.220000000E1	2.853173889E1	1.513239579E1
1.224000000E1	3.067542355E1	1.569199669E1
1.228000000E1	3.321827119E1	1.640614362E1
1.232000000E1	3.619844324E1	1.729047443E1
1.236000000E1	3.983920587E1	1.852267662E1
1.240000000E1	4.415390927E1	1.995319808E1
1.244000000E1	4.825360264E1	2.152601977E1
1.248000000E1	5.137681747E1	2.282305596E1
1.252000000E1	5.307632635E1	2.363798887E1
1.256000000E1	5.463107753E1	2.519312226E1
1.260000000E1	5.459764530E1	2.521150851E1
1.264000000E1	5.460626366E1	2.602308638E1
1.268000000E1	5.427853755E1	2.654028988E1
1.272000000E1	5.367729446E1	2.688829542E1
1.276000000E1	5.280209235E1	2.688767881E1
1.280000000E1	5.158660344E1	2.661766997E1
1.284000000E1	5.011608243E1	2.610416915E1
1.288000000E1	4.836556870E1	2.535086564E1
1.292000000E1	4.633811790E1	2.431097881E1
1.296000000E1	4.410681388E1	2.328792942E1
1.300000000E1	3.958763576E1	2.135566339E1
1.304000000E1	3.959899596E1	2.134535771E1
1.308000000E1	3.745623574E1	2.045930001E1
1.312000000E1	3.524265378E1	1.950160824E1
1.316000000E1	3.326731580E1	1.862295214E1
1.320000000E1	3.123449722E1	1.756957587E1
1.324000000E1	2.931713227E1	1.658589469E1
1.328000000E1	2.754169377E1	1.566890154E1
1.332000000E1	2.601651756E1	1.487153575E1
1.336000000E1	2.476589508E1	1.429487086E1
1.340000000E1	2.377323914E1	1.384321586E1
1.344000000E1	2.296704142E1	1.344703429E1
1.348000000E1	2.225415190E1	1.307570395E1
1.352000000E1	2.158611736E1	1.269039330E1
1.356000000E1	2.101132168E1	1.239619362E1
1.360000000E1	2.050306661E1	1.211029271E1
1.364000000E1	2.002819869E1	1.191746744E1
1.368000000E1	1.969657048E1	1.176192300E1
1.372000000E1	1.952228219E1	1.171376040E1
1.376000000E1	1.948710017E1	1.174506241E1
1.380000000E1	1.954931377E1	1.177721068E1
1.384000000E1	1.970604106E1	1.191661826E1
1.388000000E1	1.999852874E1	1.209548324E1
1.392000000E1	2.036137007E1	1.234846371E1
1.396000000E1	2.089623777E1	1.265310920E1
1.400000000E1	2.153228824E1	1.299007779E1
1.404000000E1	2.229454176E1	1.340205057E1
1.408000000E1	2.312254812E1	1.382624379E1
1.412000000E1	2.401184888E1	1.416183598E1
1.416000000E1	2.493985373E1	1.447164293E1
1.420000000E1	2.716667402E1	1.535760236E1
1.424000000E1	2.717550767E1	1.535494588E1
1.428000000E1	2.904123537E1	1.597709771E1
1.432000000E1	3.199569813E1	1.694656607E1
1.436000000E1	3.583768434E1	1.838031404E1
1.440000000E1	4.045798642E1	2.017402171E1
1.444000000E1	4.502092161E1	2.163800129E1
1.448000000E1	4.886151603E1	2.272292773E1
1.452000000E1	5.138110268E1	2.342674104E1
1.456000000E1	5.277911970E1	2.377582128E1
1.460000000E1	5.366503040E1	2.417845925E1
1.464000000E1	5.400034977E1	2.462986025E1
1.468000000E1	5.392919192E1	2.493092953E1
1.472000000E1	5.365868833E1	2.516673891E1
1.476000000E1	5.324395413E1	2.523156774E1
1.480000000E1	5.278081270E1	2.523259862E1
1.484000000E1	5.217296555E1	2.516635798E1
1.488000000E1	5.137736545E1	2.491244467E1
1.492000000E1	5.036415094E1	2.445927118E1
1.496000000E1	4.916589231E1	2.384042065E1
1.500000000E1	4.772103743E1	2.310621624E1
1.504000000E1	4.600990644E1	2.214114679E1
1.508000000E1	4.405579522E1	2.085903923E1
1.512000000E1	4.183445202E1	1.953320620E1
1.516000000E1	3.939086375E1	1.819586932E1
1.520000000E1	3.689250805E1	1.695416613E1
1.524000000E1	3.425714805E1	1.580760934E1
1.528000000E1	3.160379191E1	1.473626625E1
1.532000000E1	2.910808921E1	1.393975383E1
1.536000000E1	2.688159596E1	1.329705485E1
1.540000000E1	2.486877381E1	1.276723118E1
1.544000000E1	2.310732689E1	1.224353210E1
1.548000000E1	2.162985867E1	1.182365301E1
1.552000000E1	2.046543701E1	1.155445042E1
1.556000000E1	1.957698056E1	1.133681571E1
1.560000000E1	1.900592012E1	1.122072250E1
1.564000000E1	1.863621378E1	1.112337302E1
1.568000000E1	1.847215134E1	1.107651558E1
1.572000000E1	1.844468875E1	1.103062375E1
1.576000000E1	1.866633838E1	1.123836049E1
1.580000000E1	1.866191906E1	1.128134509E1
1.584000000E1	1.893271182E1	1.134813213E1
1.588000000E1	1.926214012E1	1.149172447E1
1.592000000E1	1.968315005E1	1.160987731E1
1.596000000E1	2.020261546E1	1.177634640E1
1.600000000E1	2.091575117E1	1.196747092E1
1.604000000E1	2.187386092E1	1.226370831E1
1.608000000E1	2.327220357E1	1.268791753E1
1.612000000E1	2.520167373E1	1.328359215E1
1.616000000E1	2.765557865E1	1.414643302E1
1.620000000E1	3.047719371E1	1.522399079E1
1.624000000E1	3.355057726E1	1.648307604E1
1.628000000E1	3.689738425E1	1.784182050E1
1.632000000E1	4.050722590E1	1.917028522E1
1.636000000E1	4.467263810E1	2.080848132E1
1.640000000E1	4.890365138E1	2.227072807E1
1.644000000E1	5.219737087E1	2.356118225E1
1.648000000E1	5.374762433E1	2.434840496E1
1.652000000E1	5.447971367E1	2.483129971E1
1.656000000E1	5.477186544E1	2.537047426E1
1.660000000E1	5.464704188E1	2.583931945E1
1.664000000E1	5.422919042E1	2.628559893E1
1.668000000E1	5.366230070E1	2.658839386E1
1.672000000E1	5.292349779E1	2.676564545E1
1.676000000E1	5.177324377E1	2.640847658E1
1.680000000E1	5.024870725E1	2.552695251E1
1.684000000E1	4.827944393E1	2.407142119E1
1.688000000E1	4.606260864E1	2.248773307E1
1.692000000E1	4.347433762E1	2.074247867E1
1.696000000E1	4.054424131E1	1.894860460E1
1.700000000E1	3.752812729E1	1.727210331E1
1.704000000E1	3.434697794E1	1.577266914E1
1.708000000E1	3.140198089E1	1.450296757E1
1.712000000E1	2.867298139E1	1.348507702E1
1.716000000E1	2.645882195E1	1.277135426E1
1.720000000E1	2.458225074E1	1.223499105E1
1.724000000E1	2.313644606E1	1.181765303E1
1.728000000E1	2.195988878E1	1.147232574E1
1.732000000E1	2.116782666E1	1.127590477E1
1.736000000E1	2.063711459E1	1.124890302E1
1.740000000E1	2.036801438E1	1.129810937E1
1.744000000E1	2.020909457E1	1.133673731E1
1.748000000E1	2.013651120E1	1.142805125E1
1.752000000E1	2.014333658E1	1.148216098E1
1.756000000E1	2.020323289E1	1.164890815E1
1.760000000E1	2.030567055E1	1.175838172E1
1.764000000E1	2.046340996E1	1.192462458E1
1.768000000E1	2.069566237E1	1.205667907E1
1.772000000E1	2.103779555E1	1.221807317E1
1.776000000E1	2.150047134E1	1.236085806E1
1.780000000E1	2.221480231E1	1.261503996E1
1.784000000E1	2.329493639E1	1.294806772E1
1.788000000E1	2.468995442E1	1.326799927E1
1.792000000E1	2.642088548E1	1.366130811E1
1.796000000E1	2.845533097E1	1.415215976E1
1.800000000E1	3.084935549E1	1.474967907E1
1.804000000E1	3.389900277E1	1.569042374E1
1.808000000E1	3.769699868E1	1.709390251E1
1.812000000E1	4.184121179E1	1.883446665E1
1.816000000E1	4.637198134E1	2.084542188E1
1.820000000E1	5.056450497E1	2.281081083E1
1.824000000E1	5.320384104E1	2.402163935E1
1.828000000E1	5.506883357E1	2.512652119E1
1.832000000E1	5.505079850E1	2.509725125E1
1.836000000E1	5.520708536E1	2.565275072E1
1.840000000E1	5.505892900E1	2.598540959E1
1.844000000E1	5.468893475E1	2.612016954E1
1.848000000E1	5.424880347E1	2.623949231E1
1.852000000E1	5.368623506E1	2.624527240E1
1.856000000E1	5.297991521E1	2.604877332E1
1.860000000E1	5.204479332E1	2.567400627E1
1.864000000E1	5.084619785E1	2.507325480E1
1.868000000E1	4.941106650E1	2.419279150E1
1.872000000E1	4.769720204E1	2.307921881E1
1.876000000E1	4.568549794E1	2.184123492E1
1.880000000E1	4.111222143E1	1.887786784E1
1.884000000E1	4.082890052E1	1.919735545E1
1.888000000E1	3.841665604E1	1.786191383E1
1.892000000E1	3.597229910E1	1.664155371E1
1.896000000E1	3.363115681E1	1.561813759E1
1.900000000E1	3.145141936E1	1.466011364E1
1.904000000E1	2.931909786E1	1.393847043E1
1.908000000E1	2.746215328E1	1.338135661E1
1.912000000E1	2.572283537E1	1.290081015E1
1.916000000E1	2.423328529E1	1.253585795E1
1.920000000E1	2.288501918E1	1.203411828E1
1.924000000E1	2.169001557E1	1.159503888E1
1.928000000E1	2.063829746E1	1.124435391E1
1.932000000E1	1.986098668E1	1.095245920E1
1.936000000E1	1.931643845E1	1.081070271E1
1.940000000E1	1.895845367E1	1.074779409E1
1.944000000E1	1.881033749E1	1.077983794E1
1.948000000E1	1.882573413E1	1.081624270E1
1.952000000E1	1.901013537E1	1.093808854E1
1.956000000E1	1.940152968E1	1.112406667E1
1.960000000E1	1.996761015E1	1.140788918E1
1.964000000E1	2.073813684E1	1.173023000E1
1.968000000E1	2.159283549E1	1.209840080E1
1.972000000E1	2.255827519E1	1.257181064E1
1.976000000E1	2.373817728E1	1.302704868E1
1.980000000E1	2.529064875E1	1.366084254E1
1.984000000E1	2.724933585E1	1.447244079E1
1.988000000E1	2.967897103E1	1.538358945E1
1.992000000E1	3.252737809E1	1.655993189E1
1.996000000E1	3.565839542E1	1.773321969E1
2.000000000E1	3.892329125E1	1.892376161E1
2.004000000E1	4.261895510E1	2.006884212E1
2.008000000E1	4.680242581E1	2.117125364E1
2.012000000E1	5.132617745E1	2.247719419E1
2.016000000E1	5.383948399E1	2.314136166E1
2.020000000E1	5.536504350E1	2.364684586E1
2.024000000E1	5.626611212E1	2.446566532E1
2.028000000E1	5.661844609E1	2.517137709E1
2.032000000E1	5.655286116E1	2.553597086E1
2.036000000E1	5.626954339E1	2.578794369E1
2.040000000E1	5.587561410E1	2.592927711E1
2.044000000E1	5.537215428E1	2.593507240E1
2.048000000E1	5.484770209E1	2.596615758E1
2.052000000E1	5.427078488E1	2.594393543E1
2.056000000E1	5.341560723E1	2.583299529E1
2.060000000E1	5.236473832E1	2.549345488E1
2.064000000E1	5.102047260E1	2.493041706E1
2.068000000E1	4.947025381E1	2.415013280E1
2.072000000E1	4.777216256E1	2.336503282E1
2.076000000E1	4.562967847E1	2.219983074E1
2.080000000E1	4.345003433E1	2.117091203E1
2.084000000E1	4.113439419E1	1.993188132E1
2.088000000E1	3.858128862E1	1.885901150E1
2.092000000E1	3.626361069E1	1.800404121E1
2.096000000E1	3.388726728E1	1.723345346E1
2.100000000E1	3.168296409E1	1.655573300E1
2.104000000E1	2.950318509E1	1.596217330E1
2.108000000E1	2.769959696E1	1.560549821E1
2.112000000E1	2.609885444E1	1.527604934E1
2.116000000E1	2.480295969E1	1.495923987E1
2.120000000E1	2.365967308E1	1.455357033E1
2.124000000E1	2.281945904E1	1.421681452E1
2.128000000E1	2.231997928E1	1.396819668E1
2.132000000E1	2.208642176E1	1.372832515E1
2.136000000E1	2.213093049E1	1.364648331E1
2.140000000E1	2.235707829E1	1.361428857E1
2.144000000E1	2.278013667E1	1.370607169E1
2.148000000E1	2.327621707E1	1.379891024E1
2.152000000E1	2.391072075E1	1.396588022E1
2.156000000E1	2.468642656E1	1.417782590E1
2.160000000E1	2.565885227E1	1.444376067E1
2.164000000E1	2.694016120E1	1.485028578E1
2.168000000E1	2.859374082E1	1.536605239E1
2.172000000E1	3.066039798E1	1.595493985E1
2.176000000E1	3.308513597E1	1.658222038E1
2.180000000E1	3.585681105E1	1.741969840E1
2.184000000E1	3.917374676E1	1.848475792E1
2.188000000E1	4.274997855E1	1.965971714E1
2.192000000E1	4.648159282E1	2.080023888E1
2.196000000E1	5.005698831E1	2.192611350E1
2.200000000E1	5.321868089E1	2.309651799E1
2.204000000E1	5.518489522E1	2.397564704E1
2.208000000E1	5.612924365E1	2.458091192E1
2.212000000E1	5.663089025E1	2.537089710E1
2.216000000E1	5.682189173E1	2.606337424E1
2.220000000E1	5.657704859E1	2.645784046E1
2.224000000E1	5.608565263E1	2.671635788E1
2.228000000E1	5.555011425E1	2.695689045E1
2.232000000E1	5.488528174E1	2.698017935E1
2.236000000E1	5.403821565E1	2.685614868E1
2.240000000E1	5.303108287E1	2.652510422E1
2.244000000E1	5.186319521E1	2.604844299E1
2.248000000E1	5.030303865E1	2.520241546E1
2.252000000E1	4.874478048E1	2.457590179E1
2.256000000E1	4.696475891E1	2.370806961E1
2.260000000E1	4.507238101E1	2.292897113E1
2.264000000E1	4.302022080E1	2.206398357E1
2.268000000E1	4.085697650E1	2.119311849E1
2.272000000E1	3.875088532E1	2.038080568E1
2.276000000E1	3.671372887E1	1.965299036E1
2.280000000E1	3.478871921E1	1.885647773E1
2.284000000E1	3.287289914E1	1.799680039E1
2.288000000E1	3.122611008E1	1.727308529E1
2.292000000E1	2.977589370E1	1.655203567E1
2.296000000E1	2.858740721E1	1.588909930E1
2.300000000E1	2.658123097E1	1.444334247E1
2.304000000E1	2.659610800E1	1.442347889E1
2.308000000E1	2.551139972E1	1.372379456E1
2.312000000E1	2.433218492E1	1.304539025E1
2.316000000E1	2.322164216E1	1.254453847E1
2.320000000E1	2.225755741E1	1.218665820E1
2.324000000E1	2.140622407E1	1.184356205E1
2.328000000E1	2.077491862E1	1.165234521E1
2.332000000E1	2.045223369E1	1.154845890E1
2.336000000E1	2.038066224E1	1.154486761E1
2.340000000E1	2.050981486E1	1.157649361E1
2.344000000E1	2.090250580E1	1.168606796E1
2.348000000E1	2.152978021E1	1.186487718E1
2.352000000E1	2.247759608E1	1.220540201E1
2.356000000E1	2.381917744E1	1.281530300E1
2.360000000E1	2.571741223E1	1.369934289E1
2.364000000E1	2.811489834E1	1.481273615E1
2.368000000E1	3.074576428E1	1.594956610E1
2.372000000E1	3.378460621E1	1.706369313E1
2.376000000E1	3.710162931E1	1.823276714E1
2.380000000E1	4.054577312E1	1.929707448E1
2.384000000E1	4.435640374E1	2.037116025E1
2.388000000E1	4.861918504E1	2.152351380E1
2.392000000E1	5.256298030E1	2.263503386E1
2.396000000E1	5.538534094E1	2.341980888E1
2.400000000E1	5.698599233E1	2.393504870E1
2.404000000E1	5.777233008E1	2.431896479E1
2.408000000E1	5.817070651E1	2.485741029E1
2.412000000E1	5.815269626E1	2.528973055E1
2.416000000E1	5.786846875E1	2.563769222E1
2.420000000E1	5.736244367E1	2.575990494E1
2.424000000E1	5.659897537E1	2.563105007E1
2.428000000E1	5.563813009E1	2.532170142E1
2.432000000E1	5.439291385E1	2.478812992E1
2.436000000E1	5.115118817E1	2.318673231E1
2.440000000E1	5.114642090E1	2.321436063E1
2.444000000E1	4.895013545E1	2.211783968E1
2.448000000E1	4.612061707E1	2.067903609E1
2.452000000E1	4.332274064E1	1.951044834E1
2.456000000E1	4.058411033E1	1.847364782E1
2.460000000E1	3.755509993E1	1.720013359E1
2.464000000E1	3.402802564E1	1.601271890E1
2.468000000E1	3.025963899E1	1.482960219E1
2.472000000E1	2.680686498E1	1.395612577E1
2.476000000E1	2.412152646E1	1.350943080E1
2.480000000E1	2.184536200E1	1.320614695E1
2.484000000E1	1.999686353E1	1.288363860E1
2.488000000E1	1.847183872E1	1.249714830E1
2.492000000E1	1.736707668E1	1.200260001E1
2.496000000E1	1.656506307E1	1.159002946E1
2.500000000E1	1.603223857E1	1.116162440E1
2.504000000E1	1.560307983E1	1.081566251E1
2.508000000E1	1.530945298E1	1.051803245E1
2.512000000E1	1.526659147E1	1.032624564E1
2.516000000E1	1.543089822E1	1.021452631E1
2.520000000E1	1.575290524E1	1.028956339E1
2.524000000E1	1.629579130E1	1.047980881E1
2.528000000E1	1.697328216E1	1.080128684E1
2.532000000E1	1.785364558E1	1.114991289E1
2.536000000E1	1.902842091E1	1.167655787E1
2.540000000E1	2.067806538E1	1.231877368E1
2.544000000E1	2.286176259E1	1.322724883E1
2.548000000E1	2.564881979E1	1.431585160E1
2.552000000E1	2.899417651E1	1.554358973E1
2.556000000E1	3.304307449E1	1.692345392E1
2.560000000E1	3.750511050E1	1.832360619E1
2.564000000E1	4.243889639E1	1.971927283E1
2.568000000E1	4.746468916E1	2.128608177E1
2.572000000E1	5.209630949E1	2.274842935E1
2.576000000E1	5.482369920E1	2.352692651E1
2.580000000E1	5.602737108E1	2.379301901E1
2.584000000E1	5.661264631E1	2.417799499E1
2.588000000E1	5.669231740E1	2.456301498E1
2.592000000E1	5.639718962E1	2.470583303E1
2.596000000E1	5.583913533E1	2.471841165E1
2.600000000E1	5.512530615E1	2.460758318E1
2.604000000E1	5.435780211E1	2.457805424E1
2.608000000E1	5.221654904E1	2.397917155E1
2.612000000E1	5.223795680E1	2.397539026E1
2.616000000E1	5.075846531E1	2.337646447E1
2.620000000E1	4.910982794E1	2.263042663E1
2.624000000E1	4.724904147E1	2.175032474E1
2.628000000E1	4.511526364E1	2.086613603E1
2.632000000E1	4.295845954E1	2.002797502E1
2.636000000E1	4.042109842E1	1.900788804E1
2.640000000E1	3.770085160E1	1.801937835E1
2.644000000E1	3.495004377E1	1.704530112E1
2.648000000E1	3.219406939E1	1.621239883E1
2.652000000E1	2.964873070E1	1.560870320E1
2.656000000E1	2.462694793E1	1.425232815E1
2.660000000E1	2.460661254E1	1.424342584E1
2.664000000E1	2.203356358E1	1.350732157E1
2.668000000E1	1.966493325E1	1.276897313E1
2.672000000E1	1.772843412E1	1.215517081E1
2.676000000E1	1.621051133E1	1.168667690E1
2.680000000E1	1.508330321E1	1.138843384E1
2.684000000E1	1.434132797E1	1.122234687E1
2.688000000E1	1.386342390E1	1.111851824E1
2.692000000E1	1.360518590E1	1.105707387E1
2.696000000E1	1.351034591E1	1.107505653E1
2.700000000E1	1.362036779E1	1.109128766E1
2.704000000E1	1.379916162E1	1.116263960E1
2.708000000E1	1.404573908E1	1.122558650E1
2.712000000E1	1.438457441E1	1.128423283E1
2.716000000E1	1.484807892E1	1.142648942E1
2.720000000E1	1.551179500E1	1.166999549E1
2.724000000E1	1.649928549E1	1.200576848E1
2.728000000E1	1.796536808E1	1.244513672E1
2.732000000E1	2.006303823E1	1.313045446E1
2.736000000E1	2.290091491E1	1.404806131E1
2.740000000E1	2.669126792E1	1.520989862E1
2.744000000E1	3.134476370E1	1.645435893E1
2.748000000E1	3.668339531E1	1.784257386E1
2.752000000E1	4.906911469E1	2.132020985E1
2.756000000E1	4.781396637E1	2.173737940E1
2.760000000E1	5.223938542E1	2.327111187E1
2.764000000E1	5.512600919E1	2.446553651E1
2.768000000E1	5.642824887E1	2.493432691E1
2.772000000E1	5.709702341E1	2.547939591E1
2.776000000E1	5.724289884E1	2.607037632E1
2.780000000E1	5.692730828E1	2.624244893E1
2.784000000E1	5.647473122E1	2.628180729E1
2.788000000E1	5.597636810E1	2.622233254E1
2.792000000E1	5.455936599E1	2.595465162E1
2.796000000E1	5.455355330E1	2.593946426E1
2.800000000E1	5.370275511E1	2.578786644E1
2.804000000E1	5.275326215E1	2.561989474E1
2.808000000E1	5.166148098E1	2.530146140E1
2.812000000E1	5.024850167E1	2.476755581E1
2.816000000E1	4.858353080E1	2.398812212E1
2.820000000E1	4.671877908E1	2.323430421E1
2.824000000E1	4.452239807E1	2.220542515E1
2.828000000E1	4.197461082E1	2.114643079E1
2.832000000E1	3.924397163E1	2.010558517E1
2.836000000E1	3.648064493E1	1.897762842E1
2.840000000E1	3.378843885E1	1.813387680E1
2.844000000E1	3.122716204E1	1.733912393E1
2.848000000E1	2.865730731E1	1.660753384E1
2.852000000E1	2.620217044E1	1.585142249E1
2.856000000E1	2.399368882E1	1.498059917E1
2.860000000E1	2.208200766E1	1.422270520E1
2.864000000E1	2.044694482E1	1.353220872E1
2.868000000E1	1.901107496E1	1.302355023E1
2.872000000E1	1.786316610E1	1.263125256E1
2.876000000E1	1.689072693E1	1.226901312E1
2.880000000E1	1.614270713E1	1.200441303E1
2.884000000E1	1.562612969E1	1.170340081E1
2.888000000E1	1.528416521E1	1.146940582E1
2.892000000E1	1.515372569E1	1.129091173E1
2.896000000E1	1.520387064E1	1.126775823E1
2.900000000E1	1.558256109E1	1.133432646E1
2.904000000E1	1.624698550E1	1.150460487E1
2.908000000E1	1.717379283E1	1.183367670E1
2.912000000E1	1.839979892E1	1.214450043E1
2.916000000E1	1.994512247E1	1.257387905E1
2.920000000E1	2.192637973E1	1.315821185E1
2.924000000E1	2.437674362E1	1.391744740E1
2.928000000E1	2.719302120E1	1.483490321E1
2.932000000E1	3.036808062E1	1.585035998E1
2.936000000E1	3.752807024E1	1.772520790E1
2.940000000E1	3.765387059E1	1.708066883E1
2.944000000E1	4.211097796E1	1.825526607E1
2.948000000E1	4.291003606E1	2.170499755E1
2.952000000E1	4.806445494E1	2.339875944E1
2.956000000E1	5.412516971E1	2.240597673E1
2.960000000E1	5.564570687E1	2.406573468E1
2.964000000E1	5.648164973E1	2.457378548E1
2.968000000E1	5.685949066E1	2.525461857E1
2.972000000E1	5.679578494E1	2.581433529E1
2.976000000E1	5.638975087E1	2.613536189E1
2.980000000E1	5.581396781E1	2.628334017E1
2.984000000E1	5.518855856E1	2.644920063E1
2.988000000E1	5.444380700E1	2.644888679E1
2.992000000E1	5.340440616E1	2.618638068E1
2.996000000E1	5.220918522E1	2.581830572E1
3.000000000E1	5.071702909E1	2.509330738E1
3.004000000E1	4.874221027E1	2.405267807E1
3.008000000E1	4.643589641E1	2.286677465E1
3.012000000E1	4.392662448E1	2.166591940E1
3.016000000E1	4.114027971E1	2.050377472E1
3.020000000E1	3.828748557E1	1.944309070E1
3.024000000E1	3.546151856E1	1.835411702E1
3.028000000E1	3.256832045E1	1.734540272E1
3.032000000E1	2.994495041E1	1.645491505E1
3.036000000E1	2.751200486E1	1.571740865E1
3.040000000E1	2.540148385E1	1.508922601E1
3.044000000E1	2.346489006E1	1.452531118E1
3.048000000E1	2.193997110E1	1.405849751E1
3.052000000E1	2.063463486E1	1.365658526E1
3.056000000E1	1.963410576E1	1.328494196E1
3.060000000E1	1.879298704E1	1.298299706E1
3.064000000E1	1.819723548E1	1.270761714E1
3.068000000E1	1.777873144E1	1.250096133E1
3.072000000E1	1.746646258E1	1.234948249E1
3.076000000E1	1.703069283E1	1.200421254E1
3.080000000E1	1.703230850E1	1.196817783E1
3.084000000E1	1.688521284E1	1.182364733E1
3.088000000E1	1.685921455E1	1.176088156E1
3.092000000E1	1.684442595E1	1.168509504E1
3.096000000E1	1.682354949E1	1.162880219E1
3.100000000E1	1.676640485E1	1.157489636E1
3.104000000E1	1.672156725E1	1.157070487E1
3.108000000E1	1.664668513E1	1.155670361E1
3.112000000E1	1.657142853E1	1.150893080E1
3.116000000E1	1.647631824E1	1.149590820E1
3.120000000E1	1.642915357E1	1.149205516E1
3.124000000E1	1.636098832E1	1.148208545E1
3.128000000E1	1.632029491E1	1.148742508E1
3.132000000E1	1.630150730E1	1.149067163E1
3.136000000E1	1.631972648E1	1.150845649E1
3.140000000E1	1.642282325E1	1.159532161E1
3.144000000E1	1.658465226E1	1.166229666E1
3.148000000E1	1.677468193E1	1.178390692E1
3.152000000E1	1.704822691E1	1.189758701E1
3.156000000E1	1.744771210E1	1.205500028E1
3.160000000E1	1.796545443E1	1.223551711E1
3.164000000E1	1.867850153E1	1.250176681E1
3.168000000E1	1.962298106E1	1.283861910E1
3.172000000E1	2.093777946E1	1.333567920E1
3.176000000E1	2.257160329E1	1.393004520E1
3.180000000E1	2.454540344E1	1.468242519E1
3.184000000E1	2.681986168E1	1.552573953E1
3.188000000E1	2.891737361E1	1.643739546E1
3.192000000E1	3.141060046E1	1.745057573E1
3.196000000E1	3.428108426E1	1.851796719E1
3.200000000E1	3.730524663E1	1.943014059E1
3.204000000E1	4.074644580E1	2.032054061E1
3.208000000E1	4.482623326E1	2.122970121E1
3.212000000E1	4.924222010E1	2.244776346E1
3.216000000E1	5.537001872E1	2.449862070E1
3.220000000E1	5.535632027E1	2.450696672E1
3.224000000E1	5.620673286E1	2.480302688E1
3.228000000E1	5.638465312E1	2.522970096E1
3.232000000E1	5.607957930E1	2.556523284E1
3.236000000E1	5.534184624E1	2.560179631E1
3.240000000E1	5.447242843E1	2.560088520E1
3.244000000E1	5.356277094E1	2.557969911E1
3.248000000E1	5.248433304E1	2.547777123E1
3.252000000E1	5.128901134E1	2.523558707E1
3.256000000E1	4.978687883E1	2.466825068E1
3.260000000E1	4.806925482E1	2.392491703E1
3.264000000E1	4.618797415E1	2.305064077E1
3.268000000E1	4.415607046E1	2.199174717E1
3.272000000E1	4.204025684E1	2.096425604E1
3.276000000E1	3.975158872E1	1.972320487E1
3.280000000E1	3.739313583E1	1.867142748E1
3.284000000E1	3.513433071E1	1.764357438E1
3.288000000E1	3.290730486E1	1.670038014E1
3.292000000E1	3.078016837E1	1.584175094E1
3.296000000E1	2.871412883E1	1.495675921E1
3.300000000E1	2.692735878E1	1.428780396E1
3.304000000E1	2.538703239E1	1.370617505E1
3.308000000E1	2.400743791E1	1.325280394E1
3.312000000E1	2.285059417E1	1.290117374E1
3.316000000E1	2.187918050E1	1.253467161E1
3.320000000E1	2.123271022E1	1.221073618E1
3.324000000E1	2.081633668E1	1.191695335E1
3.328000000E1	2.062043091E1	1.167044604E1
3.332000000E1	2.063025655E1	1.163251806E1
3.336000000E1	2.089043874E1	1.164283028E1
3.340000000E1	2.134815684E1	1.179420327E1
3.344000000E1	2.196613606E1	1.197716674E1
3.348000000E1	2.400954465E1	1.304000360E1
3.352000000E1	2.404022967E1	1.301484653E1
3.356000000E1	2.574655148E1	1.403132914E1
3.360000000E1	2.876378678E1	1.538731954E1
3.364000000E1	3.236608375E1	1.715224392E1
3.368000000E1	3.635289912E1	1.886861082E1
3.372000000E1	4.076015014E1	2.048325523E1
3.376000000E1	4.541556323E1	2.196422604E1
3.380000000E1	4.923645608E1	2.304878967E1
3.384000000E1	5.155718126E1	2.356037785E1
3.388000000E1	5.227602391E1	2.353772970E1
3.392000000E1	5.253242835E1	2.373863485E1
3.396000000E1	5.242876672E1	2.407158646E1
3.400000000E1	5.200069045E1	2.430343582E1
3.404000000E1	5.135957835E1	2.437095688E1
3.408000000E1	5.073652445E1	2.437368839E1
3.412000000E1	5.004486140E1	2.431682666E1
3.416000000E1	4.911752087E1	2.406375113E1
3.420000000E1	4.794622797E1	2.365492952E1
3.424000000E1	4.669484542E1	2.304033485E1
3.428000000E1	4.522637874E1	2.225604069E1
3.432000000E1	4.359515220E1	2.132202801E1
3.436000000E1	4.207462083E1	2.075984822E1
3.440000000E1	4.056459123E1	2.003520041E1
3.444000000E1	3.883012804E1	1.911821476E1
3.448000000E1	3.678883238E1	1.779582876E1
3.452000000E1	3.476073644E1	1.646548374E1
3.456000000E1	3.119725753E1	1.457880970E1
3.460000000E1	3.118056357E1	1.460873751E1
3.464000000E1	2.958647881E1	1.402853934E1
3.468000000E1	2.813480484E1	1.355980468E1
3.472000000E1	2.684028447E1	1.329459886E1
3.476000000E1	2.578696817E1	1.315286382E1
3.480000000E1	2.487661398E1	1.312818017E1
3.484000000E1	2.412209352E1	1.319340675E1
3.488000000E1	2.345816094E1	1.325002051E1
3.492000000E1	2.302769861E1	1.335567832E1
3.496000000E1	2.278240392E1	1.343920854E1
3.500000000E1	2.267059997E1	1.355173211E1
3.504000000E1	2.272641585E1	1.369990208E1
3.508000000E1	2.291688978E1	1.388439275E1
3.512000000E1	2.325377801E1	1.416377739E1
3.516000000E1	2.377261105E1	1.446949919E1
3.520000000E1	2.440425854E1	1.474848168E1
3.524000000E1	2.510896048E1	1.507292949E1
3.528000000E1	2.591981992E1	1.538883903E1
3.532000000E1	2.690304377E1	1.581188908E1
3.536000000E1	2.995689287E1	1.694719439E1
3.540000000E1	2.996229888E1	1.691664511E1
3.544000000E1	3.222628053E1	1.762821021E1
3.548000000E1	3.490217798E1	1.856234947E1
3.552000000E1	4.222372993E1	2.076948705E1
3.556000000E1	4.222652668E1	2.078916506E1
3.560000000E1	4.642349325E1	2.201681972E1
3.564000000E1	4.950731567E1	2.279572271E1
3.568000000E1	5.191241880E1	2.349391978E1
3.572000000E1	5.330617642E1	2.385829518E1
3.576000000E1	5.327126843E1	2.384946504E1
3.580000000E1	5.310158850E1	2.387125733E1
3.584000000E1	5.264702297E1	2.385901260E1
3.588000000E1	5.204421755E1	2.381110737E1
3.592000000E1	5.077592500E1	2.383406035E1
3.596000000E1	5.072949572E1	2.383817267E1
3.600000000E1	5.009155064E1	2.386481019E1
3.604000000E1	4.943629763E1	2.387769306E1
3.608000000E1	4.876218066E1	2.385504316E1
3.612000000E1	4.804354494E1	2.383288486E1
3.616000000E1	4.726189497E1	2.356673213E1
3.620000000E1	4.649407181E1	2.326931468E1
3.624000000E1	4.561521152E1	2.285207422E1
3.628000000E1	4.473044370E1	2.236152222E1
3.632000000E1	4.393116573E1	2.201795615E1
3.636000000E1	4.243015875E1	2.143570306E1
3.640000000E1	4.245296027E1	2.144209505E1
3.644000000E1	4.178448081E1	2.116341957E1
3.648000000E1	4.129924045E1	2.114189883E1
3.652000000E1	4.094428406E1	2.112804260E1
3.656000000E1	4.054432557E1	2.101945706E1
3.660000000E1	4.014476213E1	2.085292664E1
3.664000000E1	3.963001474E1	2.055695784E1
3.668000000E1	3.900815430E1	2.016134585E1
3.672000000E1	3.818940321E1	1.952881057E1
3.676000000E1	3.723111382E1	1.893749327E1
3.680000000E1	3.622263611E1	1.833557757E1
3.684000000E1	3.506343032E1	1.774377116E1
3.688000000E1	3.389067343E1	1.725793521E1
3.692000000E1	3.258905974E1	1.667692601E1
3.696000000E1	3.123604535E1	1.623774685E1
3.700000000E1	2.991343785E1	1.582078941E1
3.704000000E1	2.858031525E1	1.542498055E1
3.708000000E1	2.727184769E1	1.506425767E1
3.712000000E1	2.602541635E1	1.469688797E1
3.716000000E1	2.496423603E1	1.438738107E1
3.720000000E1	2.408713605E1	1.406727577E1
3.724000000E1	2.343202522E1	1.380757207E1
3.728000000E1	2.293083973E1	1.354421812E1
3.732000000E1	2.261730481E1	1.338964812E1
3.736000000E1	2.252997718E1	1.336134488E1
3.740000000E1	2.257185340E1	1.337510810E1
3.744000000E1	2.268459132E1	1.348274447E1
3.748000000E1	2.268785364E1	1.355142553E1
3.752000000E1	2.256903479E1	1.358234735E1
3.756000000E1	2.244308708E1	1.355524550E1
3.760000000E1	2.241932874E1	1.364704910E1
3.764000000E1	2.241054287E1	1.369279190E1
3.768000000E1	2.239595362E1	1.379468312E1
3.772000000E1	2.239751723E1	1.383846405E1
3.776000000E1	2.237480677E1	1.394960282E1
3.780000000E1	2.235227562E1	1.406213158E1
3.784000000E1	2.237989895E1	1.415012994E1
3.788000000E1	2.234455090E1	1.424407502E1
3.792000000E1	2.228094649E1	1.426256252E1
3.796000000E1	2.226733855E1	1.426369381E1
3.800000000E1	2.225051745E1	1.425914335E1
3.804000000E1	2.225602458E1	1.426580479E1
3.808000000E1	2.225744068E1	1.429871514E1
3.812000000E1	2.226079913E1	1.427476783E1
3.816000000E1	2.226258056E1	1.426701560E1
3.820000000E1	2.226071366E1	1.426455028E1
3.824000000E1	2.224973910E1	1.426643843E1
3.828000000E1	2.222904442E1	1.426947627E1
3.832000000E1	2.220427286E1	1.427229539E1
3.836000000E1	2.221905214E1	1.429945394E1
3.840000000E1	2.222010506E1	1.437066499E1
3.844000000E1	2.224841187E1	1.440249943E1
3.848000000E1	2.217630347E1	1.436624377E1
3.852000000E1	2.209669586E1	1.429960319E1
3.856000000E1	2.199612439E1	1.426359166E1
3.860000000E1	2.194802452E1	1.424241055E1
3.864000000E1	2.195881926E1	1.422991197E1
3.868000000E1	2.194084444E1	1.415361968E1
3.872000000E1	2.188963809E1	1.397248116E1
3.876000000E1	2.168225638E1	1.364484327E1
3.880000000E1	2.119040471E1	1.248921268E1
