armbåge
t	x	y
0.000000000E0	1.115115207E1	7.798271889E0
4.000000000E-2	1.114855692E1	7.798924529E0
8.000000000E-2	1.114927932E1	7.798893330E0
1.200000000E-1	1.114825626E1	7.803249948E0
1.600000000E-1	1.114704499E1	7.808717487E0
2.000000000E-1	1.114380549E1	7.805024565E0
2.400000000E-1	1.114021798E1	7.803884241E0
2.800000000E-1	1.114424927E1	7.798850161E0
3.200000000E-1	1.114723809E1	7.799411381E0
3.600000000E-1	1.115093181E1	7.797525179E0
4.000000000E-1	1.115357526E1	7.795653787E0
4.400000000E-1	1.115246069E1	7.796461197E0
4.800000000E-1	1.115209804E1	7.796150087E0
5.200000000E-1	1.115065034E1	7.792692764E0
5.600000000E-1	1.115070642E1	7.794336927E0
6.000000000E-1	1.115066399E1	7.795888638E0
6.400000000E-1	1.115058192E1	7.796480171E0
6.800000000E-1	1.115019852E1	7.797221679E0
7.200000000E-1	1.114998234E1	7.797635645E0
7.600000000E-1	1.114923634E1	7.797677445E0
8.000000000E-1	1.114843309E1	7.797545709E0
8.400000000E-1	1.114783440E1	7.798395359E0
8.800000000E-1	1.114731006E1	7.799038703E0
9.200000000E-1	1.111677397E1	7.817099471E0
9.600000000E-1	1.112719869E1	7.819598213E0
1.000000000E0	1.102521233E1	7.818163172E0
1.040000000E0	1.099242107E1	7.813317659E0
1.080000000E0	1.095094687E1	7.816174650E0
1.120000000E0	1.097581799E1	7.937432234E0
1.160000000E0	1.140035158E1	8.243154277E0
1.200000000E0	1.248787459E1	8.750342785E0
1.240000000E0	1.445177155E1	9.706171149E0
1.280000000E0	1.699628854E1	1.098353422E1
1.320000000E0	2.004694925E1	1.251183933E1
1.360000000E0	2.339767830E1	1.429827390E1
1.400000000E0	2.683605065E1	1.620403635E1
1.440000000E0	3.008687032E1	1.811566437E1
1.480000000E0	3.328015028E1	1.983441661E1
1.520000000E0	3.615310204E1	2.131915653E1
1.560000000E0	3.857829334E1	2.241960178E1
1.600000000E0	4.061020995E1	2.317643214E1
1.640000000E0	4.215793417E1	2.363692085E1
1.680000000E0	4.339834045E1	2.378008958E1
1.720000000E0	4.435130215E1	2.376852614E1
1.760000000E0	4.506354070E1	2.366572617E1
1.800000000E0	4.563623929E1	2.350826203E1
1.840000000E0	4.610903207E1	2.332033887E1
1.880000000E0	4.642153531E1	2.311096680E1
1.920000000E0	4.659229434E1	2.286418612E1
1.960000000E0	4.666620898E1	2.254888219E1
2.000000000E0	4.656603558E1	2.216557131E1
2.040000000E0	4.637415225E1	2.190007269E1
2.080000000E0	4.597531850E1	2.182572275E1
2.120000000E0	4.534753462E1	2.169530993E1
2.160000000E0	4.445490865E1	2.149716267E1
2.200000000E0	4.324004311E1	2.108373316E1
2.240000000E0	4.187960572E1	2.060545781E1
2.280000000E0	4.024497384E1	2.000731448E1
2.320000000E0	3.858455125E1	1.942839539E1
2.360000000E0	3.693388282E1	1.883734599E1
2.400000000E0	3.558200298E1	1.849273890E1
2.440000000E0	3.460116956E1	1.824618272E1
2.480000000E0	3.408475083E1	1.820336547E1
2.520000000E0	3.387894586E1	1.833026567E1
2.560000000E0	3.376126852E1	1.832515601E1
2.600000000E0	3.376148883E1	1.832118398E1
2.640000000E0	3.384885394E1	1.833136495E1
2.680000000E0	3.389167356E1	1.831895160E1
2.720000000E0	3.389929415E1	1.830262936E1
2.760000000E0	3.389299907E1	1.831396008E1
2.800000000E0	3.384737099E1	1.832069736E1
2.840000000E0	3.360935979E1	1.821851646E1
2.880000000E0	3.316710750E1	1.804546414E1
2.920000000E0	3.246295287E1	1.775899378E1
2.960000000E0	3.144173726E1	1.726786931E1
3.000000000E0	2.999631069E1	1.651739188E1
3.040000000E0	2.817999997E1	1.556606307E1
3.080000000E0	2.612133426E1	1.455859829E1
3.120000000E0	2.405609818E1	1.354378867E1
3.160000000E0	2.218406229E1	1.254530006E1
3.200000000E0	2.059126401E1	1.172622762E1
3.240000000E0	1.926230138E1	1.099821376E1
3.280000000E0	1.822210241E1	1.042359001E1
3.320000000E0	1.766792432E1	1.001923347E1
3.360000000E0	1.756901517E1	9.947262083E0
3.400000000E0	1.784178931E1	9.983556743E0
3.440000000E0	1.814052793E1	1.021247145E1
3.480000000E0	1.868361295E1	1.051824369E1
3.520000000E0	1.969939001E1	1.098135667E1
3.560000000E0	2.138146779E1	1.173843429E1
3.600000000E0	2.362099881E1	1.289392879E1
3.640000000E0	2.623107661E1	1.433323803E1
3.680000000E0	2.911668989E1	1.593374879E1
3.720000000E0	3.213588416E1	1.767749833E1
3.760000000E0	3.510093624E1	1.936582305E1
3.800000000E0	3.789409323E1	2.075458187E1
3.840000000E0	4.032035766E1	2.187080539E1
3.880000000E0	4.249439056E1	2.265103497E1
3.920000000E0	4.411274058E1	2.307362658E1
3.960000000E0	4.540394854E1	2.328992766E1
4.000000000E0	4.625902549E1	2.331759252E1
4.040000000E0	4.688229295E1	2.329016388E1
4.080000000E0	4.718643783E1	2.311153069E1
4.120000000E0	4.720881976E1	2.290332278E1
4.160000000E0	4.702735992E1	2.256577031E1
4.200000000E0	4.662307776E1	2.216124728E1
4.240000000E0	4.606476841E1	2.183969475E1
4.280000000E0	4.531005715E1	2.149796501E1
4.320000000E0	4.437882346E1	2.120715429E1
4.360000000E0	4.328278177E1	2.074310012E1
4.400000000E0	4.201495359E1	2.017691198E1
4.440000000E0	4.067004802E1	1.950625268E1
4.480000000E0	3.919283452E1	1.881211826E1
4.520000000E0	3.781467779E1	1.823018153E1
4.560000000E0	3.651277579E1	1.772706187E1
4.600000000E0	3.530365246E1	1.741220940E1
4.640000000E0	3.421780697E1	1.719580603E1
4.680000000E0	3.329365205E1	1.700166215E1
4.720000000E0	3.259173895E1	1.686285911E1
4.760000000E0	3.207800384E1	1.679585190E1
4.800000000E0	3.168520991E1	1.680041499E1
4.840000000E0	3.157493491E1	1.687007153E1
4.880000000E0	3.166508786E1	1.699400274E1
4.920000000E0	3.173461484E1	1.712454075E1
4.960000000E0	3.170694249E1	1.712833841E1
5.000000000E0	3.150016649E1	1.704850277E1
5.040000000E0	3.115946460E1	1.682943644E1
5.080000000E0	3.041750021E1	1.637030530E1
5.120000000E0	2.927713373E1	1.564081633E1
5.160000000E0	2.790034279E1	1.486118024E1
5.200000000E0	2.628480301E1	1.396338657E1
5.240000000E0	2.452792746E1	1.306053044E1
5.280000000E0	2.267523967E1	1.204898297E1
5.320000000E0	2.102884224E1	1.125706043E1
5.360000000E0	1.975722063E1	1.052435033E1
5.400000000E0	1.887947616E1	9.931315010E0
5.440000000E0	1.850317067E1	9.631132835E0
5.480000000E0	1.854490510E1	9.586304353E0
5.520000000E0	1.872603177E1	9.644695656E0
5.560000000E0	1.910321369E1	9.862286446E0
5.600000000E0	1.955597861E1	1.014628514E1
5.640000000E0	2.035294952E1	1.049510175E1
5.680000000E0	2.156164396E1	1.103337611E1
5.720000000E0	2.335522762E1	1.181611745E1
5.760000000E0	2.549283778E1	1.286835888E1
5.800000000E0	2.791475762E1	1.412857703E1
5.840000000E0	3.053593681E1	1.552698624E1
5.880000000E0	3.329862392E1	1.684935074E1
5.920000000E0	3.604370395E1	1.812112888E1
5.960000000E0	3.858964599E1	1.917412548E1
6.000000000E0	4.095740651E1	2.002016964E1
6.040000000E0	4.292752287E1	2.047917479E1
6.080000000E0	4.451149388E1	2.071479124E1
6.120000000E0	4.568911785E1	2.089221676E1
6.160000000E0	4.644959207E1	2.087548388E1
6.200000000E0	4.688156490E1	2.081011442E1
6.240000000E0	4.700945432E1	2.061263662E1
6.280000000E0	4.685756446E1	2.029986080E1
6.320000000E0	4.648525470E1	2.000622360E1
6.360000000E0	4.594831161E1	1.983586601E1
6.400000000E0	4.521136448E1	1.968680833E1
6.440000000E0	4.419687934E1	1.941788230E1
6.480000000E0	4.307026818E1	1.913743542E1
6.520000000E0	4.182616164E1	1.886483748E1
6.560000000E0	4.051181115E1	1.856015938E1
6.600000000E0	3.917865829E1	1.828384994E1
6.640000000E0	3.771691552E1	1.792104255E1
6.680000000E0	3.634620699E1	1.766681224E1
6.720000000E0	3.513944678E1	1.754908987E1
6.760000000E0	3.433381293E1	1.773649499E1
6.800000000E0	3.402117640E1	1.805566263E1
6.840000000E0	3.392656616E1	1.832077893E1
6.880000000E0	3.392011925E1	1.834920373E1
6.920000000E0	3.395676908E1	1.834700219E1
6.960000000E0	3.397655552E1	1.836772612E1
7.000000000E0	3.388227036E1	1.836331271E1
7.040000000E0	3.359643134E1	1.830282623E1
7.080000000E0	3.295201290E1	1.792832572E1
7.120000000E0	3.179251985E1	1.716707042E1
7.160000000E0	3.011673057E1	1.616346012E1
7.200000000E0	2.796464820E1	1.504175174E1
7.240000000E0	2.547375638E1	1.390283904E1
7.280000000E0	2.273941734E1	1.295803531E1
7.320000000E0	2.017170161E1	1.201689461E1
7.360000000E0	1.795698875E1	1.123139693E1
7.400000000E0	1.638347648E1	1.063592312E1
7.440000000E0	1.547185558E1	1.027211647E1
7.480000000E0	1.522376055E1	1.006979389E1
7.520000000E0	1.534989081E1	1.000048839E1
7.560000000E0	1.579257779E1	1.004128382E1
7.600000000E0	1.624813254E1	1.006694884E1
7.640000000E0	1.703106837E1	1.028980002E1
7.680000000E0	1.838447124E1	1.074733755E1
7.720000000E0	2.042790017E1	1.154579304E1
7.760000000E0	2.295702046E1	1.256093371E1
7.800000000E0	2.576199938E1	1.389632178E1
7.840000000E0	2.879512259E1	1.530216769E1
7.880000000E0	3.177200368E1	1.674094820E1
7.920000000E0	3.463321188E1	1.811558604E1
7.960000000E0	3.726136976E1	1.937011487E1
8.000000000E0	3.948522995E1	2.044404141E1
8.040000000E0	4.124797270E1	2.127101880E1
8.080000000E0	4.265993363E1	2.178412287E1
8.120000000E0	4.369585843E1	2.214357422E1
8.160000000E0	4.448080082E1	2.240970071E1
8.200000000E0	4.503441199E1	2.243932823E1
8.240000000E0	4.534448929E1	2.238574747E1
8.280000000E0	4.532742768E1	2.221901010E1
8.320000000E0	4.505302059E1	2.213502577E1
8.360000000E0	4.461121078E1	2.212510514E1
8.400000000E0	4.398111459E1	2.212382365E1
8.440000000E0	4.307502779E1	2.187712284E1
8.480000000E0	4.199586946E1	2.148037910E1
8.520000000E0	4.081399659E1	2.092684464E1
8.560000000E0	3.951798002E1	2.031579744E1
8.600000000E0	3.814204189E1	1.971323512E1
8.640000000E0	3.667141418E1	1.897611284E1
8.680000000E0	3.511086227E1	1.807682641E1
8.720000000E0	3.365545248E1	1.717870243E1
8.760000000E0	3.257028820E1	1.663395381E1
8.800000000E0	3.169235968E1	1.633734059E1
8.840000000E0	3.109121060E1	1.622181426E1
8.880000000E0	3.076988545E1	1.623277299E1
8.920000000E0	3.063543646E1	1.626358726E1
8.960000000E0	3.057689638E1	1.628239656E1
9.000000000E0	3.049220052E1	1.624320453E1
9.040000000E0	3.027371869E1	1.608444385E1
9.080000000E0	2.969483531E1	1.565182548E1
9.120000000E0	2.879123734E1	1.504875679E1
9.160000000E0	2.753782982E1	1.428793122E1
9.200000000E0	2.597072667E1	1.341082300E1
9.240000000E0	2.424041272E1	1.263969388E1
9.280000000E0	2.259301092E1	1.200276047E1
9.320000000E0	2.109525340E1	1.139373784E1
9.360000000E0	1.996428625E1	1.090795696E1
9.400000000E0	1.924641558E1	1.065965172E1
9.440000000E0	1.896528669E1	1.040018933E1
9.480000000E0	1.910320315E1	1.039376593E1
9.520000000E0	1.943683986E1	1.051759574E1
9.560000000E0	1.972134765E1	1.069991137E1
9.600000000E0	2.014549280E1	1.095225444E1
9.640000000E0	2.097678564E1	1.122157895E1
9.680000000E0	2.250761171E1	1.173680400E1
9.720000000E0	2.461686868E1	1.259289034E1
9.760000000E0	2.717005520E1	1.381398360E1
9.800000000E0	3.001716287E1	1.530029577E1
9.840000000E0	3.291323585E1	1.682399922E1
9.880000000E0	3.571963973E1	1.834022211E1
9.920000000E0	3.818854886E1	1.948559092E1
9.960000000E0	4.022641869E1	2.054127634E1
1.000000000E1	4.183489084E1	2.125462940E1
1.004000000E1	4.311650205E1	2.171952399E1
1.008000000E1	4.407869859E1	2.192937667E1
1.012000000E1	4.475739677E1	2.196086619E1
1.016000000E1	4.511375077E1	2.184789544E1
1.020000000E1	4.516921740E1	2.168056128E1
1.024000000E1	4.501261318E1	2.138602618E1
1.028000000E1	4.464455116E1	2.120843854E1
1.032000000E1	4.403487194E1	2.108866870E1
1.036000000E1	4.319918636E1	2.088357099E1
1.040000000E1	4.219522279E1	2.058822972E1
1.044000000E1	4.103759681E1	2.021998856E1
1.048000000E1	3.981769201E1	1.981303986E1
1.052000000E1	3.852601040E1	1.943570029E1
1.056000000E1	3.736411847E1	1.908249023E1
1.060000000E1	3.621958662E1	1.870150015E1
1.064000000E1	3.531449535E1	1.842537635E1
1.068000000E1	3.464615837E1	1.824926155E1
1.072000000E1	3.419780138E1	1.817146708E1
1.076000000E1	3.390486583E1	1.814650716E1
1.080000000E1	3.386770201E1	1.818164827E1
1.084000000E1	3.382953024E1	1.805600653E1
1.088000000E1	3.377822400E1	1.791085102E1
1.092000000E1	3.375946390E1	1.787024321E1
1.096000000E1	3.373729808E1	1.782492611E1
1.100000000E1	3.363663391E1	1.778805942E1
1.104000000E1	3.346925400E1	1.772080743E1
1.108000000E1	3.317948785E1	1.759610655E1
1.112000000E1	3.270469005E1	1.744164541E1
1.116000000E1	3.203761675E1	1.715876697E1
1.120000000E1	3.109088192E1	1.665183772E1
1.124000000E1	2.971975393E1	1.591001538E1
1.128000000E1	2.802283634E1	1.500908507E1
1.132000000E1	2.622347901E1	1.410219547E1
1.136000000E1	2.439367241E1	1.311862065E1
1.140000000E1	2.277219305E1	1.218821442E1
1.144000000E1	2.145263788E1	1.138817293E1
1.148000000E1	2.053668344E1	1.083607273E1
1.152000000E1	2.006395665E1	1.051107791E1
1.156000000E1	2.003020307E1	1.050557310E1
1.160000000E1	2.018076207E1	1.061386882E1
1.164000000E1	2.034231541E1	1.079140947E1
1.168000000E1	2.041110297E1	1.082649237E1
1.172000000E1	2.045254011E1	1.093060476E1
1.176000000E1	2.050407203E1	1.099829023E1
1.180000000E1	2.076473370E1	1.112614646E1
1.184000000E1	2.154806329E1	1.140493251E1
1.188000000E1	2.295707506E1	1.185988541E1
1.192000000E1	2.499434703E1	1.276342936E1
1.196000000E1	2.743474657E1	1.395002591E1
1.200000000E1	3.009157208E1	1.530757647E1
1.204000000E1	3.282677301E1	1.671783802E1
1.208000000E1	3.546160208E1	1.808501411E1
1.212000000E1	3.784566378E1	1.927371364E1
1.216000000E1	3.989610154E1	2.019437716E1
1.220000000E1	4.160121215E1	2.087185507E1
1.224000000E1	4.291991904E1	2.133121409E1
1.228000000E1	4.386029394E1	2.150411440E1
1.232000000E1	4.445386958E1	2.155886699E1
1.236000000E1	4.476687881E1	2.150538657E1
1.240000000E1	4.482316304E1	2.138644486E1
1.244000000E1	4.463942478E1	2.120618780E1
1.248000000E1	4.430784432E1	2.120386537E1
1.252000000E1	4.385143553E1	2.120854131E1
1.256000000E1	4.324975449E1	2.118075784E1
1.260000000E1	4.247645784E1	2.091059454E1
1.264000000E1	4.155507010E1	2.061863436E1
1.268000000E1	4.050252558E1	2.012110197E1
1.272000000E1	3.929059218E1	1.956812165E1
1.276000000E1	3.810980994E1	1.906059950E1
1.280000000E1	3.689419657E1	1.853819148E1
1.284000000E1	3.573923890E1	1.805547462E1
1.288000000E1	3.481830139E1	1.774863389E1
1.292000000E1	3.409291492E1	1.750075821E1
1.296000000E1	3.359822401E1	1.744998067E1
1.300000000E1	3.323853337E1	1.744836481E1
1.304000000E1	3.300049701E1	1.744121298E1
1.308000000E1	3.288495220E1	1.743843929E1
1.312000000E1	3.286172116E1	1.744381565E1
1.316000000E1	3.284334064E1	1.744289036E1
1.320000000E1	3.267882667E1	1.740978022E1
1.324000000E1	3.223449694E1	1.713075466E1
1.328000000E1	3.146621694E1	1.665321933E1
1.332000000E1	3.028666830E1	1.595586468E1
1.336000000E1	2.891634970E1	1.531663484E1
1.340000000E1	2.729555538E1	1.453605233E1
1.344000000E1	2.549237892E1	1.368840452E1
1.348000000E1	2.383077593E1	1.295540005E1
1.352000000E1	2.239920207E1	1.228195640E1
1.356000000E1	2.134063221E1	1.173880761E1
1.360000000E1	2.069191860E1	1.130375352E1
1.364000000E1	2.043288815E1	1.109504749E1
1.368000000E1	2.056256709E1	1.109033113E1
1.372000000E1	2.083568460E1	1.123531489E1
1.376000000E1	2.123347493E1	1.142266784E1
1.380000000E1	2.179967007E1	1.161237348E1
1.384000000E1	2.270604160E1	1.188506292E1
1.388000000E1	2.396157937E1	1.233755887E1
1.392000000E1	2.566537641E1	1.301673977E1
1.396000000E1	2.769862935E1	1.404279933E1
1.400000000E1	2.999917558E1	1.520523600E1
1.404000000E1	3.238947915E1	1.653551173E1
1.408000000E1	3.479297642E1	1.792023867E1
1.412000000E1	3.702070749E1	1.913243682E1
1.416000000E1	3.905732897E1	2.014019032E1
1.420000000E1	4.081449618E1	2.087412386E1
1.424000000E1	4.222603431E1	2.139230559E1
1.428000000E1	4.336829426E1	2.177007773E1
1.432000000E1	4.412851237E1	2.188200313E1
1.436000000E1	4.460127861E1	2.188011481E1
1.440000000E1	4.479199359E1	2.180397159E1
1.444000000E1	4.474585091E1	2.169920914E1
1.448000000E1	4.448212220E1	2.140023063E1
1.452000000E1	4.407149042E1	2.118844414E1
1.456000000E1	4.355032231E1	2.108576112E1
1.460000000E1	4.295236659E1	2.091728508E1
1.464000000E1	4.218073033E1	2.063951791E1
1.468000000E1	4.128200387E1	2.026224668E1
1.472000000E1	4.025052759E1	1.987020190E1
1.476000000E1	3.914099533E1	1.941206411E1
1.480000000E1	3.800257879E1	1.899391304E1
1.484000000E1	3.691392273E1	1.863602340E1
1.488000000E1	3.582805400E1	1.832568966E1
1.492000000E1	3.486382786E1	1.802106770E1
1.496000000E1	3.405539768E1	1.777286992E1
1.500000000E1	3.348978372E1	1.760723321E1
1.504000000E1	3.302411881E1	1.744986836E1
1.508000000E1	3.269432899E1	1.731762653E1
1.512000000E1	3.258557818E1	1.728098866E1
1.516000000E1	3.255522867E1	1.727993659E1
1.520000000E1	3.243311644E1	1.723572351E1
1.524000000E1	3.207440324E1	1.701975135E1
1.528000000E1	3.147132172E1	1.669467057E1
1.532000000E1	3.049802309E1	1.612855927E1
1.536000000E1	2.921307766E1	1.543459644E1
1.540000000E1	2.759753461E1	1.451008583E1
1.544000000E1	2.575566211E1	1.337617348E1
1.548000000E1	2.367228242E1	1.217340955E1
1.552000000E1	2.172247909E1	1.110605359E1
1.556000000E1	2.006922497E1	1.034897898E1
1.560000000E1	1.883313969E1	9.854200931E0
1.564000000E1	1.795293915E1	9.557057806E0
1.568000000E1	1.737559808E1	9.334869802E0
1.572000000E1	1.725557551E1	9.276131195E0
1.576000000E1	1.745867154E1	9.311808824E0
1.580000000E1	1.766029861E1	9.382714062E0
1.584000000E1	1.778279057E1	9.507774917E0
1.588000000E1	1.791666619E1	9.596019680E0
1.592000000E1	1.818905959E1	9.738390753E0
1.596000000E1	1.866956558E1	9.920205096E0
1.600000000E1	1.954616143E1	1.025309032E1
1.604000000E1	2.090959250E1	1.076283153E1
1.608000000E1	2.263413298E1	1.144318402E1
1.612000000E1	2.479898996E1	1.237720352E1
1.616000000E1	2.730000665E1	1.346228921E1
1.620000000E1	2.986600662E1	1.472982129E1
1.624000000E1	3.245210752E1	1.601825984E1
1.628000000E1	3.479953301E1	1.728724093E1
1.632000000E1	3.698984612E1	1.845073788E1
1.636000000E1	3.874641843E1	1.943986211E1
1.640000000E1	4.026427745E1	2.016051767E1
1.644000000E1	4.147392479E1	2.072829802E1
1.648000000E1	4.233694180E1	2.108826005E1
1.652000000E1	4.293197712E1	2.119596196E1
1.656000000E1	4.330884122E1	2.120071526E1
1.660000000E1	4.351600354E1	2.121179878E1
1.664000000E1	4.351841871E1	2.113197543E1
1.668000000E1	4.333095414E1	2.091155644E1
1.672000000E1	4.298390506E1	2.077939278E1
1.676000000E1	4.245753484E1	2.054432108E1
1.680000000E1	4.176914234E1	2.025171359E1
1.684000000E1	4.093835946E1	1.991887244E1
1.688000000E1	3.995221979E1	1.944497437E1
1.692000000E1	3.890432887E1	1.897877723E1
1.696000000E1	3.782806415E1	1.852989182E1
1.700000000E1	3.677454795E1	1.807389619E1
1.704000000E1	3.575243680E1	1.774727112E1
1.708000000E1	3.487487734E1	1.755682328E1
1.712000000E1	3.416738409E1	1.745591939E1
1.716000000E1	3.366296307E1	1.744612179E1
1.720000000E1	3.326810897E1	1.744321010E1
1.724000000E1	3.299121297E1	1.744567263E1
1.728000000E1	3.282574800E1	1.745110334E1
1.732000000E1	3.281380060E1	1.746700015E1
1.736000000E1	3.288914833E1	1.753264721E1
1.740000000E1	3.296209503E1	1.760241831E1
1.744000000E1	3.297987790E1	1.759517766E1
1.748000000E1	3.282917036E1	1.746551770E1
1.752000000E1	3.241223750E1	1.720518733E1
1.756000000E1	3.165958048E1	1.671276748E1
1.760000000E1	3.061760438E1	1.610891338E1
1.764000000E1	2.936293155E1	1.549717636E1
1.768000000E1	2.788663513E1	1.486802990E1
1.772000000E1	2.618789408E1	1.426958439E1
1.776000000E1	2.446747253E1	1.369584977E1
1.780000000E1	2.282321440E1	1.316463113E1
1.784000000E1	2.128214965E1	1.265923177E1
1.788000000E1	2.006424207E1	1.216034390E1
1.792000000E1	1.919716126E1	1.167925268E1
1.796000000E1	1.871105476E1	1.138012976E1
1.800000000E1	1.858080790E1	1.116884168E1
1.804000000E1	1.874885400E1	1.113225919E1
1.808000000E1	1.925970099E1	1.130696757E1
1.812000000E1	2.017585018E1	1.161669450E1
1.816000000E1	2.157771795E1	1.214935773E1
1.820000000E1	2.346525172E1	1.291380764E1
1.824000000E1	2.575128398E1	1.384689346E1
1.828000000E1	2.827918262E1	1.495325435E1
1.832000000E1	3.103014998E1	1.618148676E1
1.836000000E1	3.373924187E1	1.748765649E1
1.840000000E1	3.631924231E1	1.866088529E1
1.844000000E1	3.859491281E1	1.960473754E1
1.848000000E1	4.062786427E1	2.042854981E1
1.852000000E1	4.226341789E1	2.094887066E1
1.856000000E1	4.355807211E1	2.125436958E1
1.860000000E1	4.448931320E1	2.132660904E1
1.864000000E1	4.514276952E1	2.135246340E1
1.868000000E1	4.554390328E1	2.134205426E1
1.872000000E1	4.564239162E1	2.119798289E1
1.876000000E1	4.546540462E1	2.097336779E1
1.880000000E1	4.507799490E1	2.076542502E1
1.884000000E1	4.455185542E1	2.071453486E1
1.888000000E1	4.383915115E1	2.056599425E1
1.892000000E1	4.295800831E1	2.038808961E1
1.896000000E1	4.189246122E1	2.000008142E1
1.900000000E1	4.068832465E1	1.954601838E1
1.904000000E1	3.936940938E1	1.907841986E1
1.908000000E1	3.808566933E1	1.873518816E1
1.912000000E1	3.686472811E1	1.842970045E1
1.916000000E1	3.572821532E1	1.820314883E1
1.920000000E1	3.478029670E1	1.803256696E1
1.924000000E1	3.400801112E1	1.789366438E1
1.928000000E1	3.338457243E1	1.778639973E1
1.932000000E1	3.290958918E1	1.766324403E1
1.936000000E1	3.267900902E1	1.757859590E1
1.940000000E1	3.265859329E1	1.757466380E1
1.944000000E1	3.270283687E1	1.756793967E1
1.948000000E1	3.274163820E1	1.757831394E1
1.952000000E1	3.273736740E1	1.758744692E1
1.956000000E1	3.270498407E1	1.759156896E1
1.960000000E1	3.251342986E1	1.748896588E1
1.964000000E1	3.219064058E1	1.729441413E1
1.968000000E1	3.163815585E1	1.699857112E1
1.972000000E1	3.092054169E1	1.669701943E1
1.976000000E1	3.004317299E1	1.635353410E1
1.980000000E1	2.890784915E1	1.590649372E1
1.984000000E1	2.765394522E1	1.547255025E1
1.988000000E1	2.634678681E1	1.498881033E1
1.992000000E1	2.498506136E1	1.447995473E1
1.996000000E1	2.382110484E1	1.406768324E1
2.000000000E1	2.288644243E1	1.378328747E1
2.004000000E1	2.228569476E1	1.352413045E1
2.008000000E1	2.199208518E1	1.335878724E1
2.012000000E1	2.201687899E1	1.334951161E1
2.016000000E1	2.213904584E1	1.339033312E1
2.020000000E1	2.231289113E1	1.352172340E1
2.024000000E1	2.242839967E1	1.367254768E1
2.028000000E1	2.252457328E1	1.381001050E1
2.032000000E1	2.261090099E1	1.390067807E1
2.036000000E1	2.290675568E1	1.396044940E1
2.040000000E1	2.349807317E1	1.411188606E1
2.044000000E1	2.443684374E1	1.440673189E1
2.048000000E1	2.578319190E1	1.485836773E1
2.052000000E1	2.756943571E1	1.552098915E1
2.056000000E1	2.978222049E1	1.641928206E1
2.060000000E1	3.221650367E1	1.744028140E1
2.064000000E1	3.469243825E1	1.846772018E1
2.068000000E1	3.705074929E1	1.944428048E1
2.072000000E1	3.926452900E1	2.014353162E1
2.076000000E1	4.125623825E1	2.072992341E1
2.080000000E1	4.281154896E1	2.110609993E1
2.084000000E1	4.400067621E1	2.134019851E1
2.088000000E1	4.487742008E1	2.149710083E1
2.092000000E1	4.537936452E1	2.148747731E1
2.096000000E1	4.553082651E1	2.139876862E1
2.100000000E1	4.544808990E1	2.135569218E1
2.104000000E1	4.519247977E1	2.137819391E1
2.108000000E1	4.472537059E1	2.135339072E1
2.112000000E1	4.400351883E1	2.119566792E1
2.116000000E1	4.305950506E1	2.082273035E1
2.120000000E1	4.202620242E1	2.039873948E1
2.124000000E1	4.086741737E1	1.987199438E1
2.128000000E1	3.972731026E1	1.942157536E1
2.132000000E1	3.859262692E1	1.899085931E1
2.136000000E1	3.763278812E1	1.865892777E1
2.140000000E1	3.665882425E1	1.832444930E1
2.144000000E1	3.586310417E1	1.806374930E1
2.148000000E1	3.528501903E1	1.795589094E1
2.152000000E1	3.506602030E1	1.800186939E1
2.156000000E1	3.495138772E1	1.804520587E1
2.160000000E1	3.493293135E1	1.807678552E1
2.164000000E1	3.494801916E1	1.806265466E1
2.168000000E1	3.484198897E1	1.802090220E1
2.172000000E1	3.453190233E1	1.776844393E1
2.176000000E1	3.393764293E1	1.741753425E1
2.180000000E1	3.293275455E1	1.673867822E1
2.184000000E1	3.148703909E1	1.561140337E1
2.188000000E1	2.984263771E1	1.458599277E1
2.192000000E1	2.805418263E1	1.371619236E1
2.196000000E1	2.624608668E1	1.297722079E1
2.200000000E1	2.455094514E1	1.234444662E1
2.204000000E1	2.304775071E1	1.183857352E1
2.208000000E1	2.186261110E1	1.144649977E1
2.212000000E1	2.107644152E1	1.115847357E1
2.216000000E1	2.069416357E1	1.097788360E1
2.220000000E1	2.078338373E1	1.107293772E1
2.224000000E1	2.097186567E1	1.125487796E1
2.228000000E1	2.135211354E1	1.143412833E1
2.232000000E1	2.182897342E1	1.164476859E1
2.236000000E1	2.245701495E1	1.188917586E1
2.240000000E1	2.355512587E1	1.227942458E1
2.244000000E1	2.504356818E1	1.290533962E1
2.248000000E1	2.700032684E1	1.381304840E1
2.252000000E1	2.926073646E1	1.493702219E1
2.256000000E1	3.180141736E1	1.617851752E1
2.260000000E1	3.433440815E1	1.745251622E1
2.264000000E1	3.678296968E1	1.862981580E1
2.268000000E1	3.891405946E1	1.957247909E1
2.272000000E1	4.069689389E1	2.041660144E1
2.276000000E1	4.198486318E1	2.095804058E1
2.280000000E1	4.295883525E1	2.124582234E1
2.284000000E1	4.352978517E1	2.137971692E1
2.288000000E1	4.385178389E1	2.138037177E1
2.292000000E1	4.395916839E1	2.136077843E1
2.296000000E1	4.384911495E1	2.135436913E1
2.300000000E1	4.353765830E1	2.133198567E1
2.304000000E1	4.301483817E1	2.118949047E1
2.308000000E1	4.232205070E1	2.100455943E1
2.312000000E1	4.144856614E1	2.069260761E1
2.316000000E1	4.051335493E1	2.043522833E1
2.320000000E1	3.949932308E1	2.013266903E1
2.324000000E1	3.846886867E1	1.979515091E1
2.328000000E1	3.750094660E1	1.952100879E1
2.332000000E1	3.653050636E1	1.913261862E1
2.336000000E1	3.559861134E1	1.876961641E1
2.340000000E1	3.480955755E1	1.847383475E1
2.344000000E1	3.412790337E1	1.820880621E1
2.348000000E1	3.362281562E1	1.804585501E1
2.352000000E1	3.330855484E1	1.788040899E1
2.356000000E1	3.311573959E1	1.770320980E1
2.360000000E1	3.287719785E1	1.746264076E1
2.364000000E1	3.264336339E1	1.730355015E1
2.368000000E1	3.221638191E1	1.705642439E1
2.372000000E1	3.159092068E1	1.671138485E1
2.376000000E1	3.063675824E1	1.624450869E1
2.380000000E1	2.956673913E1	1.588441821E1
2.384000000E1	2.846642924E1	1.561359098E1
2.388000000E1	2.733831216E1	1.533490704E1
2.392000000E1	2.628166235E1	1.511611318E1
2.396000000E1	2.531276727E1	1.484619916E1
2.400000000E1	2.458855666E1	1.462563138E1
2.404000000E1	2.414534352E1	1.456350348E1
2.408000000E1	2.394598985E1	1.460037483E1
2.412000000E1	2.397401861E1	1.478173200E1
2.416000000E1	2.410688404E1	1.489444415E1
2.420000000E1	2.425193946E1	1.501637191E1
2.424000000E1	2.427752355E1	1.501908221E1
2.428000000E1	2.426958189E1	1.498080675E1
2.432000000E1	2.420457535E1	1.491201188E1
2.436000000E1	2.419547392E1	1.487642432E1
2.440000000E1	2.420737815E1	1.485550703E1
2.444000000E1	2.424060729E1	1.484848243E1
2.448000000E1	2.426051603E1	1.485800016E1
2.452000000E1	2.427447987E1	1.485857880E1
2.456000000E1	2.429083458E1	1.485679830E1
2.460000000E1	2.427943718E1	1.485509467E1
2.464000000E1	2.427683355E1	1.485436409E1
2.468000000E1	2.427576870E1	1.486801514E1
2.472000000E1	2.428016667E1	1.487464707E1
2.476000000E1	2.428131358E1	1.487969353E1
2.480000000E1	2.428517013E1	1.488334527E1
2.484000000E1	2.429282173E1	1.488762574E1
2.488000000E1	2.439186802E1	1.500017225E1
2.492000000E1	2.450841072E1	1.505577396E1
2.496000000E1	2.490751614E1	1.512147358E1
2.500000000E1	2.574748005E1	1.532527614E1
2.504000000E1	2.691339713E1	1.568075957E1
2.508000000E1	2.847344464E1	1.623881869E1
2.512000000E1	3.034090094E1	1.696849081E1
2.516000000E1	3.241025717E1	1.781467173E1
2.520000000E1	3.462261048E1	1.861226189E1
2.524000000E1	3.667946751E1	1.927268171E1
2.528000000E1	3.858249729E1	1.986609088E1
2.532000000E1	4.025131380E1	2.032253158E1
2.536000000E1	4.156988072E1	2.058894295E1
2.540000000E1	4.249196031E1	2.073981655E1
2.544000000E1	4.299918886E1	2.074294927E1
2.548000000E1	4.323361016E1	2.075529296E1
2.552000000E1	4.323670167E1	2.076076714E1
2.556000000E1	4.295889190E1	2.074234765E1
2.560000000E1	4.249215169E1	2.051212851E1
2.564000000E1	4.191728984E1	2.043415794E1
2.568000000E1	4.117501472E1	2.019196368E1
2.572000000E1	4.027933843E1	1.988134126E1
2.576000000E1	3.925028505E1	1.951102635E1
2.580000000E1	3.814491055E1	1.909028367E1
2.584000000E1	3.708895953E1	1.870834876E1
2.588000000E1	3.608359866E1	1.835987347E1
2.592000000E1	3.513636814E1	1.807279475E1
2.596000000E1	3.438510167E1	1.790056108E1
2.600000000E1	3.379542440E1	1.782179498E1
2.604000000E1	3.341474651E1	1.786497024E1
2.608000000E1	3.317461051E1	1.787923598E1
2.612000000E1	3.308846076E1	1.790791601E1
2.616000000E1	3.302902959E1	1.790427785E1
2.620000000E1	3.299678214E1	1.789812234E1
2.624000000E1	3.288133927E1	1.787621889E1
2.628000000E1	3.268224065E1	1.776581505E1
2.632000000E1	3.225613803E1	1.758807601E1
2.636000000E1	3.162392025E1	1.732245283E1
2.640000000E1	3.085073985E1	1.709666771E1
2.644000000E1	2.993301770E1	1.684568258E1
2.648000000E1	2.890431576E1	1.651987679E1
2.652000000E1	2.780138528E1	1.611896439E1
2.656000000E1	2.670817904E1	1.571407439E1
2.660000000E1	2.567032003E1	1.532799296E1
2.664000000E1	2.470665106E1	1.494749621E1
2.668000000E1	2.394145075E1	1.461946168E1
2.672000000E1	2.336735948E1	1.440031051E1
2.676000000E1	2.297469399E1	1.428209100E1
2.680000000E1	2.279096958E1	1.427919061E1
2.684000000E1	2.278230834E1	1.432156114E1
2.688000000E1	2.289075656E1	1.440937398E1
2.692000000E1	2.294943077E1	1.441051292E1
2.696000000E1	2.304030947E1	1.442233629E1
2.700000000E1	2.306634403E1	1.441520286E1
2.704000000E1	2.306405173E1	1.442172253E1
2.708000000E1	2.305934302E1	1.443049441E1
2.712000000E1	2.306670333E1	1.445169745E1
2.716000000E1	2.322455874E1	1.452427622E1
2.720000000E1	2.353615176E1	1.458028220E1
2.724000000E1	2.427436450E1	1.473923681E1
2.728000000E1	2.547530276E1	1.512239257E1
2.732000000E1	2.710277842E1	1.578202342E1
2.736000000E1	2.908280189E1	1.663370291E1
2.740000000E1	3.121163155E1	1.757238592E1
2.744000000E1	3.341314986E1	1.850173122E1
2.748000000E1	3.556424032E1	1.938201167E1
2.752000000E1	3.748112239E1	2.005870105E1
2.756000000E1	3.924439393E1	2.059341735E1
2.760000000E1	4.075951211E1	2.107230012E1
2.764000000E1	4.194567570E1	2.139631756E1
2.768000000E1	4.286675720E1	2.153326177E1
2.772000000E1	4.348348122E1	2.160016835E1
2.776000000E1	4.388757084E1	2.167324652E1
2.780000000E1	4.401825176E1	2.166999145E1
2.784000000E1	4.387092779E1	2.153595682E1
2.788000000E1	4.355226110E1	2.137053005E1
2.792000000E1	4.310405788E1	2.124152467E1
2.796000000E1	4.250084243E1	2.105790448E1
2.800000000E1	4.174066530E1	2.079753316E1
2.804000000E1	4.083600709E1	2.046611219E1
2.808000000E1	3.979140413E1	2.012803255E1
2.812000000E1	3.869697517E1	1.967898865E1
2.816000000E1	3.762885129E1	1.928720988E1
2.820000000E1	3.664667626E1	1.893484809E1
2.824000000E1	3.574605245E1	1.864761422E1
2.828000000E1	3.497329773E1	1.847668592E1
2.832000000E1	3.435569571E1	1.835112150E1
2.836000000E1	3.393409741E1	1.833891567E1
2.840000000E1	3.360699889E1	1.831684657E1
2.844000000E1	3.330702393E1	1.821023676E1
2.848000000E1	3.312051205E1	1.811953188E1
2.852000000E1	3.302520599E1	1.805376432E1
2.856000000E1	3.300402905E1	1.805835348E1
2.860000000E1	3.297028005E1	1.805025746E1
2.864000000E1	3.285686851E1	1.803046502E1
2.868000000E1	3.261370507E1	1.789845160E1
2.872000000E1	3.230842559E1	1.777814062E1
2.876000000E1	3.195371434E1	1.769519727E1
2.880000000E1	3.151165522E1	1.759045410E1
2.884000000E1	3.105430915E1	1.743838854E1
2.888000000E1	3.055884703E1	1.718714275E1
2.892000000E1	3.008783178E1	1.698650546E1
2.896000000E1	2.966372167E1	1.682248949E1
2.900000000E1	2.924953749E1	1.665913808E1
2.904000000E1	2.893302798E1	1.654110806E1
2.908000000E1	2.876409227E1	1.648869757E1
2.912000000E1	2.861549348E1	1.640891412E1
2.916000000E1	2.858105756E1	1.640681427E1
2.920000000E1	2.865021121E1	1.651046674E1
2.924000000E1	2.876826753E1	1.666079690E1
2.928000000E1	2.877773903E1	1.669110586E1
2.932000000E1	2.874935184E1	1.667041220E1
2.936000000E1	2.864573558E1	1.654979592E1
2.940000000E1	2.862133833E1	1.651687993E1
2.944000000E1	2.859326508E1	1.652112505E1
2.948000000E1	2.857159705E1	1.653811870E1
2.952000000E1	2.861282900E1	1.654982936E1
2.956000000E1	2.863849024E1	1.656488905E1
2.960000000E1	2.876264660E1	1.664657936E1
2.964000000E1	2.886922927E1	1.669339212E1
2.968000000E1	2.908708091E1	1.671410952E1
2.972000000E1	2.954454183E1	1.684751082E1
2.976000000E1	3.031775766E1	1.712030731E1
2.980000000E1	3.137030711E1	1.756616439E1
2.984000000E1	3.269791186E1	1.817475568E1
2.988000000E1	3.419367650E1	1.885525568E1
2.992000000E1	3.585595665E1	1.959200566E1
2.996000000E1	3.759771860E1	2.029818404E1
3.000000000E1	3.928878466E1	2.090923641E1
3.004000000E1	4.085074412E1	2.132054960E1
3.008000000E1	4.225755058E1	2.165375482E1
3.012000000E1	4.342818439E1	2.187937159E1
3.016000000E1	4.441047221E1	2.196471928E1
3.020000000E1	4.509988620E1	2.197847543E1
3.024000000E1	4.548641996E1	2.188038274E1
3.028000000E1	4.554729348E1	2.170789624E1
3.032000000E1	4.533715919E1	2.150879495E1
3.036000000E1	4.491325123E1	2.137607344E1
3.040000000E1	4.432008195E1	2.126409110E1
3.044000000E1	4.356532677E1	2.116329856E1
3.048000000E1	4.265196520E1	2.101029674E1
3.052000000E1	4.160874123E1	2.067419756E1
3.056000000E1	4.052585165E1	2.030940899E1
3.060000000E1	3.939958302E1	1.985138288E1
3.064000000E1	3.817320585E1	1.938701558E1
3.068000000E1	3.708882284E1	1.903263417E1
3.072000000E1	3.614765820E1	1.878169755E1
3.076000000E1	3.538830640E1	1.862563446E1
3.080000000E1	3.479417781E1	1.852972579E1
3.084000000E1	3.437398296E1	1.850506882E1
3.088000000E1	3.406380258E1	1.849949543E1
3.092000000E1	3.380418252E1	1.846330201E1
3.096000000E1	3.362789851E1	1.847471433E1
3.100000000E1	3.350034100E1	1.846750620E1
3.104000000E1	3.331807613E1	1.847509025E1
3.108000000E1	3.301077971E1	1.839733264E1
3.112000000E1	3.255578733E1	1.815251187E1
3.116000000E1	3.171006545E1	1.761480164E1
3.120000000E1	3.052933656E1	1.700070781E1
3.124000000E1	2.922262197E1	1.637121127E1
3.128000000E1	2.775897259E1	1.568958189E1
3.132000000E1	2.634829669E1	1.514221328E1
3.136000000E1	2.498731906E1	1.456855649E1
3.140000000E1	2.374399072E1	1.399772581E1
3.144000000E1	2.275832232E1	1.348532598E1
3.148000000E1	2.190113597E1	1.294209643E1
3.152000000E1	2.126942936E1	1.248513874E1
3.156000000E1	2.082740530E1	1.213232813E1
3.160000000E1	2.051724252E1	1.186895122E1
3.164000000E1	2.027502504E1	1.170724469E1
3.168000000E1	2.001702051E1	1.153246096E1
3.172000000E1	1.975433561E1	1.136998920E1
3.176000000E1	1.957831392E1	1.126930532E1
3.180000000E1	1.951589355E1	1.126848686E1
3.184000000E1	1.957267399E1	1.129085412E1
3.188000000E1	1.965660437E1	1.138086303E1
3.192000000E1	1.974484472E1	1.153857392E1
3.196000000E1	1.986505364E1	1.162371921E1
3.200000000E1	2.002423611E1	1.172611489E1
3.204000000E1	2.033796635E1	1.185498255E1
3.208000000E1	2.078999859E1	1.203160432E1
3.212000000E1	2.150463998E1	1.231285523E1
3.216000000E1	2.242949324E1	1.264500421E1
3.220000000E1	2.364665750E1	1.312217586E1
3.224000000E1	2.515961264E1	1.373150379E1
3.228000000E1	2.689677052E1	1.442964830E1
3.232000000E1	2.877297776E1	1.528135979E1
3.236000000E1	3.071800542E1	1.620677775E1
3.240000000E1	3.258718083E1	1.710046440E1
3.244000000E1	3.441114623E1	1.800478664E1
3.248000000E1	3.619575567E1	1.890221586E1
3.252000000E1	3.787227849E1	1.972162606E1
3.256000000E1	3.943328535E1	2.043736074E1
3.260000000E1	4.081638182E1	2.091088423E1
3.264000000E1	4.205025393E1	2.134487668E1
3.268000000E1	4.306264334E1	2.169230355E1
3.272000000E1	4.385545999E1	2.191398329E1
3.276000000E1	4.432187430E1	2.197002263E1
3.280000000E1	4.458077907E1	2.196738467E1
3.284000000E1	4.460016955E1	2.193374296E1
3.288000000E1	4.439186200E1	2.177680446E1
3.292000000E1	4.394213481E1	2.154546725E1
3.296000000E1	4.332341165E1	2.136040999E1
3.300000000E1	4.242268683E1	2.109659772E1
3.304000000E1	4.145187882E1	2.077600681E1
3.308000000E1	4.034713262E1	2.045492920E1
3.312000000E1	3.919888697E1	2.011749388E1
3.316000000E1	3.808643988E1	1.983838695E1
3.320000000E1	3.700256491E1	1.951453932E1
3.324000000E1	3.600638361E1	1.923047705E1
3.328000000E1	3.508843034E1	1.894900781E1
3.332000000E1	3.426994536E1	1.864783284E1
3.336000000E1	3.358256668E1	1.835659685E1
3.340000000E1	3.305197438E1	1.807957511E1
3.344000000E1	3.269443832E1	1.797377348E1
3.348000000E1	3.240185660E1	1.781536940E1
3.352000000E1	3.215518951E1	1.771054429E1
3.356000000E1	3.177671977E1	1.745848790E1
3.360000000E1	3.122900728E1	1.713695260E1
3.364000000E1	3.034285585E1	1.653498404E1
3.368000000E1	2.921881954E1	1.589858134E1
3.372000000E1	2.782947550E1	1.520690374E1
3.376000000E1	2.639589455E1	1.456186462E1
3.380000000E1	2.502247228E1	1.408859801E1
3.384000000E1	2.369929588E1	1.367946425E1
3.388000000E1	2.254864861E1	1.338165023E1
3.392000000E1	2.160211425E1	1.306001628E1
3.396000000E1	2.083714315E1	1.278445577E1
3.400000000E1	2.025495701E1	1.249818370E1
3.404000000E1	1.990657470E1	1.225437631E1
3.408000000E1	1.973480727E1	1.210813105E1
3.412000000E1	1.971718392E1	1.203447967E1
3.416000000E1	1.979980372E1	1.202152949E1
3.420000000E1	1.989653176E1	1.213641351E1
3.424000000E1	2.001409235E1	1.228582865E1
3.428000000E1	2.006401869E1	1.235664321E1
3.432000000E1	2.019260769E1	1.246840554E1
3.436000000E1	2.039860546E1	1.257928019E1
3.440000000E1	2.084226289E1	1.274641867E1
3.444000000E1	2.165853870E1	1.307599560E1
3.448000000E1	2.281508010E1	1.353326516E1
3.452000000E1	2.429022331E1	1.416279537E1
3.456000000E1	2.609334473E1	1.494494671E1
3.460000000E1	2.819879182E1	1.589126015E1
3.464000000E1	3.048166850E1	1.693758471E1
3.468000000E1	3.277818459E1	1.804192182E1
3.472000000E1	3.498234463E1	1.896896211E1
3.476000000E1	3.708127421E1	1.987068858E1
3.480000000E1	3.890491260E1	2.062598441E1
3.484000000E1	4.043837869E1	2.121138676E1
3.488000000E1	4.161051300E1	2.169080920E1
3.492000000E1	4.249838210E1	2.196653106E1
3.496000000E1	4.305623630E1	2.218807229E1
3.500000000E1	4.336698683E1	2.226879986E1
3.504000000E1	4.338746110E1	2.226521015E1
3.508000000E1	4.313363312E1	2.208595468E1
3.512000000E1	4.265338628E1	2.193620306E1
3.516000000E1	4.198910186E1	2.168593656E1
3.520000000E1	4.116417258E1	2.137519604E1
3.524000000E1	4.019737334E1	2.108937310E1
3.528000000E1	3.915658828E1	2.074151427E1
3.532000000E1	3.810442854E1	2.040059339E1
3.536000000E1	3.694506088E1	1.994895849E1
3.540000000E1	3.590164418E1	1.964452930E1
3.544000000E1	3.489479034E1	1.928921157E1
3.548000000E1	3.408063369E1	1.899521267E1
3.552000000E1	3.357520290E1	1.888062135E1
3.556000000E1	3.314946312E1	1.871617964E1
3.560000000E1	3.284118861E1	1.852586544E1
3.564000000E1	3.256408057E1	1.833582825E1
3.568000000E1	3.229485001E1	1.812454525E1
3.572000000E1	3.184562252E1	1.785796368E1
3.576000000E1	3.116228406E1	1.748703651E1
3.580000000E1	3.019425328E1	1.695178896E1
3.584000000E1	2.889270495E1	1.639909580E1
3.588000000E1	2.740933033E1	1.583702372E1
3.592000000E1	2.595520163E1	1.540939654E1
3.596000000E1	2.447124979E1	1.502632419E1
3.600000000E1	2.319414472E1	1.474428496E1
3.604000000E1	2.218378397E1	1.447904689E1
3.608000000E1	2.151256729E1	1.431785767E1
3.612000000E1	2.112970477E1	1.426675487E1
3.616000000E1	2.092928211E1	1.427981620E1
3.620000000E1	2.095630844E1	1.430131116E1
3.624000000E1	2.108127395E1	1.430072653E1
3.628000000E1	2.110731996E1	1.428003589E1
3.632000000E1	2.112521790E1	1.427387360E1
3.636000000E1	2.110644391E1	1.425139658E1
3.640000000E1	2.109919277E1	1.425981058E1
3.644000000E1	2.109520218E1	1.427195880E1
3.648000000E1	2.112779058E1	1.429309972E1
3.652000000E1	2.125472320E1	1.441010478E1
3.656000000E1	2.140725087E1	1.445009540E1
3.660000000E1	2.184746204E1	1.448979169E1
3.664000000E1	2.266854724E1	1.457855776E1
3.668000000E1	2.393693300E1	1.488758146E1
3.672000000E1	2.559861972E1	1.540510581E1
3.676000000E1	2.766335793E1	1.607572679E1
3.680000000E1	3.000866042E1	1.692017373E1
3.684000000E1	3.239892752E1	1.790420054E1
3.688000000E1	3.480310436E1	1.891010710E1
3.692000000E1	3.695721798E1	1.984291380E1
3.696000000E1	3.885708157E1	2.062693174E1
3.700000000E1	4.049872157E1	2.132198225E1
3.704000000E1	4.175622039E1	2.180749813E1
3.708000000E1	4.270523494E1	2.207887478E1
3.712000000E1	4.331803577E1	2.225619109E1
3.716000000E1	4.363038423E1	2.228305015E1
3.720000000E1	4.369157754E1	2.211310365E1
3.724000000E1	4.341840187E1	2.201164704E1
3.728000000E1	4.292907048E1	2.189025573E1
3.732000000E1	4.211536755E1	2.163174517E1
3.736000000E1	4.100178398E1	2.116171587E1
3.740000000E1	3.977121289E1	2.064823616E1
3.744000000E1	3.847633034E1	2.016022303E1
3.748000000E1	3.719902154E1	1.974688147E1
3.752000000E1	3.588178912E1	1.926219126E1
3.756000000E1	3.465291930E1	1.887483016E1
3.760000000E1	3.360865105E1	1.858921561E1
3.764000000E1	3.282752888E1	1.838329028E1
3.768000000E1	3.241401456E1	1.833364396E1
3.772000000E1	3.223406026E1	1.833804605E1
3.776000000E1	3.213528351E1	1.833736032E1
3.780000000E1	3.215005350E1	1.833735406E1
3.784000000E1	3.215498137E1	1.833368265E1
3.788000000E1	3.209692543E1	1.833246215E1
3.792000000E1	3.191153157E1	1.824438392E1
3.796000000E1	3.149580133E1	1.797636571E1
3.800000000E1	3.072489202E1	1.751182240E1
3.804000000E1	2.957654295E1	1.684375284E1
3.808000000E1	2.815874430E1	1.624019670E1
3.812000000E1	2.650923026E1	1.560756856E1
3.816000000E1	2.460313535E1	1.490228470E1
3.820000000E1	2.256949558E1	1.426839973E1
3.824000000E1	2.051354226E1	1.366156097E1
3.828000000E1	1.858050348E1	1.312241889E1
3.832000000E1	1.702173992E1	1.273104060E1
3.836000000E1	1.578463779E1	1.242514116E1
3.840000000E1	1.490225076E1	1.216621540E1
3.844000000E1	1.428399430E1	1.190418834E1
3.848000000E1	1.397093942E1	1.159024828E1
3.852000000E1	1.387936991E1	1.128025129E1
3.856000000E1	1.391594999E1	1.099063441E1
3.860000000E1	1.401508912E1	1.072830357E1
3.864000000E1	1.402681985E1	1.039612954E1
3.868000000E1	1.403757122E1	1.016044375E1
3.872000000E1	1.402776969E1	1.001974643E1
3.876000000E1	1.402095442E1	9.908705597E0
3.880000000E1	1.402382005E1	9.868443386E0
3.884000000E1	1.398950531E1	9.805997533E0
3.888000000E1	1.400536037E1	9.725582347E0
3.892000000E1	1.401437390E1	9.606587367E0
