armbåge
t	x	y
0.000000000E0	1.466636156E1	8.680091533E0
4.000000000E-2	1.466600312E1	8.679911141E0
8.000000000E-2	1.451044340E1	8.810527630E0
1.200000000E-1	1.422866571E1	8.861521384E0
1.600000000E-1	1.373466089E1	8.853425664E0
2.000000000E-1	1.309490479E1	8.786782693E0
2.400000000E-1	1.256297625E1	8.721829581E0
2.800000000E-1	1.229433443E1	8.554017300E0
3.200000000E-1	1.229942753E1	8.380122473E0
3.600000000E-1	1.256934817E1	8.279632882E0
4.000000000E-1	1.297899970E1	8.208026114E0
4.400000000E-1	1.329761344E1	8.116672994E0
4.800000000E-1	1.344556125E1	8.060410696E0
5.200000000E-1	1.347291654E1	8.045135954E0
5.600000000E-1	1.347511822E1	8.042001391E0
6.000000000E-1	1.349636380E1	8.062953669E0
6.400000000E-1	1.358989342E1	8.093066486E0
6.800000000E-1	1.378343133E1	8.099305013E0
7.200000000E-1	1.412131671E1	8.087832735E0
7.600000000E-1	1.455271545E1	8.078334827E0
8.000000000E-1	1.502754958E1	8.028439802E0
8.400000000E-1	1.541699984E1	7.915683808E0
8.800000000E-1	1.558474486E1	7.678774898E0
9.200000000E-1	1.548949920E1	7.489128520E0
9.600000000E-1	1.535855724E1	7.331466752E0
1.000000000E0	1.522768140E1	7.210277121E0
1.040000000E0	1.511763831E1	7.102586215E0
1.080000000E0	1.514774444E1	7.032520731E0
1.120000000E0	1.526215685E1	7.040157617E0
1.160000000E0	1.531677335E1	7.167550340E0
1.200000000E0	1.526418163E1	7.327680456E0
1.240000000E0	1.523953572E1	7.432112233E0
1.280000000E0	1.528583407E1	7.624569985E0
1.320000000E0	1.539751077E1	7.853591073E0
1.360000000E0	1.551306558E1	8.050224384E0
1.400000000E0	1.561644301E1	8.207371655E0
1.440000000E0	1.581290282E1	8.397856242E0
1.480000000E0	1.616763556E1	8.661280831E0
1.520000000E0	1.677413393E1	9.089187222E0
1.560000000E0	1.784641223E1	9.822207822E0
1.600000000E0	1.942923834E1	1.089914701E1
1.640000000E0	2.150006033E1	1.224112217E1
1.680000000E0	2.424409366E1	1.377893172E1
1.720000000E0	2.801071235E1	1.566916913E1
1.760000000E0	3.309186710E1	1.824976894E1
1.800000000E0	3.846848431E1	2.095942196E1
1.840000000E0	4.272041479E1	2.299200562E1
1.880000000E0	4.448875882E1	2.387983433E1
1.920000000E0	4.549255973E1	2.480333866E1
1.960000000E0	4.591087242E1	2.600593942E1
2.000000000E0	4.564828877E1	2.671694327E1
2.040000000E0	4.489768421E1	2.711446955E1
2.080000000E0	4.400132979E1	2.711871330E1
2.120000000E0	4.306525842E1	2.698273452E1
2.160000000E0	4.217431262E1	2.677325923E1
2.200000000E0	4.130249136E1	2.648037228E1
2.240000000E0	4.041584650E1	2.596200303E1
2.280000000E0	3.843008088E1	2.455381857E1
2.320000000E0	3.845377111E1	2.454726442E1
2.360000000E0	3.730900722E1	2.364574590E1
2.400000000E0	3.594043223E1	2.254990443E1
2.440000000E0	3.446067190E1	2.151182307E1
2.480000000E0	3.273651633E1	2.026166651E1
2.520000000E0	3.095885447E1	1.903676859E1
2.560000000E0	2.913662305E1	1.783278931E1
2.600000000E0	2.715936631E1	1.658156594E1
2.640000000E0	2.527431853E1	1.581616475E1
2.680000000E0	2.351795783E1	1.509735824E1
2.720000000E0	2.183448117E1	1.436153881E1
2.760000000E0	2.008486162E1	1.348659295E1
2.800000000E0	1.856165642E1	1.274268196E1
2.840000000E0	1.730541616E1	1.211798557E1
2.880000000E0	1.642594812E1	1.167899105E1
2.920000000E0	1.587227951E1	1.138373385E1
2.960000000E0	1.566654989E1	1.123413373E1
3.000000000E0	1.566378397E1	1.109479492E1
3.040000000E0	1.571808838E1	1.092334809E1
3.080000000E0	1.583996975E1	1.077470412E1
3.120000000E0	1.590237955E1	1.060334175E1
3.160000000E0	1.594479682E1	1.048214867E1
3.200000000E0	1.599850336E1	1.034150421E1
3.240000000E0	1.602461629E1	1.027475441E1
3.280000000E0	1.601915804E1	1.030828762E1
3.320000000E0	1.602313881E1	1.034966303E1
3.360000000E0	1.600752770E1	1.053923089E1
3.400000000E0	1.600735816E1	1.073396340E1
3.440000000E0	1.595999622E1	1.091932323E1
3.480000000E0	1.597107739E1	1.105649927E1
3.520000000E0	1.594787984E1	1.108850523E1
3.560000000E0	1.588419571E1	1.106695923E1
3.600000000E0	1.584159870E1	1.106726482E1
3.640000000E0	1.574817765E1	1.103592937E1
3.680000000E0	1.563311576E1	1.094953101E1
3.720000000E0	1.554261671E1	1.090012097E1
3.760000000E0	1.542668856E1	1.078723921E1
3.800000000E0	1.539476085E1	1.073625131E1
3.840000000E0	1.537957730E1	1.071667381E1
3.880000000E0	1.531976973E1	1.066882174E1
3.920000000E0	1.514181239E1	1.038061929E1
3.960000000E0	1.514449670E1	1.032140552E1
4.000000000E0	1.511533181E1	1.017665904E1
4.040000000E0	1.541464531E1	9.428375286E0
4.080000000E0	1.526498856E1	9.428375286E0
4.120000000E0	1.556430206E1	9.278718535E0
4.160000000E0	1.586361556E1	9.428375286E0
4.200000000E0	1.586361556E1	9.727688787E0
4.240000000E0	1.631258581E1	1.002700229E1
4.280000000E0	1.601327231E1	9.877345538E0
4.320000000E0	1.616292906E1	9.278718535E0
4.360000000E0	1.601327231E1	9.578032037E0
4.400000000E0	1.556430206E1	9.727688787E0
4.440000000E0	1.526498856E1	1.032631579E1
4.480000000E0	1.481601831E1	1.062562929E1
4.520000000E0	1.541464531E1	1.032631579E1
4.560000000E0	1.541464531E1	1.017665904E1
4.600000000E0	1.586361556E1	9.129061785E0
4.640000000E0	1.601327231E1	8.530434783E0
4.680000000E0	1.586361556E1	9.428375286E0
4.720000000E0	1.556430206E1	1.017665904E1
4.760000000E0	1.586361556E1	1.062562929E1
4.800000000E0	1.541464531E1	1.047597254E1
4.840000000E0	1.541464531E1	1.077528604E1
4.880000000E0	1.556430206E1	1.062562929E1
4.920000000E0	1.526498856E1	1.062562929E1
4.960000000E0	1.541464531E1	1.062562929E1
5.000000000E0	1.556430206E1	1.047597254E1
5.040000000E0	1.569263128E1	1.046545240E1
5.080000000E0	1.585888769E1	1.045610249E1
5.120000000E0	1.616917206E1	1.047835846E1
5.160000000E0	1.660852350E1	1.061819900E1
5.200000000E0	1.690612366E1	1.078039537E1
5.240000000E0	1.706292652E1	1.096052033E1
5.280000000E0	1.736297817E1	1.121340522E1
5.320000000E0	1.795548740E1	1.156921001E1
5.360000000E0	1.901893354E1	1.212188070E1
5.400000000E0	2.066158307E1	1.289487518E1
5.440000000E0	2.306235925E1	1.390351128E1
5.480000000E0	2.648911499E1	1.523099543E1
5.520000000E0	3.093095390E1	1.707605117E1
5.560000000E0	3.612470621E1	1.912614354E1
5.600000000E0	4.050671964E1	2.095039810E1
5.640000000E0	4.327419628E1	2.207926367E1
5.680000000E0	4.487262575E1	2.273174134E1
5.720000000E0	4.555175439E1	2.350494109E1
5.760000000E0	4.562683415E1	2.415216668E1
5.800000000E0	4.535271229E1	2.455727369E1
5.840000000E0	4.489697475E1	2.482449408E1
5.880000000E0	4.431586327E1	2.492614533E1
5.920000000E0	4.364281759E1	2.496056951E1
5.960000000E0	4.281680632E1	2.473507660E1
6.000000000E0	4.178180775E1	2.424726313E1
6.040000000E0	4.060354773E1	2.351720445E1
6.080000000E0	3.933659317E1	2.273806898E1
6.120000000E0	3.788309920E1	2.181236491E1
6.160000000E0	3.623296442E1	2.081690942E1
6.200000000E0	3.431380853E1	1.961151454E1
6.240000000E0	3.228591565E1	1.851272914E1
6.280000000E0	3.008227563E1	1.719240511E1
6.320000000E0	2.773813817E1	1.596472859E1
6.360000000E0	2.544575327E1	1.491284544E1
6.400000000E0	2.317261148E1	1.394637068E1
6.440000000E0	2.114691521E1	1.318030419E1
6.480000000E0	1.935355443E1	1.254550197E1
6.520000000E0	1.781253497E1	1.200346269E1
6.560000000E0	1.661913392E1	1.155204891E1
6.600000000E0	1.565426552E1	1.122497411E1
6.640000000E0	1.502415813E1	1.095120017E1
6.680000000E0	1.454940966E1	1.066043594E1
6.720000000E0	1.436807987E1	1.043286534E1
6.760000000E0	1.433240536E1	1.020828969E1
6.800000000E0	1.438861487E1	1.003449476E1
6.840000000E0	1.442355593E1	9.913229422E0
6.880000000E0	1.439861303E1	9.839439421E0
6.920000000E0	1.438321729E1	9.831886544E0
6.960000000E0	1.438464418E1	9.793333810E0
7.000000000E0	1.439510946E1	9.718623898E0
7.040000000E0	1.439178797E1	9.705628353E0
7.080000000E0	1.439147550E1	9.713455098E0
7.120000000E0	1.438470314E1	9.722955243E0
7.160000000E0	1.438270016E1	9.725949490E0
7.200000000E0	1.437470277E1	9.728598449E0
7.240000000E0	1.446664337E1	9.759665493E0
7.280000000E0	1.465258497E1	9.825967658E0
7.320000000E0	1.494401249E1	1.000691746E1
7.360000000E0	1.598886909E1	1.055033221E1
7.400000000E0	1.600782615E1	1.049238008E1
7.440000000E0	1.691390764E1	1.086110810E1
7.480000000E0	1.797436769E1	1.133287979E1
7.520000000E0	1.906266367E1	1.181118187E1
7.560000000E0	2.034840132E1	1.244051589E1
7.600000000E0	2.230844347E1	1.334873367E1
7.640000000E0	2.530207503E1	1.470668612E1
7.680000000E0	2.932651005E1	1.663715230E1
7.720000000E0	3.405823170E1	1.903225657E1
7.760000000E0	3.800909651E1	2.078718679E1
7.800000000E0	4.045384904E1	2.189486628E1
7.840000000E0	4.170640328E1	2.241141553E1
7.880000000E0	4.215415132E1	2.300318578E1
7.920000000E0	4.204125905E1	2.341922965E1
7.960000000E0	4.088553847E1	2.356939499E1
8.000000000E0	4.086415468E1	2.352173521E1
8.040000000E0	4.010508028E1	2.328923256E1
8.080000000E0	3.921213622E1	2.294267735E1
8.120000000E0	3.809684768E1	2.231163509E1
8.160000000E0	3.685164221E1	2.154429097E1
8.200000000E0	3.543178944E1	2.057775344E1
8.240000000E0	3.368122320E1	1.928289825E1
8.280000000E0	3.175190465E1	1.807610988E1
8.320000000E0	2.951314724E1	1.664025798E1
8.360000000E0	2.714001286E1	1.526651885E1
8.400000000E0	2.485156150E1	1.407889384E1
8.440000000E0	2.259089512E1	1.292029472E1
8.480000000E0	2.059965221E1	1.197132094E1
8.520000000E0	1.885088704E1	1.115180761E1
8.560000000E0	1.741266365E1	1.062082628E1
8.600000000E0	1.629203313E1	1.024723113E1
8.640000000E0	1.559847235E1	9.919040322E0
8.680000000E0	1.523339602E1	9.692977698E0
8.720000000E0	1.525648864E1	9.720491094E0
8.760000000E0	1.541642483E1	9.679355806E0
8.800000000E0	1.556015637E1	9.637074443E0
8.840000000E0	1.564940514E1	9.559674966E0
8.880000000E0	1.571179551E1	9.526603922E0
8.920000000E0	1.571501748E1	9.463034671E0
8.960000000E0	1.571070640E1	9.413368319E0
9.000000000E0	1.570335571E1	9.387464978E0
9.040000000E0	1.569265583E1	9.391434016E0
9.080000000E0	1.568149907E1	9.391085974E0
9.120000000E0	1.570141605E1	9.405913630E0
9.160000000E0	1.570666466E1	9.410748610E0
9.200000000E0	1.571231919E1	9.414901170E0
9.240000000E0	1.571411780E1	9.414687683E0
9.280000000E0	1.571776530E1	9.425054622E0
9.320000000E0	1.572206443E1	9.433717434E0
9.360000000E0	1.573298041E1	9.442649222E0
9.400000000E0	1.581244996E1	9.556074469E0
9.440000000E0	1.592629444E1	9.700043697E0
9.480000000E0	1.603958564E1	9.878849015E0
9.520000000E0	1.616541794E1	1.004043834E1
9.560000000E0	1.631412260E1	1.019116570E1
9.600000000E0	1.653788512E1	1.046563876E1
9.640000000E0	1.705970769E1	1.087823874E1
9.680000000E0	1.797704842E1	1.148628114E1
9.720000000E0	1.951189037E1	1.234678499E1
9.760000000E0	2.157750780E1	1.358960974E1
9.800000000E0	2.441116128E1	1.512002220E1
9.840000000E0	2.822940038E1	1.693742942E1
9.880000000E0	3.308386623E1	1.913728010E1
9.920000000E0	3.754123375E1	2.111111776E1
9.960000000E0	4.058252078E1	2.232686688E1
1.000000000E1	4.292650758E1	2.344811534E1
1.004000000E1	4.294811795E1	2.348347380E1
1.008000000E1	4.318030283E1	2.407777914E1
1.012000000E1	4.313341209E1	2.442614556E1
1.016000000E1	4.282442715E1	2.468390879E1
1.020000000E1	4.250838633E1	2.483331191E1
1.024000000E1	4.219859077E1	2.493051996E1
1.028000000E1	4.187549347E1	2.497422876E1
1.032000000E1	4.146842428E1	2.497994369E1
1.036000000E1	4.088966517E1	2.474496773E1
1.040000000E1	4.012417474E1	2.439509246E1
1.044000000E1	3.919024870E1	2.379734409E1
1.048000000E1	3.802350286E1	2.315878479E1
1.052000000E1	3.505407562E1	2.125743426E1
1.056000000E1	3.502983207E1	2.125170214E1
1.060000000E1	3.337611676E1	2.033083135E1
1.064000000E1	3.144483532E1	1.917905331E1
1.068000000E1	2.952359728E1	1.821588013E1
1.072000000E1	2.745323138E1	1.704381424E1
1.076000000E1	2.541839156E1	1.600489143E1
1.080000000E1	2.350695190E1	1.507300777E1
1.084000000E1	2.157447040E1	1.421031542E1
1.088000000E1	1.978739500E1	1.346784817E1
1.092000000E1	1.814119797E1	1.280087948E1
1.096000000E1	1.537837273E1	1.168724122E1
1.100000000E1	1.540243062E1	1.167961599E1
1.104000000E1	1.428272106E1	1.120181939E1
1.108000000E1	1.331005786E1	1.086618600E1
1.112000000E1	1.252252126E1	1.060560384E1
1.116000000E1	1.153549923E1	1.004139177E1
1.120000000E1	1.152800507E1	1.003386220E1
1.124000000E1	1.137733102E1	9.857648659E0
1.128000000E1	1.136063174E1	9.715357923E0
1.132000000E1	1.137816386E1	9.573173401E0
1.136000000E1	1.151042609E1	9.510989712E0
1.140000000E1	1.167003250E1	9.557926164E0
1.144000000E1	1.182044516E1	9.573846246E0
1.148000000E1	1.197044764E1	9.577634837E0
1.152000000E1	1.242151546E1	9.721034091E0
1.156000000E1	1.242343448E1	9.724619702E0
1.160000000E1	1.276716174E1	9.856856583E0
1.164000000E1	1.315219555E1	1.004356600E1
1.168000000E1	1.359802435E1	1.021307795E1
1.172000000E1	1.406396510E1	1.042644783E1
1.176000000E1	1.462018716E1	1.072476510E1
1.180000000E1	1.526083132E1	1.104766770E1
1.184000000E1	1.621558457E1	1.160058483E1
1.188000000E1	1.759484181E1	1.236121344E1
1.192000000E1	1.934880366E1	1.325398672E1
1.196000000E1	2.163037784E1	1.451554982E1
1.200000000E1	2.511445364E1	1.609172669E1
1.204000000E1	2.960882516E1	1.805219872E1
1.208000000E1	3.454217846E1	2.045776721E1
1.212000000E1	3.841772352E1	2.223863567E1
1.216000000E1	4.046968677E1	2.314790115E1
1.220000000E1	4.136907695E1	2.386659275E1
1.224000000E1	4.158411173E1	2.455927007E1
1.228000000E1	4.140763953E1	2.491180067E1
1.232000000E1	4.096514116E1	2.523493887E1
1.236000000E1	4.040421419E1	2.550949034E1
1.240000000E1	3.978987734E1	2.572618073E1
1.244000000E1	3.907068788E1	2.582837157E1
1.248000000E1	3.832930413E1	2.583835827E1
1.252000000E1	3.753647115E1	2.559804591E1
1.256000000E1	3.668560660E1	2.525481103E1
1.260000000E1	3.580138348E1	2.479501949E1
1.264000000E1	3.477913516E1	2.418952154E1
1.268000000E1	3.368378164E1	2.356758057E1
1.272000000E1	3.246606213E1	2.269567239E1
1.276000000E1	3.122086627E1	2.178385692E1
1.280000000E1	2.982518889E1	2.073798028E1
1.284000000E1	2.826738228E1	1.972921005E1
1.288000000E1	2.669314988E1	1.862648252E1
1.292000000E1	2.502271404E1	1.755521698E1
1.296000000E1	2.180701046E1	1.552496826E1
1.300000000E1	2.183352168E1	1.551980728E1
1.304000000E1	2.035721776E1	1.461909414E1
1.308000000E1	1.911579827E1	1.391682969E1
1.312000000E1	1.810918309E1	1.326880522E1
1.316000000E1	1.734435168E1	1.284493741E1
1.320000000E1	1.679730545E1	1.251129825E1
1.324000000E1	1.643688837E1	1.227925426E1
1.328000000E1	1.624941011E1	1.195926730E1
1.332000000E1	1.629685219E1	1.193355721E1
1.336000000E1	1.628739223E1	1.181994513E1
1.340000000E1	1.629125558E1	1.163711647E1
1.344000000E1	1.632164116E1	1.154902450E1
1.348000000E1	1.629479846E1	1.149443022E1
1.352000000E1	1.629586218E1	1.146852795E1
1.356000000E1	1.626832319E1	1.147048176E1
1.360000000E1	1.618843381E1	1.145682536E1
1.364000000E1	1.616541102E1	1.147184434E1
1.368000000E1	1.617138606E1	1.147424424E1
1.372000000E1	1.617116470E1	1.147168065E1
1.376000000E1	1.617115784E1	1.145932886E1
1.380000000E1	1.617269146E1	1.144925128E1
1.384000000E1	1.615903107E1	1.146009333E1
1.388000000E1	1.615345860E1	1.146213215E1
1.392000000E1	1.615082438E1	1.147789856E1
1.396000000E1	1.691121281E1	1.092494279E1
1.400000000E1	1.677408177E1	1.077031673E1
1.404000000E1	1.678294644E1	1.080336891E1
1.408000000E1	1.689596832E1	1.091547115E1
1.412000000E1	1.705804430E1	1.105948142E1
1.416000000E1	1.732295597E1	1.124442624E1
1.420000000E1	1.778126765E1	1.158217131E1
1.424000000E1	1.867472256E1	1.212730415E1
1.428000000E1	2.001147220E1	1.288858255E1
1.432000000E1	2.182760520E1	1.382607312E1
1.436000000E1	2.470685571E1	1.510816276E1
1.440000000E1	2.879397841E1	1.674353950E1
1.444000000E1	3.401885754E1	1.913859816E1
1.448000000E1	3.914456473E1	2.172095947E1
1.452000000E1	4.164474363E1	2.271592518E1
1.456000000E1	4.172476336E1	2.495939764E1
1.460000000E1	4.172514573E1	2.495966015E1
1.464000000E1	4.172694003E1	2.563797962E1
1.468000000E1	4.144085032E1	2.615174058E1
1.472000000E1	4.110465290E1	2.652547801E1
1.476000000E1	4.067255153E1	2.661646622E1
1.480000000E1	4.015544020E1	2.662896023E1
1.484000000E1	3.959946348E1	2.647022858E1
1.488000000E1	3.889429690E1	2.601846009E1
1.492000000E1	3.812941621E1	2.550865978E1
1.496000000E1	3.708990069E1	2.470443556E1
1.500000000E1	3.590566497E1	2.376087170E1
1.504000000E1	3.454253382E1	2.264370374E1
1.508000000E1	3.283956521E1	2.141653157E1
1.512000000E1	3.109308765E1	2.019909309E1
1.516000000E1	2.905993026E1	1.879231487E1
1.520000000E1	2.694096822E1	1.756514317E1
1.524000000E1	2.477037072E1	1.643701082E1
1.528000000E1	2.253094001E1	1.526096144E1
1.532000000E1	2.043821309E1	1.420113351E1
1.536000000E1	1.836980491E1	1.318618859E1
1.540000000E1	1.662134481E1	1.233236231E1
1.544000000E1	1.521828880E1	1.179335735E1
1.548000000E1	1.417074482E1	1.132557237E1
1.552000000E1	1.342550769E1	1.088984598E1
1.556000000E1	1.293524967E1	1.056928687E1
1.560000000E1	1.268135830E1	1.028818782E1
1.564000000E1	1.259668066E1	1.008323794E1
1.568000000E1	1.258208434E1	9.986167744E0
1.572000000E1	1.268037518E1	9.927200076E0
1.576000000E1	1.272099729E1	9.880825167E0
1.580000000E1	1.279524469E1	9.843969889E0
1.584000000E1	1.284136842E1	9.823192830E0
1.588000000E1	1.285099679E1	9.818775773E0
1.592000000E1	1.284468657E1	9.836761068E0
1.596000000E1	1.288056630E1	9.844133572E0
1.600000000E1	1.300148273E1	9.975309137E0
1.604000000E1	1.323414972E1	1.014714277E1
1.608000000E1	1.350297346E1	1.029934701E1
1.612000000E1	1.373290231E1	1.046582842E1
1.616000000E1	1.401968873E1	1.063724396E1
1.620000000E1	1.436684154E1	1.085771813E1
1.624000000E1	1.494432969E1	1.119562643E1
1.628000000E1	1.613692719E1	1.177462800E1
1.632000000E1	1.797251199E1	1.255478400E1
1.636000000E1	2.101519517E1	1.387851275E1
1.640000000E1	2.510009446E1	1.581767033E1
1.644000000E1	2.958169154E1	1.808548960E1
1.648000000E1	3.393049157E1	2.033607268E1
1.652000000E1	3.696742855E1	2.181474070E1
1.656000000E1	3.868709280E1	2.301144506E1
1.660000000E1	3.947678243E1	2.394124410E1
1.664000000E1	3.967462322E1	2.460508569E1
1.668000000E1	3.951293930E1	2.517463117E1
1.672000000E1	3.932683202E1	2.551634855E1
1.676000000E1	3.914041193E1	2.582917706E1
1.680000000E1	3.893638581E1	2.589673309E1
1.684000000E1	3.872360036E1	2.590251509E1
1.688000000E1	3.848708660E1	2.582886832E1
1.692000000E1	3.812228248E1	2.557324631E1
1.696000000E1	3.762153800E1	2.522870830E1
1.700000000E1	3.692858419E1	2.465507296E1
1.704000000E1	3.599506640E1	2.381635655E1
1.708000000E1	3.486312769E1	2.287013145E1
1.712000000E1	3.364038115E1	2.198936601E1
1.716000000E1	3.230626801E1	2.100206734E1
1.720000000E1	3.064432122E1	1.992123561E1
1.724000000E1	2.892491575E1	1.881290799E1
1.728000000E1	2.702071838E1	1.767963852E1
1.732000000E1	2.504283797E1	1.646642132E1
1.736000000E1	2.301514124E1	1.536972318E1
1.740000000E1	2.096161935E1	1.431629411E1
1.744000000E1	1.904455581E1	1.340626788E1
1.748000000E1	1.733143346E1	1.269409965E1
1.752000000E1	1.592247097E1	1.208607991E1
1.756000000E1	1.476205633E1	1.151162546E1
1.760000000E1	1.376290495E1	1.104378601E1
1.764000000E1	1.297752753E1	1.072745568E1
1.768000000E1	1.241923641E1	1.043902694E1
1.772000000E1	1.209915199E1	1.018542050E1
1.776000000E1	1.197918752E1	9.995489823E0
1.780000000E1	1.194072335E1	9.853730907E0
1.784000000E1	1.198631041E1	9.793882075E0
1.788000000E1	1.206368241E1	9.819273541E0
1.792000000E1	1.210219308E1	9.831238533E0
1.796000000E1	1.211792249E1	9.837535428E0
1.800000000E1	1.213103475E1	9.849271549E0
1.804000000E1	1.222134794E1	9.963740002E0
1.808000000E1	1.225111306E1	1.001719100E1
1.812000000E1	1.239800232E1	1.014871040E1
1.816000000E1	1.284897280E1	1.044162451E1
1.820000000E1	1.284380290E1	1.044180807E1
1.824000000E1	1.317621573E1	1.058366349E1
1.828000000E1	1.360195736E1	1.078564140E1
1.832000000E1	1.437081824E1	1.114230306E1
1.836000000E1	1.542797664E1	1.163073286E1
1.840000000E1	1.703700065E1	1.235598996E1
1.844000000E1	1.912675467E1	1.328345642E1
1.848000000E1	2.197806407E1	1.445911883E1
1.852000000E1	2.598876379E1	1.610466444E1
1.856000000E1	3.099832849E1	1.849794050E1
1.860000000E1	3.556396422E1	2.077572132E1
1.864000000E1	3.924873799E1	2.250441289E1
1.868000000E1	4.112347087E1	2.373888877E1
1.872000000E1	4.202891784E1	2.465062589E1
1.876000000E1	4.217173369E1	2.528611945E1
1.880000000E1	4.203998682E1	2.582072204E1
1.884000000E1	4.170714985E1	2.614908033E1
1.888000000E1	4.126441519E1	2.634531251E1
1.892000000E1	4.079672696E1	2.646254321E1
1.896000000E1	4.033643222E1	2.666601410E1
1.900000000E1	3.986261085E1	2.676967056E1
1.904000000E1	3.933408838E1	2.676168404E1
1.908000000E1	3.868280756E1	2.660420918E1
1.912000000E1	3.783228286E1	2.614918333E1
1.916000000E1	3.663141365E1	2.527510603E1
1.920000000E1	3.527216434E1	2.435770380E1
1.924000000E1	3.365021074E1	2.316971289E1
1.928000000E1	3.168692327E1	2.172246028E1
1.932000000E1	2.967107855E1	2.026483312E1
1.936000000E1	2.739511044E1	1.878699144E1
1.940000000E1	2.505182072E1	1.735401253E1
1.944000000E1	2.288245110E1	1.599555572E1
1.948000000E1	2.085607024E1	1.481792688E1
1.952000000E1	1.899939369E1	1.374273425E1
1.956000000E1	1.744567377E1	1.298687344E1
1.960000000E1	1.620300232E1	1.232927822E1
1.964000000E1	1.522658907E1	1.191279823E1
1.968000000E1	1.448291248E1	1.150685221E1
1.972000000E1	1.396273431E1	1.116277044E1
1.976000000E1	1.358195430E1	1.092138124E1
1.980000000E1	1.344158091E1	1.072937667E1
1.984000000E1	1.343234662E1	1.057763467E1
1.988000000E1	1.345405359E1	1.043901722E1
1.992000000E1	1.352506033E1	1.042717507E1
1.996000000E1	1.359990132E1	1.042620388E1
2.000000000E1	1.361868827E1	1.043351246E1
2.004000000E1	1.366713172E1	1.047864992E1
2.008000000E1	1.376056111E1	1.046383516E1
2.012000000E1	1.389448979E1	1.055456472E1
2.016000000E1	1.401309595E1	1.064079842E1
2.020000000E1	1.420440478E1	1.072970136E1
2.024000000E1	1.448054061E1	1.089353936E1
2.028000000E1	1.486598416E1	1.105202567E1
2.032000000E1	1.537092098E1	1.125332488E1
2.036000000E1	1.606397093E1	1.153215187E1
2.040000000E1	1.723337488E1	1.193638879E1
2.044000000E1	1.916338090E1	1.268782683E1
2.048000000E1	2.231173596E1	1.389193289E1
2.052000000E1	2.661056804E1	1.584477190E1
2.056000000E1	3.199938374E1	1.881311559E1
2.060000000E1	3.676588128E1	2.167693025E1
2.064000000E1	3.960536226E1	2.344459257E1
2.068000000E1	4.100087948E1	2.463945926E1
2.072000000E1	4.169062486E1	2.569657300E1
2.076000000E1	4.191456757E1	2.639691594E1
2.080000000E1	4.187598309E1	2.700607233E1
2.084000000E1	4.171443861E1	2.750239592E1
2.088000000E1	4.142400080E1	2.786551918E1
2.092000000E1	4.111944409E1	2.810550876E1
2.096000000E1	4.079417119E1	2.821613568E1
2.100000000E1	4.036425239E1	2.811202813E1
2.104000000E1	3.979056047E1	2.779928115E1
2.108000000E1	3.907044497E1	2.729211679E1
2.112000000E1	3.819230788E1	2.660579363E1
2.116000000E1	3.591325916E1	2.466668580E1
2.120000000E1	3.589516279E1	2.466413108E1
2.124000000E1	3.450859741E1	2.346501938E1
2.128000000E1	3.283378165E1	2.203920496E1
2.132000000E1	3.095221485E1	2.032425029E1
2.136000000E1	2.872999442E1	1.864862416E1
2.140000000E1	2.643615723E1	1.720565644E1
2.144000000E1	2.407836669E1	1.582913269E1
2.148000000E1	1.999853825E1	1.402994943E1
2.152000000E1	2.001707399E1	1.403061010E1
2.156000000E1	1.823060874E1	1.330331723E1
2.160000000E1	1.675899373E1	1.269144096E1
2.164000000E1	1.542221425E1	1.218573975E1
2.168000000E1	1.430231880E1	1.177557953E1
2.172000000E1	1.343309350E1	1.139352025E1
2.176000000E1	1.279157066E1	1.104371099E1
2.180000000E1	1.229200332E1	1.071750603E1
2.184000000E1	1.188628875E1	1.046516242E1
2.188000000E1	1.168673248E1	1.029335133E1
2.192000000E1	1.159636093E1	1.014548408E1
2.196000000E1	1.160197752E1	1.002594623E1
2.200000000E1	1.167147807E1	9.971166540E0
2.204000000E1	1.178857684E1	9.992033375E0
2.208000000E1	1.199905789E1	1.001341509E1
2.212000000E1	1.195575991E1	9.998888132E0
2.216000000E1	1.208267349E1	1.004534725E1
2.220000000E1	1.225727930E1	1.013580771E1
2.224000000E1	1.252138557E1	1.030047848E1
2.228000000E1	1.341130487E1	1.073654057E1
2.232000000E1	1.343219864E1	1.073989423E1
2.236000000E1	1.402696692E1	1.100090564E1
2.240000000E1	1.479251666E1	1.132909149E1
2.244000000E1	1.585582217E1	1.174533570E1
2.248000000E1	1.752783282E1	1.247928750E1
2.252000000E1	1.990491949E1	1.344523335E1
2.256000000E1	2.315536590E1	1.479770007E1
2.260000000E1	2.725571762E1	1.641728813E1
2.264000000E1	3.180938209E1	1.839319931E1
2.268000000E1	4.000354294E1	2.254432184E1
2.272000000E1	4.172476336E1	2.495939764E1
2.276000000E1	4.338301881E1	2.600523627E1
2.280000000E1	4.423514980E1	2.686656433E1
2.284000000E1	4.451613411E1	2.755006649E1
2.288000000E1	4.452509281E1	2.807856170E1
2.292000000E1	4.427867196E1	2.850332303E1
2.296000000E1	4.391299740E1	2.882724741E1
2.300000000E1	4.352749136E1	2.906128950E1
2.304000000E1	4.265217391E1	2.648924485E1
2.308000000E1	4.220029809E1	2.650560375E1
2.312000000E1	4.174445147E1	2.647985888E1
2.316000000E1	4.037986637E1	2.592126862E1
2.320000000E1	4.040002179E1	2.589561607E1
2.324000000E1	3.947559405E1	2.531732674E1
2.328000000E1	3.833618674E1	2.454762989E1
2.332000000E1	3.692574715E1	2.355071328E1
2.336000000E1	3.534556432E1	2.242992241E1
2.340000000E1	3.350586272E1	2.115237073E1
2.344000000E1	3.152518726E1	1.978496301E1
2.348000000E1	2.948974017E1	1.855633900E1
2.352000000E1	2.733039951E1	1.735704908E1
2.356000000E1	2.308080329E1	1.511607543E1
2.360000000E1	2.305527825E1	1.511521904E1
2.364000000E1	2.112973899E1	1.415162376E1
2.368000000E1	1.931587354E1	1.331983785E1
2.372000000E1	1.779849022E1	1.267131876E1
2.376000000E1	1.645418434E1	1.212099258E1
2.380000000E1	1.527834555E1	1.170358099E1
2.384000000E1	1.436385342E1	1.139812794E1
2.388000000E1	1.365135327E1	1.120075756E1
2.392000000E1	1.311315509E1	1.104291265E1
2.396000000E1	1.272429802E1	1.081497234E1
2.400000000E1	1.248243301E1	1.059272037E1
2.404000000E1	1.231988490E1	1.040651249E1
2.408000000E1	1.222425221E1	1.031642024E1
2.412000000E1	1.223990468E1	1.016647942E1
2.416000000E1	1.226440731E1	1.003761523E1
2.420000000E1	1.230051067E1	9.901887624E0
2.424000000E1	1.239220356E1	9.853387899E0
2.428000000E1	1.245126303E1	9.820904919E0
2.432000000E1	1.250234116E1	9.792031613E0
2.436000000E1	1.257465969E1	9.720979101E0
2.440000000E1	1.259959725E1	9.684562249E0
2.444000000E1	1.262614895E1	9.674612499E0
2.448000000E1	1.264720097E1	9.702790461E0
2.452000000E1	1.271294441E1	9.725919849E0
2.456000000E1	1.272433218E1	9.736751080E0
2.460000000E1	1.276275084E1	9.763806571E0
2.464000000E1	1.287915334E1	9.859231567E0
2.468000000E1	1.316345797E1	9.984351143E0
2.472000000E1	1.362177822E1	1.018809889E1
2.476000000E1	1.437790837E1	1.048312785E1
2.480000000E1	1.556256202E1	1.100953451E1
2.484000000E1	1.710455288E1	1.167453555E1
2.488000000E1	1.927331611E1	1.258526171E1
2.492000000E1	2.230764203E1	1.376600265E1
2.496000000E1	2.662266775E1	1.557214477E1
2.500000000E1	3.266047387E1	1.854778051E1
2.504000000E1	3.754784657E1	2.125840414E1
2.508000000E1	4.097802538E1	2.302917314E1
2.512000000E1	4.253867492E1	2.389339509E1
2.516000000E1	4.326009524E1	2.478256851E1
2.520000000E1	4.350106245E1	2.556126064E1
2.524000000E1	4.325042079E1	2.677658957E1
2.528000000E1	4.324946991E1	2.678748350E1
2.532000000E1	4.295180687E1	2.721904620E1
2.536000000E1	4.262963236E1	2.752324922E1
2.540000000E1	4.233778810E1	2.767958715E1
2.544000000E1	4.205185286E1	2.770551177E1
2.548000000E1	4.171942580E1	2.767610087E1
2.552000000E1	4.127927914E1	2.741249047E1
2.556000000E1	4.070237331E1	2.707750765E1
2.560000000E1	3.995389188E1	2.648187938E1
2.564000000E1	3.903282135E1	2.573907723E1
2.568000000E1	3.804359345E1	2.493185486E1
2.572000000E1	3.544453159E1	2.262475028E1
2.576000000E1	3.546204772E1	2.260594907E1
2.580000000E1	3.397569572E1	2.141272776E1
2.584000000E1	3.247831254E1	2.030135763E1
2.588000000E1	3.071437145E1	1.901878249E1
2.592000000E1	2.888410139E1	1.780929194E1
2.596000000E1	2.700574435E1	1.657372723E1
2.600000000E1	2.499056155E1	1.552223629E1
2.604000000E1	2.306647038E1	1.465183481E1
2.608000000E1	2.125283201E1	1.391527020E1
2.612000000E1	1.969105341E1	1.333545478E1
2.616000000E1	1.832767193E1	1.279772218E1
2.620000000E1	1.706285193E1	1.237649544E1
2.624000000E1	1.598321761E1	1.199983443E1
2.628000000E1	1.512226340E1	1.167073903E1
2.632000000E1	1.449877186E1	1.149447242E1
2.636000000E1	1.403326476E1	1.138060102E1
2.640000000E1	1.379632735E1	1.121770806E1
2.644000000E1	1.374105091E1	1.111312298E1
2.648000000E1	1.378536294E1	1.105520029E1
2.652000000E1	1.391423723E1	1.106592641E1
2.656000000E1	1.407709777E1	1.107608265E1
2.660000000E1	1.433694175E1	1.121430410E1
2.664000000E1	1.462341816E1	1.137780282E1
2.668000000E1	1.490209344E1	1.150566276E1
2.672000000E1	1.520603064E1	1.168677014E1
2.676000000E1	1.599668533E1	1.206990948E1
2.680000000E1	1.600790643E1	1.210784345E1
2.684000000E1	1.669411347E1	1.243297841E1
2.688000000E1	1.790912106E1	1.287238752E1
2.692000000E1	1.955914184E1	1.347923046E1
2.696000000E1	2.168770415E1	1.433366159E1
2.700000000E1	2.425306870E1	1.542468010E1
2.704000000E1	2.772046733E1	1.660314154E1
2.708000000E1	3.215405024E1	1.840882927E1
2.712000000E1	3.707634236E1	2.079803979E1
2.716000000E1	4.055526343E1	2.260648591E1
2.720000000E1	4.269368561E1	2.378002930E1
2.724000000E1	4.381535511E1	2.475099611E1
2.728000000E1	4.442335454E1	2.552870402E1
2.732000000E1	4.444999748E1	2.604639048E1
2.736000000E1	4.419115376E1	2.639562656E1
2.740000000E1	4.383730026E1	2.664941180E1
2.744000000E1	4.339842081E1	2.677162045E1
2.748000000E1	4.294749667E1	2.680880791E1
2.752000000E1	4.240339022E1	2.675401353E1
2.756000000E1	4.186758624E1	2.673289451E1
2.760000000E1	4.129933433E1	2.664772153E1
2.764000000E1	4.058414281E1	2.642346202E1
2.768000000E1	3.980829939E1	2.613327915E1
2.772000000E1	3.887967501E1	2.561773131E1
2.776000000E1	3.784673878E1	2.502787230E1
2.780000000E1	3.667572632E1	2.419995672E1
2.784000000E1	3.531169820E1	2.334087431E1
2.788000000E1	3.383161576E1	2.234608894E1
2.792000000E1	3.215406462E1	2.111711495E1
2.796000000E1	3.031343918E1	1.990885377E1
2.800000000E1	2.834072180E1	1.868401896E1
2.804000000E1	2.621859822E1	1.750440688E1
2.808000000E1	2.426906893E1	1.656115193E1
2.812000000E1	2.224520118E1	1.556863394E1
2.816000000E1	2.028479992E1	1.456590523E1
2.820000000E1	1.853749530E1	1.369319987E1
2.824000000E1	1.698913270E1	1.303130804E1
2.828000000E1	1.570164079E1	1.245884913E1
2.832000000E1	1.468421026E1	1.210730119E1
2.836000000E1	1.388219162E1	1.182173715E1
2.840000000E1	1.335171282E1	1.154388088E1
2.844000000E1	1.313062223E1	1.139953183E1
2.848000000E1	1.311109020E1	1.125582556E1
2.852000000E1	1.327511925E1	1.120344787E1
2.856000000E1	1.346737219E1	1.111161686E1
2.860000000E1	1.370745279E1	1.107524471E1
2.864000000E1	1.399226671E1	1.106754185E1
2.868000000E1	1.420910179E1	1.109388196E1
2.872000000E1	1.446515899E1	1.113323884E1
2.876000000E1	1.480668385E1	1.123052772E1
2.880000000E1	1.512056450E1	1.137977113E1
2.884000000E1	1.557102438E1	1.160744702E1
2.888000000E1	1.613255087E1	1.189155805E1
2.892000000E1	1.690794466E1	1.221788724E1
2.896000000E1	1.793913899E1	1.273657883E1
2.900000000E1	1.956705345E1	1.345869949E1
2.904000000E1	2.189848776E1	1.435881826E1
2.908000000E1	2.477437384E1	1.546329410E1
2.912000000E1	2.880508112E1	1.690657371E1
2.916000000E1	3.352029919E1	1.901866759E1
2.920000000E1	3.819450879E1	2.140092675E1
2.924000000E1	4.121271589E1	2.314593310E1
2.928000000E1	4.340565601E1	2.535195276E1
2.932000000E1	4.340083482E1	2.531393420E1
2.936000000E1	4.371237988E1	2.616326815E1
2.940000000E1	4.383394300E1	2.700666494E1
2.944000000E1	4.372544644E1	2.758078383E1
2.948000000E1	4.355588168E1	2.801367068E1
2.952000000E1	4.338171948E1	2.835935093E1
2.956000000E1	4.324161465E1	2.856563808E1
2.960000000E1	4.308259723E1	2.869109822E1
2.964000000E1	4.282436838E1	2.873383124E1
2.968000000E1	4.249800804E1	2.864796039E1
2.972000000E1	4.199269669E1	2.830705717E1
2.976000000E1	4.128554524E1	2.770982417E1
2.980000000E1	4.036741884E1	2.691259498E1
2.984000000E1	3.935476327E1	2.602841023E1
2.988000000E1	3.820128258E1	2.507494699E1
2.992000000E1	3.686648402E1	2.404451605E1
2.996000000E1	3.533172374E1	2.286507885E1
3.000000000E1	3.363476483E1	2.174537645E1
3.004000000E1	3.186298347E1	2.050546532E1
3.008000000E1	2.990374597E1	1.930507903E1
3.012000000E1	2.788427811E1	1.812358815E1
3.016000000E1	2.588970061E1	1.703617141E1
3.020000000E1	2.389740561E1	1.601873225E1
3.024000000E1	2.203380304E1	1.497239536E1
3.028000000E1	2.024488998E1	1.404227365E1
3.032000000E1	1.867751763E1	1.318482705E1
3.036000000E1	1.729529327E1	1.244993677E1
3.040000000E1	1.625917582E1	1.185696894E1
3.044000000E1	1.554209595E1	1.139384121E1
3.048000000E1	1.510940793E1	1.105542129E1
3.052000000E1	1.481880334E1	1.079718946E1
3.056000000E1	1.466346150E1	1.062651613E1
3.060000000E1	1.465291698E1	1.051414284E1
3.064000000E1	1.467249988E1	1.037567070E1
3.068000000E1	1.476277467E1	1.030743488E1
3.072000000E1	1.480310062E1	1.021949456E1
3.076000000E1	1.481282118E1	1.017845776E1
3.080000000E1	1.483313920E1	1.029325093E1
3.084000000E1	1.482069439E1	1.031688362E1
3.088000000E1	1.484555962E1	1.045001992E1
3.092000000E1	1.495026717E1	1.063512294E1
3.096000000E1	1.510456988E1	1.082093947E1
3.100000000E1	1.535655966E1	1.105952300E1
3.104000000E1	1.566635108E1	1.126942505E1
3.108000000E1	1.615102716E1	1.153183018E1
3.112000000E1	1.684596602E1	1.196603134E1
3.116000000E1	1.795043397E1	1.245682469E1
3.120000000E1	1.945365958E1	1.305328964E1
3.124000000E1	2.148924389E1	1.383104868E1
3.128000000E1	2.460090569E1	1.491985155E1
3.132000000E1	2.858603142E1	1.662487185E1
3.136000000E1	3.353213045E1	1.885496359E1
3.140000000E1	3.857696345E1	2.140744714E1
3.144000000E1	4.188306083E1	2.305391563E1
3.148000000E1	4.373419890E1	2.419617204E1
3.152000000E1	4.459248840E1	2.530349571E1
3.156000000E1	4.491131840E1	2.604894241E1
3.160000000E1	4.492080300E1	2.656855747E1
3.164000000E1	4.470676459E1	2.690472269E1
3.168000000E1	4.442515319E1	2.706641551E1
3.172000000E1	4.400532518E1	2.711587564E1
3.176000000E1	4.355909648E1	2.707829219E1
3.180000000E1	4.311985551E1	2.702959292E1
3.184000000E1	4.259230160E1	2.680344363E1
3.188000000E1	4.191278125E1	2.647062560E1
3.192000000E1	4.101772985E1	2.587769435E1
3.196000000E1	3.989834855E1	2.505432712E1
3.200000000E1	3.868815745E1	2.413627646E1
3.204000000E1	3.730144851E1	2.303843707E1
3.208000000E1	3.385699185E1	2.065743929E1
3.212000000E1	3.383207828E1	2.065549508E1
3.216000000E1	3.188082896E1	1.933157007E1
3.220000000E1	2.986034491E1	1.815860423E1
3.224000000E1	2.800218382E1	1.720558887E1
3.228000000E1	2.603172357E1	1.619544275E1
3.232000000E1	2.409337236E1	1.526356189E1
3.236000000E1	2.210448928E1	1.442979718E1
3.240000000E1	2.030830787E1	1.378521331E1
3.244000000E1	1.874708782E1	1.333683889E1
3.248000000E1	1.736768262E1	1.301940469E1
3.252000000E1	1.621024446E1	1.273779231E1
3.256000000E1	1.527648962E1	1.256977860E1
3.260000000E1	1.466727220E1	1.239152204E1
3.264000000E1	1.436333812E1	1.223530564E1
3.268000000E1	1.436964196E1	1.195416105E1
3.272000000E1	1.437016922E1	1.196197834E1
3.276000000E1	1.449427740E1	1.182373407E1
3.280000000E1	1.459255830E1	1.170456221E1
3.284000000E1	1.470323847E1	1.156945773E1
3.288000000E1	1.480569204E1	1.151501087E1
3.292000000E1	1.495973727E1	1.152287699E1
3.296000000E1	1.511929238E1	1.155178213E1
3.300000000E1	1.533144444E1	1.164554899E1
3.304000000E1	1.557261329E1	1.178659067E1
3.308000000E1	1.586706871E1	1.193995088E1
3.312000000E1	1.617642474E1	1.211039629E1
3.316000000E1	1.657985371E1	1.227561065E1
3.320000000E1	1.704921731E1	1.251940537E1
3.324000000E1	1.766197622E1	1.284591679E1
3.328000000E1	1.855136399E1	1.319999068E1
3.332000000E1	1.982183188E1	1.364232726E1
3.336000000E1	2.151178929E1	1.425400019E1
3.340000000E1	2.398055672E1	1.514389296E1
3.344000000E1	2.759423957E1	1.646977133E1
3.348000000E1	3.208155367E1	1.838174000E1
3.352000000E1	3.653782826E1	2.078826768E1
3.356000000E1	3.953506313E1	2.260728120E1
3.360000000E1	4.131411548E1	2.378548227E1
3.364000000E1	4.231426566E1	2.497254434E1
3.368000000E1	4.278785317E1	2.582444353E1
3.372000000E1	4.281514781E1	2.646857306E1
3.376000000E1	4.265778130E1	2.699732174E1
3.380000000E1	4.240960357E1	2.725396063E1
3.384000000E1	4.205352183E1	2.739524249E1
3.388000000E1	4.171039879E1	2.739904637E1
3.392000000E1	4.138982744E1	2.727316911E1
3.396000000E1	4.102900733E1	2.708382338E1
3.400000000E1	4.056538480E1	2.680882238E1
3.404000000E1	4.000938846E1	2.635916893E1
3.408000000E1	3.931076873E1	2.578118957E1
3.412000000E1	3.844959336E1	2.493027273E1
3.416000000E1	3.735743118E1	2.401308954E1
3.420000000E1	3.605465939E1	2.286143095E1
3.424000000E1	3.456511788E1	2.183499048E1
3.428000000E1	3.292936966E1	2.064693652E1
3.432000000E1	3.112764501E1	1.944311925E1
3.436000000E1	2.930307110E1	1.828023714E1
3.440000000E1	2.754110232E1	1.716215149E1
3.444000000E1	2.586765414E1	1.628909885E1
3.448000000E1	2.278727701E1	1.477002015E1
3.452000000E1	2.276174666E1	1.480307341E1
3.456000000E1	2.132387503E1	1.407703062E1
3.460000000E1	2.003090418E1	1.346512879E1
3.464000000E1	1.885821139E1	1.288340731E1
3.468000000E1	1.786227981E1	1.243131115E1
3.472000000E1	1.694354761E1	1.209750111E1
3.476000000E1	1.616729952E1	1.181671879E1
3.480000000E1	1.548878853E1	1.152959396E1
3.484000000E1	1.495847736E1	1.134979233E1
3.488000000E1	1.466309296E1	1.122602169E1
3.492000000E1	1.451983741E1	1.111988339E1
3.496000000E1	1.451676246E1	1.106605757E1
3.500000000E1	1.458703377E1	1.102373668E1
3.504000000E1	1.467763848E1	1.107390265E1
3.508000000E1	1.484405875E1	1.110262352E1
3.512000000E1	1.510708803E1	1.120929603E1
3.516000000E1	1.539187351E1	1.128447138E1
3.520000000E1	1.571522198E1	1.137054711E1
3.524000000E1	1.604238165E1	1.147416237E1
3.528000000E1	1.630956517E1	1.164658228E1
3.532000000E1	1.659100759E1	1.183206881E1
3.536000000E1	1.700211365E1	1.213518639E1
3.540000000E1	1.780910416E1	1.254315354E1
