hand
t	x	y
0.000000000E0	4.109700791E1	1.024600775E1
4.000000000E-2	4.109695659E1	1.024473905E1
8.000000000E-2	4.109629755E1	1.024654882E1
1.200000000E-1	4.109651953E1	1.024644805E1
1.600000000E-1	4.109667635E1	1.024632128E1
2.000000000E-1	4.109271567E1	1.024477644E1
2.400000000E-1	4.108832004E1	1.024345026E1
2.800000000E-1	4.109277098E1	1.024276957E1
3.200000000E-1	4.109460335E1	1.024413642E1
3.600000000E-1	4.109768190E1	1.024492853E1
4.000000000E-1	4.110007848E1	1.024511779E1
4.400000000E-1	4.109959072E1	1.024544578E1
4.800000000E-1	4.109936356E1	1.024629679E1
5.200000000E-1	4.109749588E1	1.024471424E1
5.600000000E-1	4.109742835E1	1.024453414E1
6.000000000E-1	4.109720585E1	1.024581130E1
6.400000000E-1	4.109777250E1	1.024505766E1
6.800000000E-1	4.109719647E1	1.024573252E1
7.200000000E-1	4.109689893E1	1.024615473E1
7.600000000E-1	4.109645203E1	1.024626427E1
8.000000000E-1	4.109568973E1	1.024712419E1
8.400000000E-1	4.109634705E1	1.024865788E1
8.800000000E-1	4.109622755E1	1.025236339E1
9.200000000E-1	4.108940797E1	1.029398166E1
9.600000000E-1	4.107247734E1	1.034700694E1
1.000000000E0	4.096573576E1	1.048700277E1
1.040000000E0	4.090298696E1	1.066349839E1
1.080000000E0	4.081168649E1	1.100117199E1
1.120000000E0	4.072729303E1	1.190553048E1
1.160000000E0	4.097856729E1	1.348295870E1
1.200000000E0	4.194811576E1	1.538807731E1
1.240000000E0	4.381059139E1	1.716757080E1
1.280000000E0	4.641059663E1	1.899478329E1
1.320000000E0	4.981644049E1	2.062661496E1
1.360000000E0	5.364024706E1	2.179430141E1
1.400000000E0	5.751104356E1	2.260091639E1
1.440000000E0	6.138609444E1	2.279581322E1
1.480000000E0	6.496394748E1	2.272253259E1
1.520000000E0	6.820876002E1	2.222116826E1
1.560000000E0	7.083368117E1	2.142632040E1
1.600000000E0	7.286490217E1	2.046080326E1
1.640000000E0	7.439862514E1	1.949510709E1
1.680000000E0	7.546397735E1	1.882992981E1
1.720000000E0	7.635635280E1	1.835277285E1
1.760000000E0	7.711275488E1	1.796774582E1
1.800000000E0	7.772957890E1	1.761819947E1
1.840000000E0	7.818836455E1	1.711428253E1
1.880000000E0	7.853831870E1	1.655020514E1
1.920000000E0	7.869044293E1	1.585862187E1
1.960000000E0	7.864067876E1	1.521070824E1
2.000000000E0	7.847557811E1	1.462422880E1
2.040000000E0	7.821212651E1	1.448110991E1
2.080000000E0	7.786117185E1	1.461302221E1
2.120000000E0	7.720907644E1	1.488216801E1
2.160000000E0	7.625228773E1	1.491921441E1
2.200000000E0	7.500699952E1	1.485186447E1
2.240000000E0	7.360651571E1	1.489885396E1
2.280000000E0	7.195478005E1	1.463728469E1
2.320000000E0	7.033840700E1	1.460930871E1
2.360000000E0	6.873049375E1	1.446540640E1
2.400000000E0	6.736892758E1	1.446709337E1
2.440000000E0	6.639750489E1	1.441867511E1
2.480000000E0	6.590154757E1	1.433329289E1
2.520000000E0	6.570004071E1	1.419830877E1
2.560000000E0	6.553025353E1	1.416696385E1
2.600000000E0	6.551862855E1	1.412178048E1
2.640000000E0	6.551479204E1	1.411799362E1
2.680000000E0	6.551784790E1	1.418131689E1
2.720000000E0	6.550935822E1	1.425639775E1
2.760000000E0	6.550401357E1	1.432338573E1
2.800000000E0	6.549549261E1	1.452731334E1
2.840000000E0	6.535348729E1	1.491901982E1
2.880000000E0	6.504209017E1	1.552382570E1
2.920000000E0	6.440699826E1	1.638833854E1
2.960000000E0	6.331066809E1	1.748035704E1
3.000000000E0	6.155476364E1	1.846676743E1
3.040000000E0	5.933624693E1	1.907582173E1
3.080000000E0	5.690581845E1	1.922847128E1
3.120000000E0	5.452432543E1	1.881020364E1
3.160000000E0	5.240844103E1	1.797239615E1
3.200000000E0	5.059917283E1	1.706479971E1
3.240000000E0	4.912668060E1	1.616739596E1
3.280000000E0	4.807275473E1	1.528128594E1
3.320000000E0	4.757295575E1	1.463696455E1
3.360000000E0	4.746836219E1	1.462805885E1
3.400000000E0	4.770629991E1	1.460374457E1
3.440000000E0	4.802794781E1	1.473915491E1
3.480000000E0	4.861251790E1	1.524505070E1
3.520000000E0	4.961117195E1	1.624730644E1
3.560000000E0	5.122182685E1	1.763814025E1
3.600000000E0	5.357580980E1	1.922840501E1
3.640000000E0	5.641419809E1	2.081004584E1
3.680000000E0	5.960782631E1	2.212608746E1
3.720000000E0	6.309565424E1	2.284491439E1
3.760000000E0	6.655861402E1	2.298771632E1
3.800000000E0	6.982296911E1	2.259373138E1
3.840000000E0	7.262828457E1	2.184927231E1
3.880000000E0	7.485623470E1	2.081247428E1
3.920000000E0	7.650437450E1	1.963432103E1
3.960000000E0	7.759266768E1	1.854828695E1
4.000000000E0	7.829992009E1	1.759613725E1
4.040000000E0	7.877204124E1	1.680158311E1
4.080000000E0	7.897352177E1	1.616945179E1
4.120000000E0	7.890874493E1	1.551690808E1
4.160000000E0	7.865399860E1	1.500132836E1
4.200000000E0	7.827147662E1	1.462724820E1
4.240000000E0	7.777569354E1	1.456880824E1
4.280000000E0	7.712307748E1	1.475967394E1
4.320000000E0	7.624908882E1	1.476721745E1
4.360000000E0	7.516280631E1	1.453971839E1
4.400000000E0	7.387639664E1	1.426753827E1
4.440000000E0	7.257262928E1	1.418318449E1
4.480000000E0	7.116158325E1	1.405999562E1
4.520000000E0	6.984262327E1	1.404291148E1
4.560000000E0	6.850076543E1	1.395544916E1
4.600000000E0	6.719234085E1	1.403470099E1
4.640000000E0	6.600544078E1	1.416403696E1
4.680000000E0	6.502458155E1	1.418315185E1
4.720000000E0	6.418874231E1	1.426538666E1
4.760000000E0	6.355926643E1	1.433874233E1
4.800000000E0	6.311967882E1	1.430826972E1
4.840000000E0	6.303451319E1	1.430301438E1
4.880000000E0	6.310656366E1	1.429121885E1
4.920000000E0	6.313017924E1	1.429802602E1
4.960000000E0	6.310056035E1	1.431650121E1
5.000000000E0	6.293407019E1	1.446340992E1
5.040000000E0	6.249605781E1	1.492071734E1
5.080000000E0	6.161804076E1	1.583442744E1
5.120000000E0	6.027259806E1	1.678916278E1
5.160000000E0	5.857394237E1	1.744423045E1
5.200000000E0	5.666601478E1	1.793739532E1
5.240000000E0	5.482793812E1	1.790530169E1
5.280000000E0	5.291608172E1	1.749636729E1
5.320000000E0	5.105625781E1	1.670167693E1
5.360000000E0	4.971496110E1	1.580956353E1
5.400000000E0	4.880242821E1	1.523630135E1
5.440000000E0	4.835757532E1	1.528175799E1
5.480000000E0	4.838212415E1	1.523675339E1
5.520000000E0	4.862866397E1	1.521080572E1
5.560000000E0	4.896436157E1	1.518350086E1
5.600000000E0	4.938381061E1	1.550036195E1
5.640000000E0	5.017959954E1	1.606262332E1
5.680000000E0	5.137885205E1	1.705669371E1
5.720000000E0	5.314514150E1	1.826954665E1
5.760000000E0	5.540897576E1	1.954595801E1
5.800000000E0	5.800606935E1	2.078467701E1
5.840000000E0	6.096698303E1	2.155154258E1
5.880000000E0	6.415064487E1	2.183930922E1
5.920000000E0	6.735485226E1	2.165211626E1
5.960000000E0	7.037825082E1	2.116730959E1
6.000000000E0	7.306799910E1	2.040828028E1
6.040000000E0	7.517288131E1	1.945375004E1
6.080000000E0	7.672616516E1	1.849696233E1
6.120000000E0	7.783792776E1	1.745135487E1
6.160000000E0	7.856459417E1	1.651883252E1
6.200000000E0	7.901041050E1	1.571770376E1
6.240000000E0	7.908216393E1	1.500561442E1
6.280000000E0	7.890697660E1	1.446415355E1
6.320000000E0	7.857094355E1	1.419251447E1
6.360000000E0	7.807834319E1	1.423222931E1
6.400000000E0	7.733473216E1	1.443757029E1
6.440000000E0	7.637193700E1	1.446912725E1
6.480000000E0	7.528698451E1	1.438008810E1
6.520000000E0	7.408111806E1	1.418510231E1
6.560000000E0	7.277590349E1	1.410166013E1
6.600000000E0	7.143349568E1	1.417287884E1
6.640000000E0	7.002187387E1	1.412361644E1
6.680000000E0	6.867421802E1	1.413186648E1
6.720000000E0	6.746591545E1	1.414492240E1
6.760000000E0	6.662894393E1	1.411936441E1
6.800000000E0	6.624177763E1	1.411997392E1
6.840000000E0	6.611214073E1	1.404999380E1
6.880000000E0	6.611123792E1	1.387740568E1
6.920000000E0	6.612164513E1	1.387010694E1
6.960000000E0	6.612434388E1	1.387324563E1
7.000000000E0	6.598358666E1	1.387415026E1
7.040000000E0	6.569690359E1	1.386347522E1
7.080000000E0	6.506069097E1	1.407334108E1
7.120000000E0	6.386091025E1	1.459419592E1
7.160000000E0	6.208532308E1	1.535176598E1
7.200000000E0	5.969246102E1	1.612233476E1
7.240000000E0	5.675542528E1	1.652499666E1
7.280000000E0	5.370694127E1	1.617995666E1
7.320000000E0	5.104857640E1	1.531686277E1
7.360000000E0	4.860774022E1	1.427893450E1
7.400000000E0	4.691816514E1	1.327906833E1
7.440000000E0	4.587737883E1	1.347103384E1
7.480000000E0	4.548156838E1	1.353557938E1
7.520000000E0	4.562393230E1	1.364789224E1
7.560000000E0	4.603908498E1	1.366927425E1
7.600000000E0	4.652730149E1	1.399152291E1
7.640000000E0	4.744481096E1	1.458465632E1
7.680000000E0	4.880256906E1	1.565024390E1
7.720000000E0	5.079327945E1	1.691236243E1
7.760000000E0	5.339182859E1	1.814625300E1
7.800000000E0	5.646131643E1	1.922041049E1
7.840000000E0	5.970793958E1	1.990419609E1
7.880000000E0	6.294048330E1	2.045674161E1
7.920000000E0	6.606832885E1	2.053590526E1
7.960000000E0	6.892103426E1	2.020476002E1
8.000000000E0	7.137762664E1	1.959125057E1
8.040000000E0	7.325050574E1	1.873574210E1
8.080000000E0	7.459034324E1	1.784586885E1
8.120000000E0	7.549700842E1	1.697925711E1
8.160000000E0	7.618730909E1	1.620472217E1
8.200000000E0	7.667339616E1	1.557468563E1
8.240000000E0	7.682531966E1	1.498082144E1
8.280000000E0	7.673348758E1	1.462938997E1
8.320000000E0	7.651244795E1	1.463778516E1
8.360000000E0	7.618482802E1	1.487685572E1
8.400000000E0	7.564141942E1	1.493343589E1
8.440000000E0	7.491076392E1	1.492961557E1
8.480000000E0	7.407919454E1	1.490985157E1
8.520000000E0	7.306693550E1	1.481911453E1
8.560000000E0	7.185317813E1	1.478786303E1
8.600000000E0	7.050339183E1	1.452852037E1
8.640000000E0	6.898500206E1	1.427912793E1
8.680000000E0	6.742481358E1	1.414048026E1
8.720000000E0	6.593645086E1	1.399437959E1
8.760000000E0	6.465729563E1	1.389439331E1
8.800000000E0	6.359500366E1	1.387132425E1
8.840000000E0	6.282687591E1	1.387645814E1
8.880000000E0	6.238185803E1	1.388106847E1
8.920000000E0	6.220072711E1	1.394318148E1
8.960000000E0	6.216496297E1	1.400321570E1
9.000000000E0	6.212714006E1	1.404827374E1
9.040000000E0	6.183835736E1	1.434332276E1
9.080000000E0	6.118378103E1	1.497403032E1
9.120000000E0	6.012423117E1	1.589447187E1
9.160000000E0	5.853666490E1	1.683505583E1
9.200000000E0	5.660385741E1	1.757615534E1
9.240000000E0	5.460277259E1	1.788919298E1
9.280000000E0	5.272849315E1	1.766921865E1
9.320000000E0	5.116499715E1	1.698999229E1
9.360000000E0	5.010921952E1	1.608469853E1
9.400000000E0	4.951178125E1	1.494169170E1
9.440000000E0	4.939406648E1	1.454801892E1
9.480000000E0	4.938810612E1	1.474088033E1
9.520000000E0	4.970893615E1	1.470744512E1
9.560000000E0	4.996652398E1	1.483516591E1
9.600000000E0	5.033824946E1	1.494250861E1
9.640000000E0	5.116104702E1	1.552594650E1
9.680000000E0	5.265528820E1	1.670704787E1
9.720000000E0	5.494934265E1	1.794727088E1
9.760000000E0	5.784527883E1	1.923938686E1
9.800000000E0	6.108788888E1	2.029106896E1
9.840000000E0	6.442663656E1	2.084196959E1
9.880000000E0	6.765027326E1	2.077078156E1
9.920000000E0	7.035146882E1	2.042552758E1
9.960000000E0	7.257175793E1	1.977153618E1
1.000000000E1	7.421643977E1	1.893481808E1
1.004000000E1	7.542907279E1	1.803311758E1
1.008000000E1	7.630770826E1	1.715498442E1
1.012000000E1	7.688815716E1	1.627880305E1
1.016000000E1	7.719594598E1	1.551597905E1
1.020000000E1	7.718201676E1	1.492437880E1
1.024000000E1	7.694358001E1	1.460686869E1
1.028000000E1	7.663913571E1	1.461168980E1
1.032000000E1	7.611635634E1	1.483085206E1
1.036000000E1	7.530503695E1	1.492425742E1
1.040000000E1	7.437367085E1	1.489125708E1
1.044000000E1	7.329353127E1	1.469392839E1
1.048000000E1	7.212965019E1	1.463040551E1
1.052000000E1	7.089946466E1	1.446808240E1
1.056000000E1	6.973147103E1	1.445501206E1
1.060000000E1	6.864944147E1	1.436621815E1
1.064000000E1	6.774613973E1	1.433513891E1
1.068000000E1	6.710986847E1	1.452717611E1
1.072000000E1	6.666168051E1	1.457404127E1
1.076000000E1	6.639710019E1	1.458779844E1
1.080000000E1	6.627513859E1	1.441353822E1
1.084000000E1	6.619779780E1	1.428803513E1
1.088000000E1	6.616742786E1	1.421031590E1
1.092000000E1	6.608733028E1	1.417425187E1
1.096000000E1	6.599734186E1	1.421189955E1
1.100000000E1	6.594689077E1	1.428550586E1
1.104000000E1	6.582094514E1	1.449616778E1
1.108000000E1	6.556707025E1	1.488755883E1
1.112000000E1	6.508114665E1	1.549737782E1
1.116000000E1	6.439335698E1	1.612632023E1
1.120000000E1	6.337156910E1	1.677067221E1
1.124000000E1	6.177642323E1	1.735476852E1
1.128000000E1	5.974783155E1	1.759933475E1
1.132000000E1	5.768947526E1	1.748324223E1
1.136000000E1	5.560648996E1	1.701945694E1
1.140000000E1	5.377892444E1	1.625755542E1
1.144000000E1	5.239631520E1	1.541305688E1
1.148000000E1	5.150213962E1	1.449500895E1
1.152000000E1	5.104813268E1	1.419058286E1
1.156000000E1	5.088623443E1	1.440002967E1
1.160000000E1	5.102063981E1	1.442986073E1
1.164000000E1	5.119195962E1	1.445593747E1
1.168000000E1	5.132121559E1	1.444752895E1
1.172000000E1	5.133813999E1	1.445650117E1
1.176000000E1	5.138115990E1	1.452178802E1
1.180000000E1	5.164200157E1	1.471066850E1
1.184000000E1	5.239214595E1	1.536324947E1
1.188000000E1	5.378314844E1	1.640349890E1
1.192000000E1	5.585454294E1	1.760191188E1
1.196000000E1	5.848946845E1	1.873661055E1
1.200000000E1	6.133761114E1	1.974277409E1
1.204000000E1	6.436481024E1	2.047264084E1
1.208000000E1	6.731677295E1	2.066589147E1
1.212000000E1	7.008901546E1	2.031994590E1
1.216000000E1	7.238137010E1	1.986491780E1
1.220000000E1	7.418196620E1	1.907501642E1
1.224000000E1	7.555036797E1	1.801800518E1
1.228000000E1	7.647443400E1	1.694720523E1
1.232000000E1	7.695791291E1	1.596797118E1
1.236000000E1	7.712741229E1	1.516930475E1
1.240000000E1	7.707918420E1	1.456893695E1
1.244000000E1	7.695933194E1	1.443812651E1
1.248000000E1	7.671386079E1	1.459312420E1
1.252000000E1	7.634768986E1	1.482017475E1
1.256000000E1	7.577135531E1	1.488746394E1
1.260000000E1	7.508395672E1	1.479524810E1
1.264000000E1	7.424536110E1	1.470854204E1
1.268000000E1	7.321460615E1	1.465054097E1
1.272000000E1	7.201358317E1	1.444349237E1
1.276000000E1	7.077981555E1	1.432926777E1
1.280000000E1	6.954793188E1	1.416692564E1
1.284000000E1	6.835973417E1	1.406369789E1
1.288000000E1	6.734369139E1	1.400583190E1
1.292000000E1	6.656356417E1	1.402047902E1
1.296000000E1	6.591375917E1	1.401871076E1
1.300000000E1	6.550486819E1	1.404479013E1
1.304000000E1	6.512192958E1	1.414549501E1
1.308000000E1	6.493540100E1	1.419788187E1
1.312000000E1	6.490729375E1	1.419524361E1
1.316000000E1	6.488584201E1	1.420230331E1
1.320000000E1	6.464933849E1	1.438588189E1
1.324000000E1	6.414315942E1	1.476151839E1
1.328000000E1	6.324778799E1	1.553179446E1
1.332000000E1	6.189684398E1	1.656691744E1
1.336000000E1	6.020840410E1	1.726914511E1
1.340000000E1	5.834380032E1	1.756749878E1
1.344000000E1	5.624496248E1	1.764534656E1
1.348000000E1	5.436621846E1	1.729357216E1
1.352000000E1	5.277930902E1	1.660925975E1
1.356000000E1	5.174738501E1	1.582759513E1
1.360000000E1	5.108052666E1	1.517341985E1
1.364000000E1	5.089113810E1	1.503977296E1
1.368000000E1	5.092705501E1	1.520312712E1
1.372000000E1	5.122488489E1	1.519943265E1
1.376000000E1	5.162470420E1	1.523448004E1
1.380000000E1	5.210758240E1	1.552392514E1
1.384000000E1	5.288975758E1	1.614856771E1
1.388000000E1	5.409529322E1	1.719006176E1
1.392000000E1	5.576929546E1	1.841879163E1
1.396000000E1	5.793652871E1	1.987129148E1
1.400000000E1	6.041428955E1	2.106638477E1
1.404000000E1	6.298217574E1	2.201692694E1
1.408000000E1	6.575504848E1	2.241349987E1
1.412000000E1	6.843620021E1	2.234394336E1
1.416000000E1	7.080609998E1	2.186734435E1
1.420000000E1	7.285335856E1	2.103273930E1
1.424000000E1	7.446710196E1	1.997830126E1
1.428000000E1	7.563714807E1	1.881435223E1
1.432000000E1	7.643262546E1	1.765016673E1
1.436000000E1	7.681075232E1	1.670445555E1
1.440000000E1	7.694768603E1	1.595750762E1
1.444000000E1	7.683239831E1	1.538449022E1
1.448000000E1	7.655513176E1	1.507705886E1
1.452000000E1	7.620638137E1	1.502464241E1
1.456000000E1	7.575763091E1	1.507083811E1
1.460000000E1	7.514846493E1	1.506656702E1
1.464000000E1	7.439295150E1	1.504871014E1
1.468000000E1	7.354153410E1	1.493565227E1
1.472000000E1	7.254988925E1	1.478106602E1
1.476000000E1	7.149332677E1	1.473130362E1
1.480000000E1	7.035466439E1	1.461368401E1
1.484000000E1	6.925831368E1	1.447081472E1
1.488000000E1	6.808167043E1	1.437949330E1
1.492000000E1	6.702618577E1	1.429546997E1
1.496000000E1	6.611750443E1	1.430949224E1
1.500000000E1	6.547114877E1	1.432390596E1
1.504000000E1	6.493836001E1	1.431889689E1
1.508000000E1	6.458867812E1	1.431978394E1
1.512000000E1	6.446645838E1	1.433447341E1
1.516000000E1	6.445989971E1	1.434104343E1
1.520000000E1	6.432713995E1	1.452803724E1
1.524000000E1	6.397983726E1	1.491348690E1
1.528000000E1	6.327757912E1	1.550594469E1
1.532000000E1	6.215625925E1	1.624929329E1
1.536000000E1	6.058972524E1	1.694255863E1
1.540000000E1	5.861580302E1	1.745621367E1
1.544000000E1	5.636969941E1	1.787292123E1
1.548000000E1	5.388933918E1	1.780328567E1
1.552000000E1	5.163897259E1	1.730923716E1
1.556000000E1	4.980592662E1	1.670005261E1
1.560000000E1	4.856315824E1	1.597612386E1
1.564000000E1	4.773259342E1	1.520303745E1
1.568000000E1	4.728813845E1	1.460888751E1
1.572000000E1	4.721695508E1	1.460772457E1
1.576000000E1	4.738749263E1	1.458730343E1
1.580000000E1	4.759688359E1	1.451738092E1
1.584000000E1	4.774892619E1	1.457816713E1
1.588000000E1	4.788490479E1	1.474333373E1
1.592000000E1	4.816126244E1	1.494274706E1
1.596000000E1	4.860712022E1	1.536442862E1
1.600000000E1	4.941975882E1	1.614312734E1
1.604000000E1	5.068209052E1	1.719874971E1
1.608000000E1	5.247886831E1	1.838410226E1
1.612000000E1	5.480677195E1	1.943797991E1
1.616000000E1	5.753068280E1	2.019799730E1
1.620000000E1	6.053814213E1	2.058640531E1
1.624000000E1	6.354701567E1	2.055959670E1
1.628000000E1	6.642295260E1	2.017872392E1
1.632000000E1	6.901864334E1	1.962915851E1
1.636000000E1	7.118342689E1	1.888145772E1
1.640000000E1	7.290826919E1	1.812530315E1
1.644000000E1	7.421219429E1	1.736936224E1
1.648000000E1	7.512029694E1	1.662237386E1
1.652000000E1	7.570567553E1	1.601906737E1
1.656000000E1	7.603987534E1	1.560666103E1
1.660000000E1	7.619924703E1	1.532592159E1
1.664000000E1	7.614672246E1	1.506721091E1
1.668000000E1	7.595150550E1	1.504890007E1
1.672000000E1	7.560248248E1	1.506339107E1
1.676000000E1	7.505416320E1	1.506009844E1
1.680000000E1	7.439498120E1	1.500854596E1
1.684000000E1	7.360185856E1	1.481786408E1
1.688000000E1	7.261724344E1	1.468966217E1
1.692000000E1	7.153800851E1	1.448266088E1
1.696000000E1	7.044714302E1	1.436008081E1
1.700000000E1	6.940413330E1	1.431671791E1
1.704000000E1	6.828845429E1	1.418099940E1
1.708000000E1	6.729367657E1	1.418810920E1
1.712000000E1	6.646595534E1	1.429673114E1
1.716000000E1	6.581290280E1	1.431693249E1
1.720000000E1	6.535812896E1	1.431612255E1
1.724000000E1	6.505293162E1	1.430673311E1
1.728000000E1	6.489875731E1	1.430128490E1
1.732000000E1	6.489717212E1	1.429232453E1
1.736000000E1	6.497030082E1	1.430608621E1
1.740000000E1	6.505587037E1	1.431285004E1
1.744000000E1	6.505712450E1	1.433227308E1
1.748000000E1	6.492943064E1	1.450022584E1
1.752000000E1	6.459698083E1	1.489589772E1
1.756000000E1	6.384404571E1	1.567920448E1
1.760000000E1	6.268313643E1	1.673509852E1
1.764000000E1	6.117438104E1	1.761438624E1
1.768000000E1	5.938775112E1	1.825433328E1
1.772000000E1	5.741312649E1	1.853358811E1
1.776000000E1	5.551511384E1	1.821699522E1
1.780000000E1	5.375082469E1	1.763112575E1
1.784000000E1	5.223833219E1	1.684044037E1
1.788000000E1	5.107366053E1	1.593076544E1
1.792000000E1	5.025800854E1	1.507992196E1
1.796000000E1	4.984858273E1	1.432497913E1
1.800000000E1	4.984232313E1	1.360360688E1
1.804000000E1	4.999847159E1	1.372126500E1
1.808000000E1	5.045445305E1	1.418696505E1
1.812000000E1	5.134570265E1	1.489956001E1
1.816000000E1	5.262439419E1	1.602427814E1
1.820000000E1	5.441495765E1	1.730588933E1
1.824000000E1	5.663673886E1	1.866858068E1
1.828000000E1	5.919256000E1	1.991751820E1
1.832000000E1	6.198610131E1	2.097186328E1
1.836000000E1	6.492454671E1	2.155285772E1
1.840000000E1	6.780010956E1	2.156949532E1
1.844000000E1	7.038606248E1	2.126141461E1
1.848000000E1	7.263870813E1	2.054885925E1
1.852000000E1	7.438079474E1	1.958678998E1
1.856000000E1	7.574865638E1	1.849854938E1
1.860000000E1	7.669948172E1	1.743951259E1
1.864000000E1	7.729407146E1	1.647370564E1
1.868000000E1	7.760883285E1	1.552512212E1
1.872000000E1	7.759581568E1	1.474434133E1
1.876000000E1	7.741127129E1	1.449153032E1
1.880000000E1	7.711996746E1	1.464949908E1
1.884000000E1	7.663734946E1	1.485900069E1
1.888000000E1	7.599278719E1	1.494293378E1
1.892000000E1	7.514950415E1	1.478686205E1
1.896000000E1	7.409450571E1	1.459418116E1
1.900000000E1	7.287366619E1	1.441921605E1
1.904000000E1	7.154175027E1	1.433740216E1
1.908000000E1	7.018711549E1	1.423906619E1
1.912000000E1	6.882354015E1	1.421060464E1
1.916000000E1	6.759383381E1	1.420670621E1
1.920000000E1	6.653174574E1	1.427176714E1
1.924000000E1	6.567527911E1	1.423658499E1
1.928000000E1	6.495762205E1	1.416245193E1
1.932000000E1	6.445776644E1	1.416174099E1
1.936000000E1	6.418722338E1	1.416246320E1
1.940000000E1	6.414128131E1	1.413306991E1
1.944000000E1	6.423321506E1	1.404503921E1
1.948000000E1	6.432457654E1	1.400283163E1
1.952000000E1	6.436224990E1	1.399820652E1
1.956000000E1	6.433186255E1	1.400998938E1
1.960000000E1	6.417421058E1	1.419765091E1
1.964000000E1	6.387377507E1	1.458522016E1
1.968000000E1	6.341133358E1	1.503192789E1
1.972000000E1	6.278832389E1	1.555427724E1
1.976000000E1	6.188759833E1	1.617851962E1
1.980000000E1	6.066986594E1	1.668377215E1
1.984000000E1	5.933350675E1	1.689653387E1
1.988000000E1	5.785268133E1	1.684588882E1
1.992000000E1	5.643402745E1	1.638428061E1
1.996000000E1	5.523507021E1	1.564994753E1
2.000000000E1	5.431190052E1	1.466175787E1
2.004000000E1	5.379903377E1	1.355484825E1
2.008000000E1	5.350427975E1	1.364824627E1
2.012000000E1	5.347095352E1	1.370114505E1
2.016000000E1	5.361691415E1	1.358982235E1
2.020000000E1	5.374835921E1	1.365541506E1
2.024000000E1	5.378153299E1	1.373428126E1
2.028000000E1	5.386879513E1	1.382385080E1
2.032000000E1	5.400439444E1	1.383144409E1
2.036000000E1	5.433060899E1	1.394606032E1
2.040000000E1	5.492785642E1	1.439391880E1
2.044000000E1	5.587571691E1	1.517613166E1
2.048000000E1	5.722757953E1	1.626585371E1
2.052000000E1	5.904396775E1	1.747974859E1
2.056000000E1	6.129169060E1	1.845290012E1
2.060000000E1	6.383865062E1	1.914377042E1
2.064000000E1	6.651218468E1	1.958139601E1
2.068000000E1	6.912597079E1	1.956434009E1
2.072000000E1	7.144010336E1	1.924505660E1
2.076000000E1	7.341169365E1	1.866815615E1
2.080000000E1	7.490164567E1	1.779022701E1
2.084000000E1	7.595414591E1	1.684818950E1
2.088000000E1	7.664534564E1	1.595149355E1
2.092000000E1	7.701468057E1	1.518443756E1
2.096000000E1	7.708338923E1	1.474574142E1
2.100000000E1	7.702986067E1	1.477618791E1
2.104000000E1	7.678590289E1	1.495707525E1
2.108000000E1	7.635485490E1	1.506220991E1
2.112000000E1	7.571033031E1	1.506547118E1
2.116000000E1	7.485233263E1	1.502493251E1
2.120000000E1	7.379992711E1	1.478312329E1
2.124000000E1	7.268147977E1	1.460337889E1
2.128000000E1	7.154495985E1	1.450382406E1
2.132000000E1	7.047022141E1	1.447758411E1
2.136000000E1	6.953019899E1	1.445604938E1
2.140000000E1	6.857776662E1	1.441639686E1
2.144000000E1	6.777877302E1	1.431120551E1
2.148000000E1	6.717822883E1	1.416241410E1
2.152000000E1	6.687463087E1	1.415764598E1
2.156000000E1	6.673538024E1	1.417080868E1
2.160000000E1	6.671538263E1	1.416147989E1
2.164000000E1	6.671514530E1	1.413045030E1
2.168000000E1	6.659107057E1	1.404191179E1
2.172000000E1	6.629672795E1	1.413793521E1
2.176000000E1	6.570203668E1	1.446742482E1
2.180000000E1	6.477134911E1	1.510474509E1
2.184000000E1	6.329232723E1	1.633004152E1
2.188000000E1	6.143992656E1	1.736815204E1
2.192000000E1	5.958644351E1	1.763971059E1
2.196000000E1	5.765491424E1	1.745057480E1
2.200000000E1	5.581755657E1	1.687967569E1
2.204000000E1	5.421447917E1	1.588479418E1
2.208000000E1	5.298016917E1	1.480014976E1
2.212000000E1	5.226111074E1	1.377233886E1
2.216000000E1	5.191770483E1	1.353214111E1
2.220000000E1	5.186205551E1	1.360618529E1
2.224000000E1	5.209542109E1	1.356248433E1
2.228000000E1	5.243027671E1	1.369608155E1
2.232000000E1	5.283472518E1	1.394599986E1
2.236000000E1	5.345427479E1	1.457511784E1
2.240000000E1	5.439681762E1	1.565976939E1
2.244000000E1	5.585297023E1	1.689001771E1
2.248000000E1	5.788394433E1	1.806639462E1
2.252000000E1	6.035723208E1	1.898323966E1
2.256000000E1	6.307461773E1	1.961649677E1
2.260000000E1	6.595725598E1	1.988256016E1
2.264000000E1	6.871372009E1	1.960169219E1
2.268000000E1	7.108417585E1	1.906774582E1
2.272000000E1	7.302028199E1	1.825051071E1
2.276000000E1	7.435764085E1	1.731397061E1
2.280000000E1	7.525267746E1	1.642064953E1
2.284000000E1	7.583618916E1	1.569541518E1
2.288000000E1	7.609903895E1	1.517361301E1
2.292000000E1	7.616363535E1	1.488948449E1
2.296000000E1	7.607287151E1	1.481155459E1
2.300000000E1	7.579189496E1	1.495367447E1
2.304000000E1	7.533205846E1	1.520922559E1
2.308000000E1	7.470008254E1	1.536408324E1
2.312000000E1	7.383770139E1	1.537191361E1
2.316000000E1	7.291650071E1	1.536794368E1
2.320000000E1	7.189677090E1	1.524264446E1
2.324000000E1	7.080934449E1	1.508311428E1
2.328000000E1	6.977671202E1	1.489526620E1
2.332000000E1	6.873990745E1	1.476853343E1
2.336000000E1	6.780546540E1	1.472407916E1
2.340000000E1	6.701477951E1	1.473774271E1
2.344000000E1	6.633226507E1	1.464217258E1
2.348000000E1	6.581108101E1	1.450003601E1
2.352000000E1	6.542025541E1	1.438529223E1
2.356000000E1	6.512994087E1	1.423902225E1
2.360000000E1	6.485302968E1	1.414811986E1
2.364000000E1	6.452925658E1	1.421547350E1
2.368000000E1	6.403961061E1	1.446871089E1
2.372000000E1	6.329876152E1	1.482413525E1
2.376000000E1	6.218328588E1	1.511083467E1
2.380000000E1	6.083103907E1	1.520338388E1
2.384000000E1	5.943161927E1	1.515117516E1
2.388000000E1	5.810955193E1	1.492733756E1
2.392000000E1	5.690441540E1	1.458501082E1
2.396000000E1	5.586284764E1	1.443859702E1
2.400000000E1	5.511990457E1	1.445555381E1
2.404000000E1	5.479239056E1	1.417797319E1
2.408000000E1	5.467775171E1	1.401838000E1
2.412000000E1	5.468719435E1	1.399424547E1
2.416000000E1	5.482151076E1	1.399131873E1
2.420000000E1	5.493386477E1	1.402188956E1
2.424000000E1	5.497214875E1	1.404803093E1
2.428000000E1	5.495619768E1	1.402479012E1
2.432000000E1	5.492424213E1	1.400877135E1
2.436000000E1	5.491982654E1	1.400569770E1
2.440000000E1	5.491407664E1	1.400419868E1
2.444000000E1	5.494334632E1	1.400862855E1
2.448000000E1	5.496378044E1	1.401270597E1
2.452000000E1	5.497442262E1	1.401006099E1
2.456000000E1	5.498887502E1	1.400687108E1
2.460000000E1	5.497738419E1	1.400612759E1
2.464000000E1	5.497298224E1	1.400026376E1
2.468000000E1	5.498567464E1	1.400772875E1
2.472000000E1	5.501454893E1	1.401018313E1
2.476000000E1	5.501896099E1	1.401568931E1
2.480000000E1	5.502361979E1	1.402077033E1
2.484000000E1	5.504188251E1	1.402431529E1
2.488000000E1	5.510391692E1	1.403438887E1
2.492000000E1	5.520238326E1	1.418940900E1
2.496000000E1	5.563071652E1	1.448472258E1
2.500000000E1	5.651031235E1	1.506000520E1
2.504000000E1	5.786025854E1	1.584664291E1
2.508000000E1	5.962829519E1	1.682715444E1
2.512000000E1	6.171582575E1	1.769277693E1
2.516000000E1	6.400335171E1	1.824838619E1
2.520000000E1	6.638568568E1	1.852670503E1
2.524000000E1	6.876686090E1	1.833260932E1
2.528000000E1	7.089212214E1	1.776947042E1
2.532000000E1	7.267256972E1	1.692261766E1
2.536000000E1	7.395485264E1	1.599783240E1
2.540000000E1	7.477539798E1	1.509900715E1
2.544000000E1	7.519450359E1	1.453206787E1
2.548000000E1	7.538084005E1	1.416900700E1
2.552000000E1	7.532406587E1	1.411842922E1
2.556000000E1	7.513158673E1	1.418967068E1
2.560000000E1	7.473815822E1	1.431992046E1
2.564000000E1	7.423906911E1	1.431036575E1
2.568000000E1	7.353175570E1	1.417934523E1
2.572000000E1	7.272783280E1	1.404525553E1
2.576000000E1	7.173744025E1	1.401348517E1
2.580000000E1	7.064439516E1	1.397362789E1
2.584000000E1	6.957452673E1	1.396274867E1
2.588000000E1	6.851603413E1	1.398302116E1
2.592000000E1	6.751626847E1	1.399116997E1
2.596000000E1	6.670716057E1	1.399885427E1
2.600000000E1	6.601236118E1	1.399056680E1
2.604000000E1	6.551437110E1	1.400845777E1
2.608000000E1	6.522882840E1	1.403542376E1
2.612000000E1	6.507444466E1	1.405129141E1
2.616000000E1	6.501889797E1	1.401103030E1
2.620000000E1	6.494713042E1	1.401603503E1
2.624000000E1	6.488127969E1	1.401725642E1
2.628000000E1	6.474490230E1	1.415117741E1
2.632000000E1	6.433600840E1	1.448440204E1
2.636000000E1	6.371300758E1	1.483077297E1
2.640000000E1	6.288371066E1	1.517420667E1
2.644000000E1	6.181739930E1	1.552906429E1
2.648000000E1	6.068358695E1	1.556020406E1
2.652000000E1	5.949480372E1	1.550257857E1
2.656000000E1	5.828418751E1	1.535403815E1
2.660000000E1	5.711342363E1	1.508296175E1
2.664000000E1	5.604369223E1	1.478196435E1
2.668000000E1	5.524647327E1	1.440463749E1
2.672000000E1	5.465870558E1	1.404102268E1
2.676000000E1	5.425142529E1	1.385664642E1
2.680000000E1	5.413473138E1	1.384837345E1
2.684000000E1	5.417615208E1	1.386954865E1
2.688000000E1	5.421642417E1	1.388313083E1
2.692000000E1	5.425645497E1	1.392321344E1
2.696000000E1	5.427929400E1	1.396850243E1
2.700000000E1	5.428597070E1	1.401480363E1
2.704000000E1	5.432653300E1	1.401108335E1
2.708000000E1	5.434049891E1	1.400986679E1
2.712000000E1	5.435090982E1	1.401307812E1
2.716000000E1	5.447087406E1	1.409942393E1
2.720000000E1	5.483364588E1	1.445473448E1
2.724000000E1	5.562706543E1	1.507175686E1
2.728000000E1	5.687174933E1	1.596714790E1
2.732000000E1	5.861011346E1	1.686892810E1
2.736000000E1	6.071443361E1	1.772991214E1
2.740000000E1	6.297837589E1	1.836264436E1
2.744000000E1	6.532898576E1	1.873929234E1
2.748000000E1	6.770966042E1	1.883064161E1
2.752000000E1	6.983450095E1	1.870964621E1
2.756000000E1	7.169336736E1	1.839711876E1
2.760000000E1	7.323610517E1	1.786068802E1
2.764000000E1	7.452358074E1	1.725193181E1
2.768000000E1	7.547868068E1	1.653433370E1
2.772000000E1	7.609740769E1	1.588332549E1
2.776000000E1	7.641894129E1	1.526396631E1
2.780000000E1	7.647632411E1	1.477790533E1
2.784000000E1	7.631917575E1	1.452041335E1
2.788000000E1	7.604206815E1	1.446271337E1
2.792000000E1	7.560930558E1	1.436450863E1
2.796000000E1	7.501332984E1	1.431396980E1
2.800000000E1	7.427159523E1	1.430246542E1
2.804000000E1	7.338399061E1	1.425675415E1
2.808000000E1	7.234885089E1	1.416209199E1
2.812000000E1	7.123297714E1	1.403311559E1
2.816000000E1	7.016812982E1	1.395410741E1
2.820000000E1	6.917788571E1	1.385305217E1
2.824000000E1	6.826818526E1	1.381685657E1
2.828000000E1	6.745403928E1	1.380919195E1
2.832000000E1	6.675242585E1	1.386205867E1
2.836000000E1	6.624622163E1	1.391085750E1
2.840000000E1	6.583455485E1	1.389896746E1
2.844000000E1	6.552755783E1	1.388191464E1
2.848000000E1	6.534452194E1	1.385658247E1
2.852000000E1	6.529955040E1	1.384711226E1
2.856000000E1	6.528223583E1	1.388038680E1
2.860000000E1	6.520049788E1	1.393586606E1
2.864000000E1	6.506368557E1	1.404225626E1
2.868000000E1	6.478820921E1	1.415874853E1
2.872000000E1	6.451616346E1	1.431682552E1
2.876000000E1	6.416330011E1	1.445717020E1
2.880000000E1	6.372659861E1	1.455186663E1
2.884000000E1	6.328855520E1	1.465599103E1
2.888000000E1	6.279226024E1	1.476403929E1
2.892000000E1	6.230282689E1	1.476191464E1
2.896000000E1	6.181948829E1	1.475479100E1
2.900000000E1	6.139419813E1	1.456006665E1
2.904000000E1	6.110165314E1	1.423741598E1
2.908000000E1	6.084785362E1	1.373649681E1
2.912000000E1	6.069154067E1	1.327194285E1
2.916000000E1	6.062213917E1	1.309793706E1
2.920000000E1	6.066203088E1	1.324567457E1
2.924000000E1	6.070094181E1	1.326225958E1
2.928000000E1	6.069922389E1	1.327415863E1
2.932000000E1	6.068068106E1	1.326923443E1
2.936000000E1	6.065182311E1	1.326309456E1
2.940000000E1	6.058966324E1	1.327977411E1
2.944000000E1	6.055330355E1	1.327756881E1
2.948000000E1	6.054945388E1	1.329127553E1
2.952000000E1	6.056092750E1	1.331645487E1
2.956000000E1	6.057431204E1	1.336097703E1
2.960000000E1	6.066360375E1	1.341399352E1
2.964000000E1	6.073467026E1	1.355996223E1
2.968000000E1	6.098544543E1	1.372883883E1
2.972000000E1	6.144724344E1	1.428868197E1
2.976000000E1	6.222778930E1	1.506697748E1
2.980000000E1	6.336431962E1	1.596469612E1
2.984000000E1	6.475622163E1	1.694249152E1
2.988000000E1	6.638636787E1	1.784303202E1
2.992000000E1	6.809571815E1	1.854091071E1
2.996000000E1	6.980482097E1	1.903826366E1
3.000000000E1	7.153788098E1	1.923320504E1
3.004000000E1	7.308449844E1	1.903759184E1
3.008000000E1	7.449792644E1	1.857844289E1
3.012000000E1	7.569138189E1	1.780744791E1
3.016000000E1	7.666595099E1	1.687556536E1
3.020000000E1	7.731095865E1	1.592734521E1
3.024000000E1	7.755773882E1	1.510833648E1
3.028000000E1	7.755047735E1	1.446973591E1
3.032000000E1	7.734935311E1	1.417683106E1
3.036000000E1	7.706506340E1	1.415739049E1
3.040000000E1	7.661199192E1	1.426485512E1
3.044000000E1	7.594398837E1	1.433062652E1
3.048000000E1	7.503647368E1	1.431700915E1
3.052000000E1	7.400940967E1	1.425243862E1
3.056000000E1	7.287313630E1	1.405822792E1
3.060000000E1	7.171880622E1	1.402809634E1
3.064000000E1	7.059586249E1	1.392105929E1
3.068000000E1	6.949723745E1	1.382403482E1
3.072000000E1	6.851737855E1	1.372862356E1
3.076000000E1	6.775343061E1	1.372747909E1
3.080000000E1	6.715925646E1	1.376330409E1
3.084000000E1	6.672189139E1	1.384612976E1
3.088000000E1	6.641546106E1	1.385732968E1
3.092000000E1	6.616391252E1	1.387180128E1
3.096000000E1	6.601451948E1	1.389144745E1
3.100000000E1	6.594501274E1	1.401164886E1
3.104000000E1	6.582749704E1	1.430841876E1
3.108000000E1	6.562721760E1	1.465636393E1
3.112000000E1	6.512267846E1	1.522430389E1
3.116000000E1	6.424845880E1	1.585440098E1
3.120000000E1	6.293646362E1	1.644070611E1
3.124000000E1	6.139875732E1	1.667922981E1
3.128000000E1	5.975799252E1	1.665642688E1
3.132000000E1	5.812064920E1	1.633472590E1
3.136000000E1	5.661760700E1	1.570720905E1
3.140000000E1	5.526176191E1	1.509620967E1
3.144000000E1	5.417386729E1	1.449737231E1
3.148000000E1	5.332477482E1	1.405155436E1
3.152000000E1	5.261724328E1	1.368426091E1
3.156000000E1	5.211522712E1	1.337740835E1
3.160000000E1	5.180905870E1	1.320137808E1
3.164000000E1	5.139844179E1	1.328836050E1
3.168000000E1	5.092897474E1	1.334429172E1
3.172000000E1	5.063184681E1	1.331070981E1
3.176000000E1	5.043748494E1	1.328343486E1
3.180000000E1	5.034560909E1	1.330697149E1
3.184000000E1	5.039943498E1	1.326161414E1
3.188000000E1	5.047409314E1	1.326245667E1
3.192000000E1	5.059234358E1	1.326133376E1
3.196000000E1	5.072216781E1	1.327913832E1
3.200000000E1	5.085454348E1	1.342431001E1
3.204000000E1	5.117044660E1	1.356325522E1
3.208000000E1	5.161897710E1	1.388916120E1
3.212000000E1	5.228567862E1	1.441695114E1
3.216000000E1	5.318044676E1	1.509144117E1
3.220000000E1	5.446645846E1	1.592911088E1
3.224000000E1	5.597867707E1	1.702057923E1
3.228000000E1	5.785534844E1	1.778446811E1
3.232000000E1	5.995275339E1	1.848713239E1
3.236000000E1	6.207277444E1	1.898308825E1
3.240000000E1	6.417595499E1	1.928197216E1
3.244000000E1	6.625442484E1	1.930467331E1
3.248000000E1	6.822652343E1	1.915980315E1
3.252000000E1	7.005961829E1	1.878340252E1
3.256000000E1	7.171302121E1	1.834057577E1
3.260000000E1	7.311763088E1	1.780624367E1
3.264000000E1	7.427827958E1	1.725617620E1
3.268000000E1	7.523903067E1	1.666528979E1
3.272000000E1	7.595401998E1	1.603697996E1
3.276000000E1	7.636282290E1	1.549482402E1
3.280000000E1	7.653043826E1	1.513880320E1
3.284000000E1	7.650674046E1	1.479260463E1
3.288000000E1	7.623059081E1	1.457995888E1
3.292000000E1	7.577156698E1	1.459528284E1
3.296000000E1	7.516860514E1	1.462714551E1
3.300000000E1	7.432143157E1	1.461070421E1
3.304000000E1	7.333656914E1	1.459881844E1
3.308000000E1	7.225418811E1	1.458627765E1
3.312000000E1	7.111793349E1	1.447797083E1
3.316000000E1	7.004859807E1	1.451374878E1
3.320000000E1	6.907773794E1	1.454678050E1
3.324000000E1	6.807787534E1	1.459592347E1
3.328000000E1	6.713454521E1	1.443754136E1
3.332000000E1	6.626015221E1	1.418507554E1
3.336000000E1	6.552181514E1	1.402169071E1
3.340000000E1	6.505232144E1	1.391436988E1
3.344000000E1	6.469752021E1	1.388644762E1
3.348000000E1	6.446031296E1	1.387923694E1
3.352000000E1	6.419600344E1	1.397540601E1
3.356000000E1	6.382183876E1	1.421500382E1
3.360000000E1	6.323064206E1	1.447710690E1
3.364000000E1	6.219694465E1	1.491159110E1
3.368000000E1	6.081784244E1	1.543841533E1
3.372000000E1	5.918646218E1	1.571423670E1
3.376000000E1	5.752120873E1	1.578304553E1
3.380000000E1	5.587820214E1	1.582829677E1
3.384000000E1	5.435019676E1	1.567303893E1
3.388000000E1	5.302675738E1	1.547605448E1
3.392000000E1	5.196122888E1	1.520059733E1
3.396000000E1	5.110163602E1	1.477101378E1
3.400000000E1	5.047500855E1	1.434099875E1
3.404000000E1	5.011166749E1	1.389864870E1
3.408000000E1	4.998873594E1	1.351936530E1
3.412000000E1	4.999959495E1	1.352855722E1
3.416000000E1	5.005218228E1	1.352345742E1
3.420000000E1	5.013645553E1	1.354857381E1
3.424000000E1	5.022748760E1	1.359768687E1
3.428000000E1	5.030776022E1	1.365936109E1
3.432000000E1	5.043999705E1	1.373109957E1
3.436000000E1	5.065473444E1	1.395563260E1
3.440000000E1	5.114117426E1	1.436725397E1
3.444000000E1	5.198355426E1	1.506342016E1
3.448000000E1	5.317305606E1	1.599356938E1
3.452000000E1	5.470285808E1	1.693910457E1
3.456000000E1	5.664463388E1	1.780098364E1
3.460000000E1	5.890144015E1	1.844015371E1
3.464000000E1	6.144671849E1	1.872533944E1
3.468000000E1	6.405664424E1	1.861376464E1
3.472000000E1	6.647611198E1	1.853511182E1
3.476000000E1	6.878573614E1	1.821486105E1
3.480000000E1	7.078172166E1	1.771882365E1
3.484000000E1	7.241437809E1	1.722242052E1
3.488000000E1	7.366543541E1	1.671331997E1
3.492000000E1	7.453410156E1	1.629285090E1
3.496000000E1	7.504269210E1	1.592144652E1
3.500000000E1	7.528680827E1	1.557105416E1
3.504000000E1	7.530092997E1	1.523265578E1
3.508000000E1	7.512275592E1	1.507094041E1
3.512000000E1	7.472783799E1	1.494710120E1
3.516000000E1	7.413691182E1	1.491336209E1
3.520000000E1	7.336761540E1	1.490956458E1
3.524000000E1	7.246210666E1	1.490605205E1
3.528000000E1	7.148031360E1	1.491738269E1
3.532000000E1	7.041443230E1	1.493079050E1
3.536000000E1	6.929001126E1	1.486963791E1
3.540000000E1	6.820753609E1	1.467743598E1
3.544000000E1	6.717132883E1	1.459295421E1
3.548000000E1	6.631634349E1	1.448288255E1
3.552000000E1	6.568923617E1	1.445076543E1
3.556000000E1	6.523475191E1	1.442836215E1
3.560000000E1	6.489924620E1	1.433653509E1
3.564000000E1	6.463901290E1	1.427224245E1
3.568000000E1	6.442364346E1	1.427310741E1
3.572000000E1	6.403161509E1	1.448405307E1
3.576000000E1	6.338760461E1	1.477551324E1
3.580000000E1	6.234007495E1	1.507221192E1
3.584000000E1	6.087957980E1	1.533824503E1
3.588000000E1	5.904425855E1	1.539471934E1
3.592000000E1	5.721096332E1	1.518249905E1
3.596000000E1	5.555469088E1	1.470207727E1
3.600000000E1	5.418269145E1	1.414321049E1
3.604000000E1	5.310090018E1	1.360951209E1
3.608000000E1	5.249497726E1	1.370939731E1
3.612000000E1	5.207763820E1	1.370845901E1
3.616000000E1	5.192344860E1	1.359174765E1
3.620000000E1	5.195588785E1	1.358033683E1
3.624000000E1	5.208112634E1	1.355934049E1
3.628000000E1	5.210253937E1	1.356534061E1
3.632000000E1	5.210946829E1	1.358593741E1
3.636000000E1	5.210106236E1	1.357972213E1
3.640000000E1	5.209247241E1	1.356575449E1
3.644000000E1	5.209660507E1	1.355956709E1
3.648000000E1	5.211610426E1	1.356235093E1
3.652000000E1	5.224534398E1	1.356092608E1
3.656000000E1	5.241379278E1	1.361831756E1
3.660000000E1	5.284541765E1	1.384048378E1
3.664000000E1	5.372179460E1	1.430361570E1
3.668000000E1	5.504920072E1	1.506803737E1
3.672000000E1	5.684774331E1	1.595509356E1
3.676000000E1	5.903898621E1	1.685057263E1
3.680000000E1	6.148639425E1	1.752376797E1
3.684000000E1	6.414554727E1	1.805506369E1
3.688000000E1	6.680458482E1	1.810274947E1
3.692000000E1	6.920208008E1	1.793049611E1
3.696000000E1	7.124759563E1	1.760530298E1
3.700000000E1	7.289894210E1	1.714670010E1
3.704000000E1	7.418672790E1	1.656873596E1
3.708000000E1	7.512040986E1	1.588131638E1
3.712000000E1	7.572462338E1	1.522909709E1
3.716000000E1	7.602470698E1	1.463297269E1
3.720000000E1	7.602754108E1	1.432188517E1
3.724000000E1	7.577942297E1	1.431484257E1
3.728000000E1	7.531591930E1	1.443808475E1
3.732000000E1	7.456932360E1	1.449076029E1
3.736000000E1	7.353515072E1	1.446270088E1
3.740000000E1	7.240216502E1	1.436448511E1
3.744000000E1	7.113057475E1	1.425210185E1
3.748000000E1	6.979252283E1	1.409507075E1
3.752000000E1	6.839397575E1	1.399053498E1
3.756000000E1	6.713551707E1	1.391468642E1
3.760000000E1	6.604319612E1	1.387897867E1
3.764000000E1	6.522232722E1	1.372946959E1
3.768000000E1	6.475332459E1	1.370332436E1
3.772000000E1	6.446708326E1	1.365828413E1
3.776000000E1	6.439178965E1	1.365089054E1
3.780000000E1	6.445042123E1	1.367968219E1
3.784000000E1	6.445779660E1	1.359276930E1
3.788000000E1	6.444227174E1	1.354674887E1
3.792000000E1	6.428211247E1	1.364823078E1
3.796000000E1	6.384747340E1	1.406183425E1
3.800000000E1	6.306675148E1	1.477688834E1
3.804000000E1	6.180273462E1	1.571622865E1
3.808000000E1	6.009712397E1	1.653202815E1
3.812000000E1	5.815106025E1	1.721364844E1
3.816000000E1	5.586793085E1	1.773040361E1
3.820000000E1	5.344467934E1	1.792872268E1
3.824000000E1	5.103929068E1	1.775226842E1
3.828000000E1	4.896874369E1	1.728075602E1
3.832000000E1	4.721105148E1	1.661279676E1
3.836000000E1	4.589080185E1	1.577790808E1
3.840000000E1	4.496803683E1	1.494406435E1
3.844000000E1	4.437978472E1	1.430523777E1
3.848000000E1	4.395203275E1	1.411268462E1
3.852000000E1	4.382799577E1	1.404428278E1
3.856000000E1	4.381808594E1	1.387173978E1
3.860000000E1	4.375062139E1	1.380945914E1
3.864000000E1	4.367174378E1	1.380806893E1
3.868000000E1	4.359830988E1	1.379235535E1
3.872000000E1	4.355276430E1	1.375732928E1
3.876000000E1	4.353120620E1	1.370061488E1
3.880000000E1	4.353191629E1	1.364035363E1
3.884000000E1	4.350540888E1	1.358683828E1
3.888000000E1	4.349860076E1	1.354248214E1
3.892000000E1	4.350212460E1	1.347190562E1
