led_armbåge
t	x	y
0.000000000E0	1.573196103E1	1.123711502E1
4.000000000E-2	1.570997669E1	1.126923428E1
8.000000000E-2	1.569977701E1	1.136848285E1
1.200000000E-1	1.566288644E1	1.153124229E1
1.600000000E-1	1.559904350E1	1.184437206E1
2.000000000E-1	1.554941025E1	1.242962120E1
2.400000000E-1	1.545413185E1	1.303651490E1
2.800000000E-1	1.540958861E1	1.364296832E1
3.200000000E-1	1.531900125E1	1.422007075E1
3.600000000E-1	1.529713088E1	1.465169760E1
4.000000000E-1	1.524440238E1	1.487526537E1
4.400000000E-1	1.517150153E1	1.494222851E1
4.800000000E-1	1.516469204E1	1.492663702E1
5.200000000E-1	1.526280427E1	1.487342557E1
5.600000000E-1	1.539642175E1	1.480551413E1
6.000000000E-1	1.546745176E1	1.480063676E1
6.400000000E-1	1.547545211E1	1.478602793E1
6.800000000E-1	1.549636004E1	1.480368674E1
7.200000000E-1	1.556072456E1	1.482153352E1
7.600000000E-1	1.566886069E1	1.473376591E1
8.000000000E-1	1.573964146E1	1.459571940E1
8.400000000E-1	1.573016619E1	1.444492932E1
8.800000000E-1	1.571896490E1	1.437388759E1
9.200000000E-1	1.570146636E1	1.425548738E1
9.600000000E-1	1.570325552E1	1.410420765E1
1.000000000E0	1.569029558E1	1.395180598E1
1.040000000E0	1.567424587E1	1.379760151E1
1.080000000E0	1.570229695E1	1.364750743E1
1.120000000E0	1.572194813E1	1.348689297E1
1.160000000E0	1.573343673E1	1.334128175E1
1.200000000E0	1.575513263E1	1.320292248E1
1.240000000E0	1.584822986E1	1.307908734E1
1.280000000E0	1.592318271E1	1.293781331E1
1.320000000E0	1.600749898E1	1.273838373E1
1.360000000E0	1.603503837E1	1.248556956E1
1.400000000E0	1.604307140E1	1.228657652E1
1.440000000E0	1.604258515E1	1.212486841E1
1.480000000E0	1.604230688E1	1.210865716E1
1.520000000E0	1.604485140E1	1.210921864E1
1.560000000E0	1.605768362E1	1.209956672E1
1.600000000E0	1.604148361E1	1.208753177E1
1.640000000E0	1.602275660E1	1.211904089E1
1.680000000E0	1.600798298E1	1.220798390E1
1.720000000E0	1.603283594E1	1.227033678E1
1.760000000E0	1.603629368E1	1.229631916E1
1.800000000E0	1.603064634E1	1.228972753E1
1.840000000E0	1.600009026E1	1.227176198E1
1.880000000E0	1.588129116E1	1.227118962E1
1.920000000E0	1.574878874E1	1.215296411E1
1.960000000E0	1.570845290E1	1.207026896E1
2.000000000E0	1.574111405E1	1.200472887E1
2.040000000E0	1.583472050E1	1.210260577E1
2.080000000E0	1.588176403E1	1.214378410E1
2.120000000E0	1.587869513E1	1.213561989E1
2.160000000E0	1.587013980E1	1.212829659E1
2.200000000E0	1.584222021E1	1.212230606E1
2.240000000E0	1.584492256E1	1.212322069E1
2.280000000E0	1.585263494E1	1.212359551E1
2.320000000E0	1.584277524E1	1.210631554E1
2.360000000E0	1.584132565E1	1.207166871E1
2.400000000E0	1.580451650E1	1.200626401E1
2.440000000E0	1.573945774E1	1.198600191E1
2.480000000E0	1.573584050E1	1.197917325E1
2.520000000E0	1.573765939E1	1.197734814E1
2.560000000E0	1.573762133E1	1.197914809E1
2.600000000E0	1.573396686E1	1.198139798E1
2.640000000E0	1.571722992E1	1.199104313E1
2.680000000E0	1.574886551E1	1.212570406E1
2.720000000E0	1.597435306E1	1.227254321E1
2.760000000E0	1.652918217E1	1.256163151E1
2.800000000E0	1.748518894E1	1.304162894E1
2.840000000E0	1.870951106E1	1.363437129E1
2.880000000E0	2.021124820E1	1.441011712E1
2.920000000E0	2.198861921E1	1.534995635E1
2.960000000E0	2.405259435E1	1.646194585E1
3.000000000E0	2.622182742E1	1.768121916E1
3.040000000E0	2.849270258E1	1.895679405E1
3.080000000E0	3.064569363E1	2.022956586E1
3.120000000E0	3.266860629E1	2.130190531E1
3.160000000E0	3.444079987E1	2.219596815E1
3.200000000E0	3.588980403E1	2.280307922E1
3.240000000E0	3.698232339E1	2.319953830E1
3.280000000E0	3.769911474E1	2.343928711E1
3.320000000E0	3.820459110E1	2.360510713E1
3.360000000E0	3.851567889E1	2.376978197E1
3.400000000E0	3.869322772E1	2.393752907E1
3.440000000E0	3.880633408E1	2.399784212E1
3.480000000E0	3.882103226E1	2.398034458E1
3.520000000E0	3.878887147E1	2.396798174E1
3.560000000E0	3.860389546E1	2.382035379E1
3.600000000E0	3.820322761E1	2.355325542E1
3.640000000E0	3.758280002E1	2.320063974E1
3.680000000E0	3.659625123E1	2.257847128E1
3.720000000E0	3.532387479E1	2.176641819E1
3.760000000E0	3.377502101E1	2.076061699E1
3.800000000E0	3.207903778E1	1.988581468E1
3.840000000E0	3.024284293E1	1.894287374E1
3.880000000E0	2.828674532E1	1.796563995E1
3.920000000E0	2.623706804E1	1.701727333E1
3.960000000E0	2.410837724E1	1.603173910E1
4.000000000E0	2.205492790E1	1.514276437E1
4.040000000E0	2.013428198E1	1.440038401E1
4.080000000E0	1.840758108E1	1.381258546E1
4.120000000E0	1.695752908E1	1.332478416E1
4.160000000E0	1.574523093E1	1.292781203E1
4.200000000E0	1.483122100E1	1.256920366E1
4.240000000E0	1.411789929E1	1.226114866E1
4.280000000E0	1.364187988E1	1.196019037E1
4.320000000E0	1.337258677E1	1.169467015E1
4.360000000E0	1.325229300E1	1.140866714E1
4.400000000E0	1.328757741E1	1.126768481E1
4.440000000E0	1.336736327E1	1.109399802E1
4.480000000E0	1.346932636E1	1.105939506E1
4.520000000E0	1.348355573E1	1.095722524E1
4.560000000E0	1.350059173E1	1.094275368E1
4.600000000E0	1.350817265E1	1.094687547E1
4.640000000E0	1.351222075E1	1.095232034E1
4.680000000E0	1.351254152E1	1.096034529E1
4.720000000E0	1.371771043E1	1.110796710E1
4.760000000E0	1.435596891E1	1.135259437E1
4.800000000E0	1.542725222E1	1.179211181E1
4.840000000E0	1.692333912E1	1.243819521E1
4.880000000E0	1.886354407E1	1.330168867E1
4.920000000E0	2.115049914E1	1.433874969E1
4.960000000E0	2.364075685E1	1.555995726E1
5.000000000E0	2.615812747E1	1.685322964E1
5.040000000E0	2.861445141E1	1.815391471E1
5.080000000E0	3.091193187E1	1.945465296E1
5.120000000E0	3.300254882E1	2.062031124E1
5.160000000E0	3.479896489E1	2.164044763E1
5.200000000E0	3.626307907E1	2.237070618E1
5.240000000E0	3.737345964E1	2.294429277E1
5.280000000E0	3.813396993E1	2.342797691E1
5.320000000E0	3.871743333E1	2.369219623E1
5.360000000E0	3.908576627E1	2.393099685E1
5.400000000E0	3.928350144E1	2.399810024E1
5.440000000E0	3.936218585E1	2.409396644E1
5.480000000E0	3.938773006E1	2.407798483E1
5.520000000E0	3.930727459E1	2.402148321E1
5.560000000E0	3.914412783E1	2.384620500E1
5.600000000E0	3.887005994E1	2.360483720E1
5.640000000E0	3.834122921E1	2.324174774E1
5.680000000E0	3.746974882E1	2.260155087E1
5.720000000E0	3.638827977E1	2.186406772E1
5.760000000E0	3.500650961E1	2.092013357E1
5.800000000E0	3.337200741E1	1.995793961E1
5.840000000E0	3.158243273E1	1.891976302E1
5.880000000E0	2.963422932E1	1.780886354E1
5.920000000E0	2.766614766E1	1.679328526E1
5.960000000E0	2.575328181E1	1.570445049E1
6.000000000E0	2.379330276E1	1.460731348E1
6.040000000E0	2.191034782E1	1.351374393E1
6.080000000E0	2.016982363E1	1.259802063E1
6.120000000E0	1.850781687E1	1.184827231E1
6.160000000E0	1.694279898E1	1.125493882E1
6.200000000E0	1.562876839E1	1.090729367E1
6.240000000E0	1.460378900E1	1.065304086E1
6.280000000E0	1.391191663E1	1.052578670E1
6.320000000E0	1.359325432E1	1.039459680E1
6.360000000E0	1.350567558E1	1.027456436E1
6.400000000E0	1.348794256E1	1.018419383E1
6.440000000E0	1.349052680E1	1.006510806E1
6.480000000E0	1.352594814E1	1.001292295E1
6.520000000E0	1.361217203E1	1.002403192E1
6.560000000E0	1.362599025E1	1.002908435E1
6.600000000E0	1.360647754E1	1.003528211E1
6.640000000E0	1.351447158E1	1.003490453E1
6.680000000E0	1.347617520E1	1.004778223E1
6.720000000E0	1.347199567E1	1.011619431E1
6.760000000E0	1.361716951E1	1.022042578E1
6.800000000E0	1.406973374E1	1.045413081E1
6.840000000E0	1.482992771E1	1.078967274E1
6.880000000E0	1.605890148E1	1.133546943E1
6.920000000E0	1.766264030E1	1.211790863E1
6.960000000E0	1.960911745E1	1.305318259E1
7.000000000E0	2.182927082E1	1.412357593E1
7.040000000E0	2.419051130E1	1.528671072E1
7.080000000E0	2.646692120E1	1.653294048E1
7.120000000E0	2.877914656E1	1.777063952E1
7.160000000E0	3.088843921E1	1.901842702E1
7.200000000E0	3.287492069E1	2.020834837E1
7.240000000E0	3.459178831E1	2.107684821E1
7.280000000E0	3.602868503E1	2.168906271E1
7.320000000E0	3.703437549E1	2.216007430E1
7.360000000E0	3.771400327E1	2.249183245E1
7.400000000E0	3.811239015E1	2.267160573E1
7.440000000E0	3.826242139E1	2.279818696E1
7.480000000E0	3.833783471E1	2.290013373E1
7.520000000E0	3.834054800E1	2.296183655E1
7.560000000E0	3.833081238E1	2.296251724E1
7.600000000E0	3.833458615E1	2.294828384E1
7.640000000E0	3.822024562E1	2.291239519E1
7.680000000E0	3.797589156E1	2.277988879E1
7.720000000E0	3.744437941E1	2.249580677E1
7.760000000E0	3.655564500E1	2.190363578E1
7.800000000E0	3.537886183E1	2.112793592E1
7.840000000E0	3.385480990E1	2.011140182E1
7.880000000E0	3.216571520E1	1.909288168E1
7.920000000E0	3.025798614E1	1.788222169E1
7.960000000E0	2.822386293E1	1.671864259E1
8.000000000E0	2.622233855E1	1.570895206E1
8.040000000E0	2.425257252E1	1.466884471E1
8.080000000E0	2.230081900E1	1.377485300E1
8.120000000E0	2.041879920E1	1.304398145E1
8.160000000E0	1.866477040E1	1.248319451E1
8.200000000E0	1.720632580E1	1.201068841E1
8.240000000E0	1.601158818E1	1.166537985E1
8.280000000E0	1.510147641E1	1.138175328E1
8.320000000E0	1.449122752E1	1.110508846E1
8.360000000E0	1.413421563E1	1.079713118E1
8.400000000E0	1.394879598E1	1.051977725E1
8.440000000E0	1.391190804E1	1.031598968E1
8.480000000E0	1.381086396E1	1.004254707E1
8.520000000E0	1.376386376E1	9.845515820E0
8.560000000E0	1.365997332E1	9.611913667E0
8.600000000E0	1.361316470E1	9.472634028E0
8.640000000E0	1.361102083E1	9.429271958E0
8.680000000E0	1.361948566E1	9.431848355E0
8.720000000E0	1.363287736E1	9.433230464E0
8.760000000E0	1.366964439E1	9.454017326E0
8.800000000E0	1.381158055E1	9.588197008E0
8.840000000E0	1.424785517E1	9.851892117E0
8.880000000E0	1.511600787E1	1.021620577E1
8.920000000E0	1.643647976E1	1.082327463E1
8.960000000E0	1.818318837E1	1.163894906E1
9.000000000E0	2.028520841E1	1.267996222E1
9.040000000E0	2.271980954E1	1.390378207E1
9.080000000E0	2.527856505E1	1.516355824E1
9.120000000E0	2.776263124E1	1.647569584E1
9.160000000E0	3.006186017E1	1.780483175E1
9.200000000E0	3.206599661E1	1.893837257E1
9.240000000E0	3.377550881E1	1.990551524E1
9.280000000E0	3.517465040E1	2.080169348E1
9.320000000E0	3.630603638E1	2.147134083E1
9.360000000E0	3.719705043E1	2.198044272E1
9.400000000E0	3.778830576E1	2.234263027E1
9.440000000E0	3.821621463E1	2.259378387E1
9.480000000E0	3.843051673E1	2.264340379E1
9.520000000E0	3.849853982E1	2.265527452E1
9.560000000E0	3.849979184E1	2.265526274E1
9.600000000E0	3.840695057E1	2.264187062E1
9.640000000E0	3.821426584E1	2.258576504E1
9.680000000E0	3.789761756E1	2.244548822E1
9.720000000E0	3.729296843E1	2.201307485E1
9.760000000E0	3.641511848E1	2.139850653E1
9.800000000E0	3.528824529E1	2.064984453E1
9.840000000E0	3.406386802E1	2.002534924E1
9.880000000E0	3.259469212E1	1.915808785E1
9.920000000E0	3.097010255E1	1.813904574E1
9.960000000E0	2.921657577E1	1.715202917E1
1.000000000E1	2.731287023E1	1.603863586E1
1.004000000E1	2.534856417E1	1.511769024E1
1.008000000E1	2.342621511E1	1.424520788E1
1.012000000E1	2.157385007E1	1.342527933E1
1.016000000E1	1.984769163E1	1.272030897E1
1.020000000E1	1.822043409E1	1.212271416E1
1.024000000E1	1.671034650E1	1.153471999E1
1.028000000E1	1.535180283E1	1.092789922E1
1.032000000E1	1.408822008E1	1.039658550E1
1.036000000E1	1.308907218E1	9.884466329E0
1.040000000E1	1.229489390E1	9.507117618E0
1.044000000E1	1.179585279E1	9.187900264E0
1.048000000E1	1.151938198E1	9.009936873E0
1.052000000E1	1.135181553E1	8.888441669E0
1.056000000E1	1.133352044E1	8.856543511E0
1.060000000E1	1.137609368E1	8.816645433E0
1.064000000E1	1.139022181E1	8.724276876E0
1.068000000E1	1.149627565E1	8.674671285E0
1.072000000E1	1.154212416E1	8.580211073E0
1.076000000E1	1.161773877E1	8.571497814E0
1.080000000E1	1.172462724E1	8.634377168E0
1.084000000E1	1.190141561E1	8.805870477E0
1.088000000E1	1.226889030E1	9.031740984E0
1.092000000E1	1.303892193E1	9.373001831E0
1.096000000E1	1.420221752E1	9.870321773E0
1.100000000E1	1.578044966E1	1.046741978E1
1.104000000E1	1.776823691E1	1.129718536E1
1.108000000E1	2.015955757E1	1.226995570E1
1.112000000E1	2.265027694E1	1.338431701E1
1.116000000E1	2.519328448E1	1.466926551E1
1.120000000E1	2.758113952E1	1.595419258E1
1.124000000E1	2.982582819E1	1.715482450E1
1.128000000E1	3.185607807E1	1.831370571E1
1.132000000E1	3.357593687E1	1.937716218E1
1.136000000E1	3.496441272E1	2.024689096E1
1.140000000E1	3.606940865E1	2.095000787E1
1.144000000E1	3.688301028E1	2.147978663E1
1.148000000E1	3.745150420E1	2.183190484E1
1.152000000E1	3.776169590E1	2.201377138E1
1.156000000E1	3.790731066E1	2.203014733E1
1.160000000E1	3.791171269E1	2.205568279E1
1.164000000E1	3.788601750E1	2.203091746E1
1.168000000E1	3.775326659E1	2.200400571E1
1.172000000E1	3.758246756E1	2.188640080E1
1.176000000E1	3.726655800E1	2.168558743E1
1.180000000E1	3.671167798E1	2.127795168E1
1.184000000E1	3.590093594E1	2.065254965E1
1.188000000E1	3.480210305E1	1.985393596E1
1.192000000E1	3.350740982E1	1.904303725E1
1.196000000E1	3.206671265E1	1.815043720E1
1.200000000E1	3.058879552E1	1.736488925E1
1.204000000E1	2.895554393E1	1.648502762E1
1.208000000E1	2.715890506E1	1.560521868E1
1.212000000E1	2.543993832E1	1.482199313E1
1.216000000E1	2.371803076E1	1.403772143E1
1.220000000E1	2.207121672E1	1.342122915E1
1.224000000E1	2.051795410E1	1.289553722E1
1.228000000E1	1.903148118E1	1.236026391E1
1.232000000E1	1.757600755E1	1.173936542E1
1.236000000E1	1.631937127E1	1.123073304E1
1.240000000E1	1.520194252E1	1.066559140E1
1.244000000E1	1.424472445E1	1.018812472E1
1.248000000E1	1.348938440E1	9.736263964E0
1.252000000E1	1.292546252E1	9.348596655E0
1.256000000E1	1.261414900E1	9.059530058E0
1.260000000E1	1.247228474E1	8.839982823E0
1.264000000E1	1.242839446E1	8.696595314E0
1.268000000E1	1.244518900E1	8.581226081E0
1.272000000E1	1.249568178E1	8.494915423E0
1.276000000E1	1.256912018E1	8.461263550E0
1.280000000E1	1.264401696E1	8.424349762E0
1.284000000E1	1.291409169E1	8.550689792E0
1.288000000E1	1.348734574E1	8.764194925E0
1.292000000E1	1.449232050E1	9.166435423E0
1.296000000E1	1.590463870E1	9.786109543E0
1.300000000E1	1.776013639E1	1.067295498E1
1.304000000E1	1.995371243E1	1.171004847E1
1.308000000E1	2.233531875E1	1.292762907E1
1.312000000E1	2.485120287E1	1.427109210E1
1.316000000E1	2.735055708E1	1.570707552E1
1.320000000E1	2.968318135E1	1.711608140E1
1.324000000E1	3.185574375E1	1.847832795E1
1.328000000E1	3.378516797E1	1.963294601E1
1.332000000E1	3.523281160E1	2.041204054E1
1.336000000E1	3.630113209E1	2.087151130E1
1.340000000E1	3.698374694E1	2.107372256E1
1.344000000E1	3.741150036E1	2.117234236E1
1.348000000E1	3.761283406E1	2.119771603E1
1.352000000E1	3.767034018E1	2.123281135E1
1.356000000E1	3.765314596E1	2.127099893E1
1.360000000E1	3.761049207E1	2.126025804E1
1.364000000E1	3.758855151E1	2.123996755E1
1.368000000E1	3.748549731E1	2.120003854E1
1.372000000E1	3.729348390E1	2.109099439E1
1.376000000E1	3.687741708E1	2.092782358E1
1.380000000E1	3.630723757E1	2.070701733E1
1.384000000E1	3.552249774E1	2.038683094E1
1.388000000E1	3.452881619E1	1.999730084E1
1.392000000E1	3.328144427E1	1.941547098E1
1.396000000E1	3.189692550E1	1.873908902E1
1.400000000E1	3.042090109E1	1.811616416E1
1.404000000E1	2.894026742E1	1.751584259E1
1.408000000E1	2.730314263E1	1.679935320E1
1.412000000E1	2.557692027E1	1.604883862E1
1.416000000E1	2.379851158E1	1.514159657E1
1.420000000E1	2.203877256E1	1.423930585E1
1.424000000E1	2.037829640E1	1.332101177E1
1.428000000E1	1.886176618E1	1.242032815E1
1.432000000E1	1.743904993E1	1.158240619E1
1.436000000E1	1.621766361E1	1.092124912E1
1.440000000E1	1.527859480E1	1.041108860E1
1.444000000E1	1.459994609E1	9.964644034E0
1.448000000E1	1.422741975E1	9.711815120E0
1.452000000E1	1.414918984E1	9.510913070E0
1.456000000E1	1.423228153E1	9.346829069E0
1.460000000E1	1.438406238E1	9.261870834E0
1.464000000E1	1.454303610E1	9.148089142E0
1.468000000E1	1.465345773E1	9.031352436E0
1.472000000E1	1.469211638E1	8.982037817E0
1.476000000E1	1.482554921E1	8.984725134E0
1.480000000E1	1.521267195E1	9.132927338E0
1.484000000E1	1.604564329E1	9.437012345E0
1.488000000E1	1.735272629E1	1.001804595E1
1.492000000E1	1.902297936E1	1.081671729E1
1.496000000E1	2.103620893E1	1.181524036E1
1.500000000E1	2.328064345E1	1.298617052E1
1.504000000E1	2.559223195E1	1.427231109E1
1.508000000E1	2.788807058E1	1.561608670E1
1.512000000E1	3.009307469E1	1.698810351E1
1.516000000E1	3.218033933E1	1.831941595E1
1.520000000E1	3.407281745E1	1.956174828E1
1.524000000E1	3.557504144E1	2.051788085E1
1.528000000E1	3.674977900E1	2.125935528E1
1.532000000E1	3.756375136E1	2.166163482E1
1.536000000E1	3.809711577E1	2.188107466E1
1.540000000E1	3.835128198E1	2.196432422E1
1.544000000E1	3.848158277E1	2.199468637E1
1.548000000E1	3.850271071E1	2.201204248E1
1.552000000E1	3.849267706E1	2.201320921E1
1.556000000E1	3.835717367E1	2.197307251E1
1.560000000E1	3.817629921E1	2.185683178E1
1.564000000E1	3.777269723E1	2.171041532E1
1.568000000E1	3.715957318E1	2.145359067E1
1.572000000E1	3.629594002E1	2.109726553E1
1.576000000E1	3.522185493E1	2.056448034E1
1.580000000E1	3.387347451E1	1.992333911E1
1.584000000E1	3.225693240E1	1.909212524E1
1.588000000E1	3.052335372E1	1.829618806E1
1.592000000E1	2.864161162E1	1.725438529E1
1.596000000E1	2.663382031E1	1.623793008E1
1.600000000E1	2.466539083E1	1.529361211E1
1.604000000E1	2.265243358E1	1.438110200E1
1.608000000E1	2.070736140E1	1.361938809E1
1.612000000E1	1.887459158E1	1.290057184E1
1.616000000E1	1.719876222E1	1.226156711E1
1.620000000E1	1.579166720E1	1.168649419E1
1.624000000E1	1.463005426E1	1.120227412E1
1.628000000E1	1.377739367E1	1.077292418E1
1.632000000E1	1.316955372E1	1.045246563E1
1.636000000E1	1.275465007E1	1.017487768E1
1.640000000E1	1.250079453E1	9.983973156E0
1.644000000E1	1.237418300E1	9.910941954E0
1.648000000E1	1.235459601E1	9.831850524E0
1.652000000E1	1.234602837E1	9.762010336E0
1.656000000E1	1.236746374E1	9.708981051E0
1.660000000E1	1.244756842E1	9.648345212E0
1.664000000E1	1.246489897E1	9.599381133E0
1.668000000E1	1.260085505E1	9.595412578E0
1.672000000E1	1.308961870E1	9.724434809E0
1.676000000E1	1.409990268E1	1.003108261E1
1.680000000E1	1.555590606E1	1.054505430E1
1.684000000E1	1.745597583E1	1.123969664E1
1.688000000E1	1.970861758E1	1.212368137E1
1.692000000E1	2.215483121E1	1.315133217E1
1.696000000E1	2.462369101E1	1.431960650E1
1.700000000E1	2.700886743E1	1.557680878E1
1.704000000E1	2.923936985E1	1.677879831E1
1.708000000E1	3.131245883E1	1.790761072E1
1.712000000E1	3.306975694E1	1.881933174E1
1.716000000E1	3.455641223E1	1.947064107E1
1.720000000E1	3.579894619E1	2.002268759E1
1.724000000E1	3.671841212E1	2.040646952E1
1.728000000E1	3.731202787E1	2.055723030E1
1.732000000E1	3.764878895E1	2.069495761E1
1.736000000E1	3.775733534E1	2.082474976E1
1.740000000E1	3.775396046E1	2.097625730E1
1.744000000E1	3.768426252E1	2.109388788E1
1.748000000E1	3.760291114E1	2.112464499E1
1.752000000E1	3.734700070E1	2.099620009E1
1.756000000E1	3.689389288E1	2.071732749E1
1.760000000E1	3.620084197E1	2.023330677E1
1.764000000E1	3.522451686E1	1.963140485E1
1.768000000E1	3.413860109E1	1.916726296E1
1.772000000E1	3.270044834E1	1.841576089E1
1.776000000E1	3.107886272E1	1.768594762E1
1.780000000E1	2.923874007E1	1.679503385E1
1.784000000E1	2.726042597E1	1.578701712E1
1.788000000E1	2.525124119E1	1.479262723E1
1.792000000E1	2.322740140E1	1.372825125E1
1.796000000E1	2.123094321E1	1.275427424E1
1.800000000E1	1.933727271E1	1.193310035E1
1.804000000E1	1.757956766E1	1.135031014E1
1.808000000E1	1.604107613E1	1.085251351E1
1.812000000E1	1.468442242E1	1.037970262E1
1.816000000E1	1.355835645E1	9.933759451E0
1.820000000E1	1.261291503E1	9.565050690E0
1.824000000E1	1.195322646E1	9.260040877E0
1.828000000E1	1.154741455E1	8.999042135E0
1.832000000E1	1.137145092E1	8.827813748E0
1.836000000E1	1.133959478E1	8.694437904E0
1.840000000E1	1.136744871E1	8.608699435E0
1.844000000E1	1.140773804E1	8.531737480E0
1.848000000E1	1.144485336E1	8.531693478E0
1.852000000E1	1.141559126E1	8.538411540E0
1.856000000E1	1.153630306E1	8.555382680E0
1.860000000E1	1.198149861E1	8.682293730E0
1.864000000E1	1.287180755E1	8.919745261E0
1.868000000E1	1.427518961E1	9.387246506E0
1.872000000E1	1.611454588E1	1.005177611E1
1.876000000E1	1.830059579E1	1.085038683E1
1.880000000E1	2.079369812E1	1.181358597E1
1.884000000E1	2.339711301E1	1.292909162E1
1.888000000E1	2.595437850E1	1.412010436E1
1.892000000E1	2.843331460E1	1.544321503E1
1.896000000E1	3.071595213E1	1.680202172E1
1.900000000E1	3.272637133E1	1.807859614E1
1.904000000E1	3.432639135E1	1.914493225E1
1.908000000E1	3.553773606E1	1.992180615E1
1.912000000E1	3.644163138E1	2.051700066E1
1.916000000E1	3.699095067E1	2.088487526E1
1.920000000E1	3.730397963E1	2.114777884E1
1.924000000E1	3.745338922E1	2.142437730E1
1.928000000E1	3.750432133E1	2.157736149E1
1.932000000E1	3.749411727E1	2.161247688E1
1.936000000E1	3.746824122E1	2.160745269E1
1.940000000E1	3.745813467E1	2.161118116E1
1.944000000E1	3.735004972E1	2.161444149E1
1.948000000E1	3.712993103E1	2.146009825E1
1.952000000E1	3.657319012E1	2.099836171E1
1.956000000E1	3.565405681E1	2.025546714E1
1.960000000E1	3.430879282E1	1.920922309E1
1.964000000E1	3.264903615E1	1.801125328E1
1.968000000E1	3.090365906E1	1.692801069E1
1.972000000E1	2.908626460E1	1.587145626E1
1.976000000E1	2.714683756E1	1.472176589E1
1.980000000E1	2.517810952E1	1.362078691E1
1.984000000E1	2.321581167E1	1.258181266E1
1.988000000E1	2.115134948E1	1.159014529E1
1.992000000E1	1.917883871E1	1.073782261E1
1.996000000E1	1.715449084E1	1.004216193E1
2.000000000E1	1.525502956E1	9.505345113E0
2.004000000E1	1.357082269E1	9.035129612E0
2.008000000E1	1.221004371E1	8.656359309E0
2.012000000E1	1.110593886E1	8.395360616E0
2.016000000E1	1.034232264E1	8.231210752E0
2.020000000E1	9.878452970E0	8.130509665E0
2.024000000E1	9.646839180E0	8.036501108E0
2.028000000E1	9.569237728E0	8.001646634E0
2.032000000E1	9.575006760E0	7.919034290E0
2.036000000E1	9.624811878E0	7.882467600E0
2.040000000E1	9.744085562E0	7.906842877E0
2.044000000E1	1.003333669E1	7.940199452E0
2.048000000E1	1.062051601E1	8.094801036E0
2.052000000E1	1.157962118E1	8.342023455E0
2.056000000E1	1.297842797E1	8.804540879E0
2.060000000E1	1.481618867E1	9.425933773E0
2.064000000E1	1.693260148E1	1.021377359E1
2.068000000E1	1.927076511E1	1.115334675E1
2.072000000E1	2.174688308E1	1.219488095E1
2.076000000E1	2.420367055E1	1.333164223E1
2.080000000E1	2.655745407E1	1.452460791E1
2.084000000E1	2.878144863E1	1.573041531E1
2.088000000E1	3.089548893E1	1.708337040E1
2.092000000E1	3.274779195E1	1.844594270E1
2.096000000E1	3.421750475E1	1.936976253E1
2.100000000E1	3.539403282E1	2.015268261E1
2.104000000E1	3.618759346E1	2.056228936E1
2.108000000E1	3.671260962E1	2.080783054E1
2.112000000E1	3.698218261E1	2.096615536E1
2.116000000E1	3.705288109E1	2.100230230E1
2.120000000E1	3.706469218E1	2.109066882E1
2.124000000E1	3.701655995E1	2.111516890E1
2.128000000E1	3.701197284E1	2.113851190E1
2.132000000E1	3.689076546E1	2.114582565E1
2.136000000E1	3.656332740E1	2.099494784E1
2.140000000E1	3.593913552E1	2.064901527E1
2.144000000E1	3.490989912E1	1.995703936E1
2.148000000E1	3.355752551E1	1.917179759E1
2.152000000E1	3.193971128E1	1.814281592E1
2.156000000E1	3.005280177E1	1.694634276E1
2.160000000E1	2.802911804E1	1.576450159E1
2.164000000E1	2.592190010E1	1.464603932E1
2.168000000E1	2.376974788E1	1.359919993E1
2.172000000E1	2.170491000E1	1.256701450E1
2.176000000E1	1.976720298E1	1.166536236E1
2.180000000E1	1.798357779E1	1.093853702E1
2.184000000E1	1.644515836E1	1.036112966E1
2.188000000E1	1.513855755E1	9.842120965E0
2.192000000E1	1.403855386E1	9.342433822E0
2.196000000E1	1.318938152E1	8.845705653E0
2.200000000E1	1.253873556E1	8.444057588E0
2.204000000E1	1.213951112E1	8.112507617E0
2.208000000E1	1.198674070E1	7.834421940E0
2.212000000E1	1.200767885E1	7.697812731E0
2.216000000E1	1.204528243E1	7.599095152E0
2.220000000E1	1.212542230E1	7.614355913E0
2.224000000E1	1.216621234E1	7.625427581E0
2.228000000E1	1.215307676E1	7.611932802E0
2.232000000E1	1.214619925E1	7.618274108E0
2.236000000E1	1.228473730E1	7.636554229E0
2.240000000E1	1.269263387E1	7.772683859E0
2.244000000E1	1.348079861E1	8.047587439E0
2.248000000E1	1.466482482E1	8.444208331E0
2.252000000E1	1.633319796E1	9.068393008E0
2.256000000E1	1.833991277E1	9.906143445E0
2.260000000E1	2.056192920E1	1.091440106E1
2.264000000E1	2.289492201E1	1.208698006E1
2.268000000E1	2.501906813E1	1.321879086E1
2.272000000E1	2.699885611E1	1.434677366E1
2.276000000E1	2.880514469E1	1.546171753E1
2.280000000E1	3.042491747E1	1.652852364E1
2.284000000E1	3.190069868E1	1.754569328E1
2.288000000E1	3.314969283E1	1.845198360E1
2.292000000E1	3.420319992E1	1.922360366E1
2.296000000E1	3.508361285E1	1.989050575E1
2.300000000E1	3.580174327E1	2.042630673E1
2.304000000E1	3.627745888E1	2.077328819E1
2.308000000E1	3.658728215E1	2.095986617E1
2.312000000E1	3.684216770E1	2.113122119E1
2.316000000E1	3.698864746E1	2.126490135E1
2.320000000E1	3.703110616E1	2.129752047E1
2.324000000E1	3.702646824E1	2.133046735E1
2.328000000E1	3.686863047E1	2.127907718E1
2.332000000E1	3.656077807E1	2.109967281E1
2.336000000E1	3.597298822E1	2.069579210E1
2.340000000E1	3.506150299E1	1.996573920E1
2.344000000E1	3.388974401E1	1.917137985E1
2.348000000E1	3.257147737E1	1.841347739E1
2.352000000E1	3.112422283E1	1.751797059E1
2.356000000E1	2.948243756E1	1.657086191E1
2.360000000E1	2.760331277E1	1.545143815E1
2.364000000E1	2.550038229E1	1.425954867E1
2.368000000E1	2.350390531E1	1.328230707E1
2.372000000E1	2.144761926E1	1.228847627E1
2.376000000E1	1.953108730E1	1.143569684E1
2.380000000E1	1.776859207E1	1.068642963E1
2.384000000E1	1.617143960E1	9.935506903E0
2.388000000E1	1.483617478E1	9.312119998E0
2.392000000E1	1.375178603E1	8.845007388E0
2.396000000E1	1.292318424E1	8.500480862E0
2.400000000E1	1.230358893E1	8.284160523E0
2.404000000E1	1.191898616E1	8.099774540E0
2.408000000E1	1.172990390E1	8.026118608E0
2.412000000E1	1.164282551E1	7.986747617E0
2.416000000E1	1.166592572E1	7.924666148E0
2.420000000E1	1.170071463E1	7.923847175E0
2.424000000E1	1.183084124E1	7.939491204E0
2.428000000E1	1.209712989E1	8.072577659E0
2.432000000E1	1.262324289E1	8.226672942E0
2.436000000E1	1.363606379E1	8.525950730E0
2.440000000E1	1.503619515E1	8.980072621E0
2.444000000E1	1.690006970E1	9.683503035E0
2.448000000E1	1.909221651E1	1.061496641E1
2.452000000E1	2.148519095E1	1.177210263E1
2.456000000E1	2.395944357E1	1.315540469E1
2.460000000E1	2.633668481E1	1.453875564E1
2.464000000E1	2.858400312E1	1.591706795E1
2.468000000E1	3.063595427E1	1.718149944E1
2.472000000E1	3.241832377E1	1.840531079E1
2.476000000E1	3.385500029E1	1.931212991E1
2.480000000E1	3.493774886E1	1.991281825E1
2.484000000E1	3.574029068E1	2.034262296E1
2.488000000E1	3.629355770E1	2.060833391E1
2.492000000E1	3.658146618E1	2.083305245E1
2.496000000E1	3.673273963E1	2.100519963E1
2.500000000E1	3.677401492E1	2.101562951E1
2.504000000E1	3.676203041E1	2.101489017E1
2.508000000E1	3.674425751E1	2.101827225E1
2.512000000E1	3.671317079E1	2.101367514E1
2.516000000E1	3.657783175E1	2.098351673E1
2.520000000E1	3.628229848E1	2.078481628E1
2.524000000E1	3.566951211E1	2.031203620E1
2.528000000E1	3.472698577E1	1.959469248E1
2.532000000E1	3.334235790E1	1.849514957E1
2.536000000E1	3.177890410E1	1.737948750E1
2.540000000E1	3.007644358E1	1.637153372E1
2.544000000E1	2.816277327E1	1.510882477E1
2.548000000E1	2.605290545E1	1.393229480E1
2.552000000E1	2.391015339E1	1.283681007E1
2.556000000E1	2.173606556E1	1.181887691E1
2.560000000E1	1.961543712E1	1.097947648E1
2.564000000E1	1.761032897E1	1.031700831E1
2.568000000E1	1.574263973E1	9.828135197E0
2.572000000E1	1.410641810E1	9.399871718E0
2.576000000E1	1.277401402E1	9.094428131E0
2.580000000E1	1.182445215E1	8.870264831E0
2.584000000E1	1.124328069E1	8.665673696E0
2.588000000E1	1.093508520E1	8.552143951E0
2.592000000E1	1.080250797E1	8.396048154E0
2.596000000E1	1.076452320E1	8.333104407E0
2.600000000E1	1.078843853E1	8.346081033E0
2.604000000E1	1.086086545E1	8.356227253E0
2.608000000E1	1.094427402E1	8.383688786E0
2.612000000E1	1.121418230E1	8.419084011E0
2.616000000E1	1.169825303E1	8.520547325E0
2.620000000E1	1.256091782E1	8.704344294E0
2.624000000E1	1.385824334E1	9.006558866E0
2.628000000E1	1.557080037E1	9.534706010E0
2.632000000E1	1.759413490E1	1.020416760E1
2.636000000E1	1.979987148E1	1.106726875E1
2.640000000E1	2.215173202E1	1.212153722E1
2.644000000E1	2.456095646E1	1.328306635E1
2.648000000E1	2.686007599E1	1.451513949E1
2.652000000E1	2.897197332E1	1.576016505E1
2.656000000E1	3.088210905E1	1.696002298E1
2.660000000E1	3.256792335E1	1.801749575E1
2.664000000E1	3.396279873E1	1.890392695E1
2.668000000E1	3.504503851E1	1.953144870E1
2.672000000E1	3.582063456E1	1.993557504E1
2.676000000E1	3.635386949E1	2.023156748E1
2.680000000E1	3.668529889E1	2.037855053E1
2.684000000E1	3.683844032E1	2.038921406E1
2.688000000E1	3.684905135E1	2.047632281E1
2.692000000E1	3.684896270E1	2.053029254E1
2.696000000E1	3.678368001E1	2.052393599E1
2.700000000E1	3.671341355E1	2.049159359E1
2.704000000E1	3.655726264E1	2.034915498E1
2.708000000E1	3.623175458E1	2.006629206E1
2.712000000E1	3.562590649E1	1.961276902E1
2.716000000E1	3.471526158E1	1.904349762E1
2.720000000E1	3.353269202E1	1.840116667E1
2.724000000E1	3.202588753E1	1.758637851E1
2.728000000E1	3.028075237E1	1.656557964E1
2.732000000E1	2.819906068E1	1.547854998E1
2.736000000E1	2.609052680E1	1.442478351E1
2.740000000E1	2.386588867E1	1.334319853E1
2.744000000E1	2.171204990E1	1.243423538E1
2.748000000E1	1.965889133E1	1.151044292E1
2.752000000E1	1.780906261E1	1.071469931E1
2.756000000E1	1.617699456E1	1.007707698E1
2.760000000E1	1.480403101E1	9.523964317E0
2.764000000E1	1.366208023E1	9.136698337E0
2.768000000E1	1.275604120E1	8.822058278E0
2.772000000E1	1.210032729E1	8.607251518E0
2.776000000E1	1.167446517E1	8.402269910E0
2.780000000E1	1.138362127E1	8.283330210E0
2.784000000E1	1.120766851E1	8.158203970E0
2.788000000E1	1.110549741E1	8.041816569E0
2.792000000E1	1.108364433E1	7.981935271E0
2.796000000E1	1.109745293E1	7.939796957E0
2.800000000E1	1.117501022E1	7.955081607E0
2.804000000E1	1.128847996E1	7.970109172E0
2.808000000E1	1.154311169E1	8.076169377E0
2.812000000E1	1.212600980E1	8.246311756E0
2.816000000E1	1.300219129E1	8.526521734E0
2.820000000E1	1.420821075E1	8.979696533E0
2.824000000E1	1.574700661E1	9.581777008E0
2.828000000E1	1.762557310E1	1.039389562E1
2.832000000E1	1.978206362E1	1.132464857E1
2.836000000E1	2.198875684E1	1.243945457E1
2.840000000E1	2.425413297E1	1.363843436E1
2.844000000E1	2.644463678E1	1.484844517E1
2.848000000E1	2.847732602E1	1.604533235E1
2.852000000E1	3.028640138E1	1.706674192E1
2.856000000E1	3.188025982E1	1.803423869E1
2.860000000E1	3.324713523E1	1.898744827E1
2.864000000E1	3.430797584E1	1.974386503E1
2.868000000E1	3.509662774E1	2.035032435E1
2.872000000E1	3.563729693E1	2.070431049E1
2.876000000E1	3.596907791E1	2.095696409E1
2.880000000E1	3.615922338E1	2.111252236E1
2.884000000E1	3.626701486E1	2.115024325E1
2.888000000E1	3.627585635E1	2.112110946E1
2.892000000E1	3.629284859E1	2.103541055E1
2.896000000E1	3.627880497E1	2.096893079E1
2.900000000E1	3.628533580E1	2.094738483E1
2.904000000E1	3.626030573E1	2.095751252E1
2.908000000E1	3.612681229E1	2.087850474E1
2.912000000E1	3.582324289E1	2.067881631E1
2.916000000E1	3.524847420E1	2.026589456E1
2.920000000E1	3.433329377E1	1.963019383E1
2.924000000E1	3.313635189E1	1.890327511E1
2.928000000E1	3.161584228E1	1.792543413E1
2.932000000E1	2.966605102E1	1.678749237E1
2.936000000E1	2.758227464E1	1.577368906E1
2.940000000E1	2.532040203E1	1.459999760E1
2.944000000E1	2.306023663E1	1.347208132E1
2.948000000E1	2.080047497E1	1.242060779E1
2.952000000E1	1.860627785E1	1.147106181E1
2.956000000E1	1.660095081E1	1.066993484E1
2.960000000E1	1.480846062E1	9.933518629E0
2.964000000E1	1.323513372E1	9.294993706E0
2.968000000E1	1.194860821E1	8.837243507E0
2.972000000E1	1.101151775E1	8.478120485E0
2.976000000E1	1.034055320E1	8.305388406E0
2.980000000E1	1.001749432E1	8.192479143E0
2.984000000E1	9.884110339E0	8.105635002E0
2.988000000E1	9.879528608E0	8.003630983E0
2.992000000E1	9.907267350E0	7.831463711E0
2.996000000E1	9.955104696E0	7.678855465E0
3.000000000E1	1.002912584E1	7.624433437E0
3.004000000E1	1.006409586E1	7.630276690E0
3.008000000E1	1.017247972E1	7.674217061E0
3.012000000E1	1.034718195E1	7.787376533E0
3.016000000E1	1.085938320E1	7.954531776E0
3.020000000E1	1.186270903E1	8.243327709E0
3.024000000E1	1.337254237E1	8.702763236E0
3.028000000E1	1.529298923E1	9.320785993E0
3.032000000E1	1.764720854E1	1.020488094E1
3.036000000E1	2.026561027E1	1.126566811E1
3.040000000E1	2.304777808E1	1.261814196E1
3.044000000E1	2.577451174E1	1.406175273E1
3.048000000E1	2.829958294E1	1.542736409E1
3.052000000E1	3.044405068E1	1.666186479E1
3.056000000E1	3.224514486E1	1.770300508E1
3.060000000E1	3.362673297E1	1.849158437E1
3.064000000E1	3.457029803E1	1.897531645E1
3.068000000E1	3.521573351E1	1.939958551E1
3.072000000E1	3.551588127E1	1.955117111E1
3.076000000E1	3.564534837E1	1.963430525E1
3.080000000E1	3.575738291E1	1.976999926E1
3.084000000E1	3.580912800E1	1.989459437E1
3.088000000E1	3.581192731E1	1.994213759E1
3.092000000E1	3.580931792E1	1.995023104E1
3.096000000E1	3.580967538E1	1.995587449E1
3.100000000E1	3.580837027E1	1.996314397E1
3.104000000E1	3.578863055E1	1.995052843E1
3.108000000E1	3.553961369E1	1.988327080E1
3.112000000E1	3.508039896E1	1.961151789E1
3.116000000E1	3.431233594E1	1.915857875E1
3.120000000E1	3.318041496E1	1.858414848E1
3.124000000E1	3.179470169E1	1.795324195E1
3.128000000E1	3.003382639E1	1.696383505E1
3.132000000E1	2.796326692E1	1.582618800E1
3.136000000E1	2.580184406E1	1.470633668E1
3.140000000E1	2.357028789E1	1.350547260E1
3.144000000E1	2.147148578E1	1.250302916E1
3.148000000E1	1.957557349E1	1.164189809E1
3.152000000E1	1.779175290E1	1.094954559E1
3.156000000E1	1.611904404E1	1.038842255E1
3.160000000E1	1.468308827E1	9.903877510E0
3.164000000E1	1.350706140E1	9.572008801E0
3.168000000E1	1.259129163E1	9.327175483E0
3.172000000E1	1.196688897E1	9.152813793E0
3.176000000E1	1.157811173E1	9.051953891E0
3.180000000E1	1.142137328E1	8.952403681E0
3.184000000E1	1.140749333E1	8.897598159E0
3.188000000E1	1.143904729E1	8.842896588E0
3.192000000E1	1.150046502E1	8.847412547E0
3.196000000E1	1.154937978E1	8.845722842E0
3.200000000E1	1.167918809E1	8.901376770E0
3.204000000E1	1.202619542E1	8.986686605E0
3.208000000E1	1.287224928E1	9.247044270E0
3.212000000E1	1.421994909E1	9.717354340E0
3.216000000E1	1.606302428E1	1.044457740E1
3.220000000E1	1.831334691E1	1.140349529E1
3.224000000E1	2.090276063E1	1.258983404E1
3.228000000E1	2.354782281E1	1.383438653E1
3.232000000E1	2.619691142E1	1.525299670E1
3.236000000E1	2.859799420E1	1.668660644E1
3.240000000E1	3.083742203E1	1.812525066E1
3.244000000E1	3.268703002E1	1.932112918E1
3.248000000E1	3.413386892E1	2.022790837E1
3.252000000E1	3.520903205E1	2.089372481E1
3.256000000E1	3.592326738E1	2.127312688E1
3.260000000E1	3.634290082E1	2.143136923E1
3.264000000E1	3.655004736E1	2.149891410E1
3.268000000E1	3.659323136E1	2.145084091E1
3.272000000E1	3.658391164E1	2.144249837E1
3.276000000E1	3.656725837E1	2.143839557E1
3.280000000E1	3.656543029E1	2.145233216E1
3.284000000E1	3.655541429E1	2.143751755E1
3.288000000E1	3.641875919E1	2.140631997E1
3.292000000E1	3.611197023E1	2.112652140E1
3.296000000E1	3.549562229E1	2.066825227E1
3.300000000E1	3.452370169E1	1.997049017E1
3.304000000E1	3.329553596E1	1.923078063E1
3.308000000E1	3.168920132E1	1.819235296E1
3.312000000E1	2.988566875E1	1.712796728E1
3.316000000E1	2.784011463E1	1.605368872E1
3.320000000E1	2.574440261E1	1.496705804E1
3.324000000E1	2.361523832E1	1.396458919E1
3.328000000E1	2.158576861E1	1.306042950E1
3.332000000E1	1.968507257E1	1.225878672E1
3.336000000E1	1.789018363E1	1.150109302E1
3.340000000E1	1.629469806E1	1.082290902E1
3.344000000E1	1.497381529E1	1.019032959E1
3.348000000E1	1.391538654E1	9.674127481E0
3.352000000E1	1.317954960E1	9.312668142E0
3.356000000E1	1.266584635E1	9.063204165E0
3.360000000E1	1.232835621E1	8.857882842E0
3.364000000E1	1.208921012E1	8.718617803E0
3.368000000E1	1.191074595E1	8.542027515E0
3.372000000E1	1.183786309E1	8.400639236E0
3.376000000E1	1.185659747E1	8.363412403E0
3.380000000E1	1.200200896E1	8.392888747E0
3.384000000E1	1.238373610E1	8.522981652E0
3.388000000E1	1.300311349E1	8.727219218E0
3.392000000E1	1.392677352E1	9.012484612E0
3.396000000E1	1.523777929E1	9.503270014E0
3.400000000E1	1.700641126E1	1.019199896E1
3.404000000E1	1.914254725E1	1.112136443E1
3.408000000E1	2.157644459E1	1.222611667E1
3.412000000E1	2.403901951E1	1.349256686E1
3.416000000E1	2.650142494E1	1.484407486E1
3.420000000E1	2.878005772E1	1.609479841E1
3.424000000E1	3.091536394E1	1.735504986E1
3.428000000E1	3.269814853E1	1.843299986E1
3.432000000E1	3.417443123E1	1.928923160E1
3.436000000E1	3.544426017E1	2.006520320E1
3.440000000E1	3.656063279E1	2.069373648E1
3.444000000E1	3.730753873E1	2.103552539E1
3.448000000E1	3.775356249E1	2.106666839E1
3.452000000E1	3.798775685E1	2.109193565E1
3.456000000E1	3.805155457E1	2.102592490E1
3.460000000E1	3.802529482E1	2.108578450E1
3.464000000E1	3.797200246E1	2.123109967E1
3.468000000E1	3.790343830E1	2.127846644E1
3.472000000E1	3.777357953E1	2.128120614E1
3.476000000E1	3.755751882E1	2.116016888E1
3.480000000E1	3.706238025E1	2.086712154E1
3.484000000E1	3.611896717E1	2.018401757E1
3.488000000E1	3.472495036E1	1.917881417E1
3.492000000E1	3.297208616E1	1.804974954E1
3.496000000E1	3.095748429E1	1.691599179E1
3.500000000E1	2.874613058E1	1.585461586E1
3.504000000E1	2.630155611E1	1.490681725E1
3.508000000E1	2.380825902E1	1.393322140E1
3.512000000E1	2.122633893E1	1.289938151E1
3.516000000E1	1.883905459E1	1.199443215E1
3.520000000E1	1.670148260E1	1.119304523E1
3.524000000E1	1.472894461E1	1.052086012E1
3.528000000E1	1.306625742E1	9.918929455E0
3.532000000E1	1.170951600E1	9.424050799E0
3.536000000E1	1.066152918E1	8.992753295E0
3.540000000E1	9.990046924E0	8.719459794E0
3.544000000E1	9.600626064E0	8.457721885E0
3.548000000E1	9.440927007E0	8.211851178E0
3.552000000E1	9.432789358E0	7.996513569E0
3.556000000E1	9.495017341E0	7.788257188E0
3.560000000E1	9.551706894E0	7.601609612E0
3.564000000E1	9.611409506E0	7.490751080E0
3.568000000E1	9.668408641E0	7.429891092E0
3.572000000E1	9.738970768E0	7.398464669E0
3.576000000E1	9.752708635E0	7.395514562E0
3.580000000E1	9.759541378E0	7.417523250E0
3.584000000E1	9.781927196E0	7.453363641E0
3.588000000E1	9.781738830E0	7.467321415E0
3.592000000E1	9.778448823E0	7.463652497E0
3.596000000E1	9.775141582E0	7.456799792E0
3.600000000E1	9.777688405E0	7.445940989E0
3.604000000E1	9.832537637E0	7.374521600E0
3.608000000E1	9.874357569E0	7.346429393E0
3.612000000E1	9.894512803E0	7.342721175E0
3.616000000E1	9.924470948E0	7.340289303E0
3.620000000E1	9.972601398E0	7.310445301E0
3.624000000E1	1.003011782E1	7.310308420E0
3.628000000E1	1.003959304E1	7.305969323E0
3.632000000E1	1.004785492E1	7.298502191E0
3.636000000E1	1.004386484E1	7.301216913E0
3.640000000E1	1.004041797E1	7.308427173E0
3.644000000E1	1.003730262E1	7.322604104E0
3.648000000E1	1.003732086E1	7.331026732E0
3.652000000E1	1.003845477E1	7.337491365E0
3.656000000E1	1.003911364E1	7.340690864E0
3.660000000E1	1.004067428E1	7.340883615E0
3.664000000E1	1.003945306E1	7.340711719E0
3.668000000E1	1.004167821E1	7.337271652E0
3.672000000E1	1.004319569E1	7.337506659E0
3.676000000E1	1.004266904E1	7.335952206E0
3.680000000E1	1.004252210E1	7.334326425E0
3.684000000E1	1.004149013E1	7.331666305E0
3.688000000E1	1.004034807E1	7.330748350E0
3.692000000E1	1.004050407E1	7.329688340E0
3.696000000E1	1.004069948E1	7.328504330E0
