led_axel
t	x	y
0.000000000E0	8.024197918E0	2.859687556E1
4.000000000E-2	7.830100203E0	2.861243316E1
8.000000000E-2	7.575987337E0	2.865040905E1
1.200000000E-1	7.304204252E0	2.879424036E1
1.600000000E-1	7.074291079E0	2.908790248E1
2.000000000E-1	6.794119150E0	2.962748115E1
2.400000000E-1	6.500783224E0	3.011745697E1
2.800000000E-1	6.092416215E0	3.061162417E1
3.200000000E-1	5.649433048E0	3.098024984E1
3.600000000E-1	5.148063417E0	3.114964401E1
4.000000000E-1	4.546973019E0	3.101025355E1
4.400000000E-1	4.133799386E0	3.094919276E1
4.800000000E-1	4.108525757E0	3.088242078E1
5.200000000E-1	4.301422356E0	3.083408154E1
5.600000000E-1	4.696951774E0	3.082527925E1
6.000000000E-1	5.120507195E0	3.086780111E1
6.400000000E-1	5.557672934E0	3.094805221E1
6.800000000E-1	6.036866191E0	3.101756463E1
7.200000000E-1	6.422354678E0	3.111692905E1
7.600000000E-1	6.836456167E0	3.106906021E1
8.000000000E-1	7.165019218E0	3.101038985E1
8.400000000E-1	7.349985519E0	3.093538443E1
8.800000000E-1	7.454737142E0	3.088764387E1
9.200000000E-1	7.481767961E0	3.079709858E1
9.600000000E-1	7.472653327E0	3.070257461E1
1.000000000E0	7.445382283E0	3.057688539E1
1.040000000E0	7.399691384E0	3.043194187E1
1.080000000E0	7.331184841E0	3.037969750E1
1.120000000E0	7.388202077E0	3.023014985E1
1.160000000E0	7.435452133E0	3.011745174E1
1.200000000E0	7.567898093E0	3.005381017E1
1.240000000E0	7.741401966E0	2.996343423E1
1.280000000E0	8.016182084E0	2.982683381E1
1.320000000E0	8.257009536E0	2.967146005E1
1.360000000E0	8.440836622E0	2.949803515E1
1.400000000E0	8.468782046E0	2.933841034E1
1.440000000E0	8.443524811E0	2.919247806E1
1.480000000E0	8.335659896E0	2.917101343E1
1.520000000E0	8.277770647E0	2.912170070E1
1.560000000E0	8.235488305E0	2.908483015E1
1.600000000E0	8.177124508E0	2.893897344E1
1.640000000E0	8.186679181E0	2.890097928E1
1.680000000E0	8.326270170E0	2.900284991E1
1.720000000E0	8.477682666E0	2.906005724E1
1.760000000E0	8.511688696E0	2.916816448E1
1.800000000E0	8.595622301E0	2.916521502E1
1.840000000E0	8.591703301E0	2.911632697E1
1.880000000E0	8.478864669E0	2.905791466E1
1.920000000E0	8.449643729E0	2.903894434E1
1.960000000E0	8.487426825E0	2.902112565E1
2.000000000E0	8.616712752E0	2.903188086E1
2.040000000E0	8.669196162E0	2.914563226E1
2.080000000E0	8.752353881E0	2.919948924E1
2.120000000E0	8.762637288E0	2.919508699E1
2.160000000E0	8.764470430E0	2.919554496E1
2.200000000E0	8.756046639E0	2.918978560E1
2.240000000E0	8.744893260E0	2.919001807E1
2.280000000E0	8.650426243E0	2.919024690E1
2.320000000E0	8.619263928E0	2.917796776E1
2.360000000E0	8.597515194E0	2.911882974E1
2.400000000E0	8.545739410E0	2.906686784E1
2.440000000E0	8.495359162E0	2.904658693E1
2.480000000E0	8.491623523E0	2.903993446E1
2.520000000E0	8.504985344E0	2.904168522E1
2.560000000E0	8.514476249E0	2.903544908E1
2.600000000E0	8.493439478E0	2.904104379E1
2.640000000E0	8.485423791E0	2.904739623E1
2.680000000E0	8.490651311E0	2.914832775E1
2.720000000E0	8.640745528E0	2.920980368E1
2.760000000E0	8.959574596E0	2.942096280E1
2.800000000E0	9.412390062E0	2.969304356E1
2.840000000E0	9.958436003E0	2.995937790E1
2.880000000E0	1.054458004E1	3.030690131E1
2.920000000E0	1.128738307E1	3.075632225E1
2.960000000E0	1.220768399E1	3.124129857E1
3.000000000E0	1.316390676E1	3.177767193E1
3.040000000E0	1.423254621E1	3.232745806E1
3.080000000E0	1.534235922E1	3.283251725E1
3.120000000E0	1.646768050E1	3.326204151E1
3.160000000E0	1.755769480E1	3.364138719E1
3.200000000E0	1.851990597E1	3.394894327E1
3.240000000E0	1.929827310E1	3.416578003E1
3.280000000E0	1.983584771E1	3.427784116E1
3.320000000E0	2.021357767E1	3.435591161E1
3.360000000E0	2.042782106E1	3.441953457E1
3.400000000E0	2.058627886E1	3.447535350E1
3.440000000E0	2.064802924E1	3.453834797E1
3.480000000E0	2.067479041E1	3.457357554E1
3.520000000E0	2.064020461E1	3.457332885E1
3.560000000E0	2.053936289E1	3.450179616E1
3.600000000E0	2.029907615E1	3.439791813E1
3.640000000E0	1.992797070E1	3.429105140E1
3.680000000E0	1.942631499E1	3.416293496E1
3.720000000E0	1.879411818E1	3.394972449E1
3.760000000E0	1.806064914E1	3.370566835E1
3.800000000E0	1.727884191E1	3.341759200E1
3.840000000E0	1.640987027E1	3.310603854E1
3.880000000E0	1.547873280E1	3.276760325E1
3.920000000E0	1.454727705E1	3.244372574E1
3.960000000E0	1.368143749E1	3.207342868E1
4.000000000E0	1.282738465E1	3.166316509E1
4.040000000E0	1.190890561E1	3.123757291E1
4.080000000E0	1.108215231E1	3.095470676E1
4.120000000E0	1.040114328E1	3.069091840E1
4.160000000E0	9.841352660E0	3.046411244E1
4.200000000E0	9.420244895E0	3.022749853E1
4.240000000E0	9.125699659E0	3.007514723E1
4.280000000E0	8.940509101E0	2.988137881E1
4.320000000E0	8.864119360E0	2.967717189E1
4.360000000E0	8.851987522E0	2.949523151E1
4.400000000E0	8.909337272E0	2.935585431E1
4.440000000E0	8.975283964E0	2.924396550E1
4.480000000E0	9.072004700E0	2.918479454E1
4.520000000E0	9.100665779E0	2.913036781E1
4.560000000E0	9.091366625E0	2.913839950E1
4.600000000E0	9.080623981E0	2.917877914E1
4.640000000E0	9.069678708E0	2.918298409E1
4.680000000E0	9.070319701E0	2.919352137E1
4.720000000E0	9.094840469E0	2.925531576E1
4.760000000E0	9.244357619E0	2.937040008E1
4.800000000E0	9.646938128E0	2.958152035E1
4.840000000E0	1.020532218E1	2.988099885E1
4.880000000E0	1.088158688E1	3.026683939E1
4.920000000E0	1.175740299E1	3.065099533E1
4.960000000E0	1.282586065E1	3.111770865E1
5.000000000E0	1.401506870E1	3.163901060E1
5.040000000E0	1.516361977E1	3.211933279E1
5.080000000E0	1.629873683E1	3.266045801E1
5.120000000E0	1.736915472E1	3.314155633E1
5.160000000E0	1.839906659E1	3.356923078E1
5.200000000E0	1.932568090E1	3.386282613E1
5.240000000E0	2.003421940E1	3.409315069E1
5.280000000E0	2.058245389E1	3.430634453E1
5.320000000E0	2.101737155E1	3.448768450E1
5.360000000E0	2.127944392E1	3.459519538E1
5.400000000E0	2.141229223E1	3.463164987E1
5.440000000E0	2.141958523E1	3.465983002E1
5.480000000E0	2.140006794E1	3.468366693E1
5.520000000E0	2.136194255E1	3.469455354E1
5.560000000E0	2.130480706E1	3.460802966E1
5.600000000E0	2.118617749E1	3.459119585E1
5.640000000E0	2.090698443E1	3.445907336E1
5.680000000E0	2.048532063E1	3.430249595E1
5.720000000E0	1.998272149E1	3.410900647E1
5.760000000E0	1.936344322E1	3.385239615E1
5.800000000E0	1.859401223E1	3.357596658E1
5.840000000E0	1.775549905E1	3.325310756E1
5.880000000E0	1.685572421E1	3.281204413E1
5.920000000E0	1.584571302E1	3.234120289E1
5.960000000E0	1.496282390E1	3.184057510E1
6.000000000E0	1.412487027E1	3.135335406E1
6.040000000E0	1.336974552E1	3.073650475E1
6.080000000E0	1.257532633E1	3.009036652E1
6.120000000E0	1.178230635E1	2.950489264E1
6.160000000E0	1.114156217E1	2.910692793E1
6.200000000E0	1.060694297E1	2.888432644E1
6.240000000E0	1.013385090E1	2.875777615E1
6.280000000E0	9.811919123E0	2.871214087E1
6.320000000E0	9.707332435E0	2.870507284E1
6.360000000E0	9.684011882E0	2.864572005E1
6.400000000E0	9.697162894E0	2.852796155E1
6.440000000E0	9.767517143E0	2.846175241E1
6.480000000E0	9.817005573E0	2.843244116E1
6.520000000E0	9.820772450E0	2.843525731E1
6.560000000E0	9.823041961E0	2.844055172E1
6.600000000E0	9.821551970E0	2.843695170E1
6.640000000E0	9.805855593E0	2.843936437E1
6.680000000E0	9.796300967E0	2.844913913E1
6.720000000E0	9.794462684E0	2.845707072E1
6.760000000E0	9.808735687E0	2.850928059E1
6.800000000E0	9.874028954E0	2.863432901E1
6.840000000E0	1.005689016E1	2.877962457E1
6.880000000E0	1.038847514E1	2.901568175E1
6.920000000E0	1.086045103E1	2.935075819E1
6.960000000E0	1.152938006E1	2.979092293E1
7.000000000E0	1.232870901E1	3.022364160E1
7.040000000E0	1.327846057E1	3.068534022E1
7.080000000E0	1.423696495E1	3.114287002E1
7.120000000E0	1.519154182E1	3.161703516E1
7.160000000E0	1.616606350E1	3.204085549E1
7.200000000E0	1.713270002E1	3.251230721E1
7.240000000E0	1.804785601E1	3.284086173E1
7.280000000E0	1.885763458E1	3.294564141E1
7.320000000E0	1.950766619E1	3.303819459E1
7.360000000E0	2.000367358E1	3.319328732E1
7.400000000E0	2.030172241E1	3.326349274E1
7.440000000E0	2.034559036E1	3.333470235E1
7.480000000E0	2.035076688E1	3.340855808E1
7.520000000E0	2.031267889E1	3.342104057E1
7.560000000E0	2.028177445E1	3.341970604E1
7.600000000E0	2.028019954E1	3.341227205E1
7.640000000E0	2.025807960E1	3.339511593E1
7.680000000E0	2.014260016E1	3.339085767E1
7.720000000E0	1.985687142E1	3.338834785E1
7.760000000E0	1.946096782E1	3.337815066E1
7.800000000E0	1.887858946E1	3.320505825E1
7.840000000E0	1.815956833E1	3.295879147E1
7.880000000E0	1.736564646E1	3.266968774E1
7.920000000E0	1.655905383E1	3.233869569E1
7.960000000E0	1.568356143E1	3.191360570E1
8.000000000E0	1.467156146E1	3.137400611E1
8.040000000E0	1.369517705E1	3.072789659E1
8.080000000E0	1.284610354E1	3.024225693E1
8.120000000E0	1.208122987E1	2.994866081E1
8.160000000E0	1.146761521E1	2.972413334E1
8.200000000E0	1.093271581E1	2.953636773E1
8.240000000E0	1.044980481E1	2.937892519E1
8.280000000E0	1.011043124E1	2.922776322E1
8.320000000E0	9.897739260E0	2.908843657E1
8.360000000E0	9.814536356E0	2.894339201E1
8.400000000E0	9.801643106E0	2.874348905E1
8.440000000E0	9.828831659E0	2.859433661E1
8.480000000E0	9.832068283E0	2.839608042E1
8.520000000E0	9.825581120E0	2.826041532E1
8.560000000E0	9.822578180E0	2.813242610E1
8.600000000E0	9.792910427E0	2.801386568E1
8.640000000E0	9.725051373E0	2.797490631E1
8.680000000E0	9.677993562E0	2.797656123E1
8.720000000E0	9.683357901E0	2.796765368E1
8.760000000E0	9.733448459E0	2.801673906E1
8.800000000E0	9.822550094E0	2.810433147E1
8.840000000E0	9.966119648E0	2.825610605E1
8.880000000E0	1.021412046E1	2.839915886E1
8.920000000E0	1.066033256E1	2.864602136E1
8.960000000E0	1.114264726E1	2.899005383E1
9.000000000E0	1.174899883E1	2.938321398E1
9.040000000E0	1.246661470E1	2.972884860E1
9.080000000E0	1.334985253E1	3.017473372E1
9.120000000E0	1.443328389E1	3.067121887E1
9.160000000E0	1.551152883E1	3.115103575E1
9.200000000E0	1.648527471E1	3.156406928E1
9.240000000E0	1.726569434E1	3.189442833E1
9.280000000E0	1.801617777E1	3.217388635E1
9.320000000E0	1.863687717E1	3.242052843E1
9.360000000E0	1.916833573E1	3.262873067E1
9.400000000E0	1.957083894E1	3.279756106E1
9.440000000E0	1.987314816E1	3.292891600E1
9.480000000E0	2.003572220E1	3.298251040E1
9.520000000E0	2.009000873E1	3.295165447E1
9.560000000E0	2.009547621E1	3.294832756E1
9.600000000E0	2.002032737E1	3.294392507E1
9.640000000E0	1.988551977E1	3.294905300E1
9.680000000E0	1.971164069E1	3.294094342E1
9.720000000E0	1.943882805E1	3.292146272E1
9.760000000E0	1.899331629E1	3.276817789E1
9.800000000E0	1.874927254E1	3.212737943E1
9.840000000E0	1.805689746E1	3.201241782E1
9.880000000E0	1.736828029E1	3.184103607E1
9.920000000E0	1.658879891E1	3.155170638E1
9.960000000E0	1.579108552E1	3.124470562E1
1.000000000E1	1.508338945E1	3.092819269E1
1.004000000E1	1.432380192E1	3.064919332E1
1.008000000E1	1.352686988E1	3.038851974E1
1.012000000E1	1.276663731E1	3.004730105E1
1.016000000E1	1.202796767E1	2.966171516E1
1.020000000E1	1.141568422E1	2.935550369E1
1.024000000E1	1.087420548E1	2.905376622E1
1.028000000E1	1.039417868E1	2.880773096E1
1.032000000E1	9.891575636E0	2.844742358E1
1.036000000E1	9.420671135E0	2.816880892E1
1.040000000E1	9.046917351E0	2.786532416E1
1.044000000E1	8.785128348E0	2.766497353E1
1.048000000E1	8.629833297E0	2.755045585E1
1.052000000E1	8.614921679E0	2.749160726E1
1.056000000E1	8.600306050E0	2.745348751E1
1.060000000E1	8.616840838E0	2.740504971E1
1.064000000E1	8.666656647E0	2.735343140E1
1.068000000E1	8.671175178E0	2.727404534E1
1.072000000E1	8.728136347E0	2.724933370E1
1.076000000E1	8.774935360E0	2.723879409E1
1.080000000E1	8.881510647E0	2.725067611E1
1.084000000E1	9.052569068E0	2.738179998E1
1.088000000E1	9.221471151E0	2.753125527E1
1.092000000E1	9.467264489E0	2.769711448E1
1.096000000E1	9.816651342E0	2.791852568E1
1.100000000E1	1.029439053E1	2.812518014E1
1.104000000E1	1.090597928E1	2.844980888E1
1.108000000E1	1.170539197E1	2.880316746E1
1.112000000E1	1.269707320E1	2.917615734E1
1.116000000E1	1.367298901E1	2.964144030E1
1.120000000E1	1.474495895E1	3.011793439E1
1.124000000E1	1.578864461E1	3.056631624E1
1.128000000E1	1.679434720E1	3.105266435E1
1.132000000E1	1.769611727E1	3.142989529E1
1.136000000E1	1.848758309E1	3.177055421E1
1.140000000E1	1.911407055E1	3.204357514E1
1.144000000E1	1.957137710E1	3.222485369E1
1.148000000E1	1.991382029E1	3.237931514E1
1.152000000E1	2.010544103E1	3.242308616E1
1.156000000E1	2.021240785E1	3.241918714E1
1.160000000E1	2.018354848E1	3.247770117E1
1.164000000E1	2.015941196E1	3.249833325E1
1.168000000E1	2.003083316E1	3.248993414E1
1.172000000E1	1.989979291E1	3.248351860E1
1.176000000E1	1.972071968E1	3.244909201E1
1.180000000E1	1.943559631E1	3.232828931E1
1.184000000E1	1.910683811E1	3.219823585E1
1.188000000E1	1.861277781E1	3.200546386E1
1.192000000E1	1.800254574E1	3.177355497E1
1.196000000E1	1.738745281E1	3.152720032E1
1.200000000E1	1.661350560E1	3.126288554E1
1.204000000E1	1.591820797E1	3.101612882E1
1.208000000E1	1.516827788E1	3.071794335E1
1.212000000E1	1.438606502E1	3.038999101E1
1.216000000E1	1.357503820E1	3.001242870E1
1.220000000E1	1.283030665E1	2.963759921E1
1.224000000E1	1.209587652E1	2.934002636E1
1.228000000E1	1.146127806E1	2.909348888E1
1.232000000E1	1.100578392E1	2.886930958E1
1.236000000E1	1.048444495E1	2.859539809E1
1.240000000E1	1.005004040E1	2.833732872E1
1.244000000E1	9.796135401E0	2.809073745E1
1.248000000E1	9.455063023E0	2.789463684E1
1.252000000E1	9.274031109E0	2.764628129E1
1.256000000E1	9.142794277E0	2.750294408E1
1.260000000E1	9.092466489E0	2.739829452E1
1.264000000E1	9.087743029E0	2.726987064E1
1.268000000E1	9.158851197E0	2.723352881E1
1.272000000E1	9.222774162E0	2.715598474E1
1.276000000E1	9.223293774E0	2.707860877E1
1.280000000E1	9.221312684E0	2.708300378E1
1.284000000E1	9.257364872E0	2.714992512E1
1.288000000E1	9.377766850E0	2.723585484E1
1.292000000E1	9.653193889E0	2.740736830E1
1.296000000E1	1.009944178E1	2.770026088E1
1.300000000E1	1.066707233E1	2.803732610E1
1.304000000E1	1.143596066E1	2.846314262E1
1.308000000E1	1.232733495E1	2.892374697E1
1.312000000E1	1.333969065E1	2.935745967E1
1.316000000E1	1.443563844E1	2.989459171E1
1.320000000E1	1.555380678E1	3.041038333E1
1.324000000E1	1.661182604E1	3.092931195E1
1.328000000E1	1.759273060E1	3.146613621E1
1.332000000E1	1.852728589E1	3.179095637E1
1.336000000E1	1.925619520E1	3.193097339E1
1.340000000E1	1.976770328E1	3.198454311E1
1.344000000E1	2.007538857E1	3.205375996E1
1.348000000E1	2.017750952E1	3.209112813E1
1.352000000E1	2.017426012E1	3.207572415E1
1.356000000E1	2.016549335E1	3.206069281E1
1.360000000E1	2.014690186E1	3.203878964E1
1.364000000E1	2.011905377E1	3.201692885E1
1.368000000E1	2.004047159E1	3.201508809E1
1.372000000E1	1.992188914E1	3.201137020E1
1.376000000E1	1.969423166E1	3.201994193E1
1.380000000E1	1.936706860E1	3.202329868E1
1.384000000E1	1.895340691E1	3.202571104E1
1.388000000E1	1.837941452E1	3.198114199E1
1.392000000E1	1.775028636E1	3.193137212E1
1.396000000E1	1.710599852E1	3.177109428E1
1.400000000E1	1.641237042E1	3.159905438E1
1.404000000E1	1.580447504E1	3.141490816E1
1.408000000E1	1.512882967E1	3.118331900E1
1.412000000E1	1.432829778E1	3.086950445E1
1.416000000E1	1.357267355E1	3.055107206E1
1.420000000E1	1.290459202E1	3.027048456E1
1.424000000E1	1.231476156E1	2.993058534E1
1.428000000E1	1.171822323E1	2.946643530E1
1.432000000E1	1.123485287E1	2.906047806E1
1.436000000E1	1.081143246E1	2.871786883E1
1.440000000E1	1.053162698E1	2.844994994E1
1.444000000E1	1.034314345E1	2.823551815E1
1.448000000E1	1.016542347E1	2.808114872E1
1.452000000E1	1.013813969E1	2.797708487E1
1.456000000E1	1.023139570E1	2.787983078E1
1.460000000E1	1.039178768E1	2.781823617E1
1.464000000E1	1.054701269E1	2.776408975E1
1.468000000E1	1.069704246E1	2.767894832E1
1.472000000E1	1.072492750E1	2.763744868E1
1.476000000E1	1.074251393E1	2.765639829E1
1.480000000E1	1.084868563E1	2.772041140E1
1.484000000E1	1.104422081E1	2.783082288E1
1.488000000E1	1.141897415E1	2.804219731E1
1.492000000E1	1.192716309E1	2.833079296E1
1.496000000E1	1.257666308E1	2.867959694E1
1.500000000E1	1.335811275E1	2.911697304E1
1.504000000E1	1.438765553E1	2.957580830E1
1.508000000E1	1.538732456E1	3.010582195E1
1.512000000E1	1.641046186E1	3.065598814E1
1.516000000E1	1.736377584E1	3.117429171E1
1.520000000E1	1.827630508E1	3.164085227E1
1.524000000E1	1.910043291E1	3.202016336E1
1.528000000E1	1.986484185E1	3.229767873E1
1.532000000E1	2.046869620E1	3.248575555E1
1.536000000E1	2.089885126E1	3.258910376E1
1.540000000E1	2.112296501E1	3.265566821E1
1.544000000E1	2.119010620E1	3.263668245E1
1.548000000E1	2.118402720E1	3.262894059E1
1.552000000E1	2.115115688E1	3.263665486E1
1.556000000E1	2.107254879E1	3.263519461E1
1.560000000E1	2.093355475E1	3.263529243E1
1.564000000E1	2.071678282E1	3.260311293E1
1.568000000E1	2.031913235E1	3.251968809E1
1.572000000E1	1.982040744E1	3.244818851E1
1.576000000E1	1.924849909E1	3.235882069E1
1.580000000E1	1.854535791E1	3.231132068E1
1.584000000E1	1.777911947E1	3.216751099E1
1.588000000E1	1.686771703E1	3.198438961E1
1.592000000E1	1.599402056E1	3.167750835E1
1.596000000E1	1.508174524E1	3.129667303E1
1.600000000E1	1.419847628E1	3.092884546E1
1.604000000E1	1.339736108E1	3.064959409E1
1.608000000E1	1.265226024E1	3.038082761E1
1.612000000E1	1.197275017E1	3.011064772E1
1.616000000E1	1.131196385E1	2.981507311E1
1.620000000E1	1.074737437E1	2.951909922E1
1.624000000E1	1.033195382E1	2.927304713E1
1.628000000E1	9.965392489E0	2.905337446E1
1.632000000E1	9.774003980E0	2.891232685E1
1.636000000E1	9.674468104E0	2.873547189E1
1.640000000E1	9.631737468E0	2.862195406E1
1.644000000E1	9.656404339E0	2.851121233E1
1.648000000E1	9.687836326E0	2.843998043E1
1.652000000E1	9.721576832E0	2.841598034E1
1.656000000E1	9.785371343E0	2.842291138E1
1.660000000E1	9.826779398E0	2.838408345E1
1.664000000E1	9.844371207E0	2.835313749E1
1.668000000E1	9.908313032E0	2.836593833E1
1.672000000E1	9.988674173E0	2.833816501E1
1.676000000E1	1.021869213E1	2.843562902E1
1.680000000E1	1.067774371E1	2.860907064E1
1.684000000E1	1.130947234E1	2.885291038E1
1.688000000E1	1.208718662E1	2.915458288E1
1.692000000E1	1.300956018E1	2.948202367E1
1.696000000E1	1.397480867E1	2.984909965E1
1.700000000E1	1.502328318E1	3.026859484E1
1.704000000E1	1.608795130E1	3.068272790E1
1.708000000E1	1.712472078E1	3.111654948E1
1.712000000E1	1.811790521E1	3.152039224E1
1.716000000E1	1.907239233E1	3.192850251E1
1.720000000E1	1.984386533E1	3.223077520E1
1.724000000E1	2.048030065E1	3.246178802E1
1.728000000E1	2.092086241E1	3.251385978E1
1.732000000E1	2.118739292E1	3.254557465E1
1.736000000E1	2.122254536E1	3.261426448E1
1.740000000E1	2.112732522E1	3.265673332E1
1.744000000E1	2.101529142E1	3.267218780E1
1.748000000E1	2.090597517E1	3.265465392E1
1.752000000E1	2.075228761E1	3.263503392E1
1.756000000E1	2.055276763E1	3.261005573E1
1.760000000E1	2.028074954E1	3.253801699E1
1.764000000E1	1.987197130E1	3.245654525E1
1.768000000E1	1.932978383E1	3.240972719E1
1.772000000E1	1.874264045E1	3.233432111E1
1.776000000E1	1.801666381E1	3.212685354E1
1.780000000E1	1.724095726E1	3.189259360E1
1.784000000E1	1.650822092E1	3.157508659E1
1.788000000E1	1.566208283E1	3.118662587E1
1.792000000E1	1.486196693E1	3.070824564E1
1.796000000E1	1.407625847E1	3.017260886E1
1.800000000E1	1.326093299E1	2.974252647E1
1.804000000E1	1.245822080E1	2.940042248E1
1.808000000E1	1.185423251E1	2.911368553E1
1.812000000E1	1.141492563E1	2.885402280E1
1.816000000E1	1.099678455E1	2.861363780E1
1.820000000E1	1.060940751E1	2.831919477E1
1.824000000E1	1.030284081E1	2.807836962E1
1.828000000E1	1.011798989E1	2.799169152E1
1.832000000E1	1.001427439E1	2.777922005E1
1.836000000E1	9.988082756E0	2.772723361E1
1.840000000E1	9.994309373E0	2.766955380E1
1.844000000E1	1.008398765E1	2.765765296E1
1.848000000E1	1.013858762E1	2.764009832E1
1.852000000E1	1.014485867E1	2.768339576E1
1.856000000E1	1.015312614E1	2.770205643E1
1.860000000E1	1.023160089E1	2.777328573E1
1.864000000E1	1.041145027E1	2.785502484E1
1.868000000E1	1.077498637E1	2.805582867E1
1.872000000E1	1.134862406E1	2.829437375E1
1.876000000E1	1.207157313E1	2.860866523E1
1.880000000E1	1.297727302E1	2.897395643E1
1.884000000E1	1.397216406E1	2.939168580E1
1.888000000E1	1.500892636E1	2.978478122E1
1.892000000E1	1.600485346E1	3.019678958E1
1.896000000E1	1.696974758E1	3.073117565E1
1.900000000E1	1.792008235E1	3.116759854E1
1.904000000E1	1.878108743E1	3.154745878E1
1.908000000E1	1.951580812E1	3.183832722E1
1.912000000E1	2.014462113E1	3.209045673E1
1.916000000E1	2.053245299E1	3.223374753E1
1.920000000E1	2.067791406E1	3.231665641E1
1.924000000E1	2.071152499E1	3.246427905E1
1.928000000E1	2.074063719E1	3.254517825E1
1.932000000E1	2.073494202E1	3.251824917E1
1.936000000E1	2.070106655E1	3.250406791E1
1.940000000E1	2.065734608E1	3.251543401E1
1.944000000E1	2.059810360E1	3.250817448E1
1.948000000E1	2.048534769E1	3.251609971E1
1.952000000E1	2.026921036E1	3.245812693E1
1.956000000E1	1.988786183E1	3.233275744E1
1.960000000E1	1.939822285E1	3.221614068E1
1.964000000E1	1.869833885E1	3.191447752E1
1.968000000E1	1.796417558E1	3.159588158E1
1.972000000E1	1.724015020E1	3.125121423E1
1.976000000E1	1.652276346E1	3.090993172E1
1.980000000E1	1.581192985E1	3.040099145E1
1.984000000E1	1.500887766E1	2.985941023E1
1.988000000E1	1.422506831E1	2.927957367E1
1.992000000E1	1.343242701E1	2.881723671E1
1.996000000E1	1.271894376E1	2.841131708E1
2.000000000E1	1.189760497E1	2.811755270E1
2.004000000E1	1.108245605E1	2.781187916E1
2.008000000E1	1.039052542E1	2.756496230E1
2.012000000E1	9.965011968E0	2.738715707E1
2.016000000E1	9.659605268E0	2.730892069E1
2.020000000E1	9.501096548E0	2.722438248E1
2.024000000E1	9.425232681E0	2.712966753E1
2.028000000E1	9.445907605E0	2.709522396E1
2.032000000E1	9.478879686E0	2.708645086E1
2.036000000E1	9.525254715E0	2.707721449E1
2.040000000E1	9.555408537E0	2.706075354E1
2.044000000E1	9.624050677E0	2.709584781E1
2.048000000E1	9.698792908E0	2.711604157E1
2.052000000E1	9.967912579E0	2.730836379E1
2.056000000E1	1.040385891E1	2.745850576E1
2.060000000E1	1.101154963E1	2.773293058E1
2.064000000E1	1.175661427E1	2.806827227E1
2.068000000E1	1.266919206E1	2.843294039E1
2.072000000E1	1.363118374E1	2.889870837E1
2.076000000E1	1.456679507E1	2.939074914E1
2.080000000E1	1.548848500E1	2.979650461E1
2.084000000E1	1.638366020E1	3.024145440E1
2.088000000E1	1.734320453E1	3.080204238E1
2.092000000E1	1.822579697E1	3.138929676E1
2.096000000E1	1.896437115E1	3.176420526E1
2.100000000E1	1.963745928E1	3.200789473E1
2.104000000E1	2.022837248E1	3.217665614E1
2.108000000E1	2.057632332E1	3.229917222E1
2.112000000E1	2.075377190E1	3.234314750E1
2.116000000E1	2.075880623E1	3.233858424E1
2.120000000E1	2.074951587E1	3.233647624E1
2.124000000E1	2.071161806E1	3.232563878E1
2.128000000E1	2.066730418E1	3.234393945E1
2.132000000E1	2.060945733E1	3.235593248E1
2.136000000E1	2.045904797E1	3.236869936E1
2.140000000E1	2.015714720E1	3.238462051E1
2.144000000E1	1.964959005E1	3.229309332E1
2.148000000E1	1.896289129E1	3.207465874E1
2.152000000E1	1.811103610E1	3.170780463E1
2.156000000E1	1.727902177E1	3.129646109E1
2.160000000E1	1.639208767E1	3.087111924E1
2.164000000E1	1.555386273E1	3.042975318E1
2.168000000E1	1.473153807E1	3.004468211E1
2.172000000E1	1.398448206E1	2.962820151E1
2.176000000E1	1.323661526E1	2.910995757E1
2.180000000E1	1.255632905E1	2.869020290E1
2.184000000E1	1.191023133E1	2.840265363E1
2.188000000E1	1.133199382E1	2.812028107E1
2.192000000E1	1.096432558E1	2.784848166E1
2.196000000E1	1.073980825E1	2.753950741E1
2.200000000E1	1.056726305E1	2.726618094E1
2.204000000E1	1.042696938E1	2.705072633E1
2.208000000E1	1.038607633E1	2.691965516E1
2.212000000E1	1.042692328E1	2.679332236E1
2.216000000E1	1.051718355E1	2.677634792E1
2.220000000E1	1.056638426E1	2.677391358E1
2.224000000E1	1.057613867E1	2.677885364E1
2.228000000E1	1.059841218E1	2.674687232E1
2.232000000E1	1.060433496E1	2.673142021E1
2.236000000E1	1.066791837E1	2.680551087E1
2.240000000E1	1.074257783E1	2.681479549E1
2.244000000E1	1.095252074E1	2.694311462E1
2.248000000E1	1.130017791E1	2.712421952E1
2.252000000E1	1.177882713E1	2.741508448E1
2.256000000E1	1.239469931E1	2.775261959E1
2.260000000E1	1.317286635E1	2.814692649E1
2.264000000E1	1.402150093E1	2.861652501E1
2.268000000E1	1.491388948E1	2.906847080E1
2.272000000E1	1.578151847E1	2.951965027E1
2.276000000E1	1.658779625E1	2.997571329E1
2.280000000E1	1.728235082E1	3.038449538E1
2.284000000E1	1.788657773E1	3.075719577E1
2.288000000E1	1.849190276E1	3.105026442E1
2.292000000E1	1.905004971E1	3.133144742E1
2.296000000E1	1.953991427E1	3.158146208E1
2.300000000E1	1.995872977E1	3.175158721E1
2.304000000E1	2.027694564E1	3.187543698E1
2.308000000E1	2.047621025E1	3.192244968E1
2.312000000E1	2.060409809E1	3.200991570E1
2.316000000E1	2.068475121E1	3.205291565E1
2.320000000E1	2.074865158E1	3.205980585E1
2.324000000E1	2.075846008E1	3.207279589E1
2.328000000E1	2.067011314E1	3.214653864E1
2.332000000E1	2.048730527E1	3.217481083E1
2.336000000E1	2.019799519E1	3.215692064E1
2.340000000E1	1.983840261E1	3.205000610E1
2.344000000E1	1.927524590E1	3.180112251E1
2.348000000E1	1.862122419E1	3.160021203E1
2.352000000E1	1.799780081E1	3.136361746E1
2.356000000E1	1.732235944E1	3.104488446E1
2.360000000E1	1.660605765E1	3.068342715E1
2.364000000E1	1.582102385E1	3.025112041E1
2.368000000E1	1.493022212E1	2.978806784E1
2.372000000E1	1.410200208E1	2.937855295E1
2.376000000E1	1.333877078E1	2.889539209E1
2.380000000E1	1.263457858E1	2.857524975E1
2.384000000E1	1.207589408E1	2.820323166E1
2.388000000E1	1.160600178E1	2.784266351E1
2.392000000E1	1.115478294E1	2.752512411E1
2.396000000E1	1.080140857E1	2.731039607E1
2.400000000E1	1.059504277E1	2.713686027E1
2.404000000E1	1.039285604E1	2.701156770E1
2.408000000E1	1.032042383E1	2.691628789E1
2.412000000E1	1.028559233E1	2.691661632E1
2.416000000E1	1.027999653E1	2.690556530E1
2.420000000E1	1.032775558E1	2.688712956E1
2.424000000E1	1.040132980E1	2.693881399E1
2.428000000E1	1.052577821E1	2.697211854E1
2.432000000E1	1.069686909E1	2.708719685E1
2.436000000E1	1.100592826E1	2.722203183E1
2.440000000E1	1.145707919E1	2.741656104E1
2.444000000E1	1.201623809E1	2.771945771E1
2.448000000E1	1.278338337E1	2.812513480E1
2.452000000E1	1.369921641E1	2.860160005E1
2.456000000E1	1.465745635E1	2.913791124E1
2.460000000E1	1.562577765E1	2.974195983E1
2.464000000E1	1.656395105E1	3.030588420E1
2.468000000E1	1.755968409E1	3.086362797E1
2.472000000E1	1.849112392E1	3.135174801E1
2.476000000E1	1.924411447E1	3.160573110E1
2.480000000E1	1.984142514E1	3.172158326E1
2.484000000E1	2.032062106E1	3.185421184E1
2.488000000E1	2.064896612E1	3.190427125E1
2.492000000E1	2.077059256E1	3.190280850E1
2.496000000E1	2.080069300E1	3.192571288E1
2.500000000E1	2.079645391E1	3.193315301E1
2.504000000E1	2.076522514E1	3.189746351E1
2.508000000E1	2.075464583E1	3.189042735E1
2.512000000E1	2.072493942E1	3.188783189E1
2.516000000E1	2.063125462E1	3.189217609E1
2.520000000E1	2.048256383E1	3.188330115E1
2.524000000E1	2.027063633E1	3.180961880E1
2.528000000E1	1.983364558E1	3.159542541E1
2.532000000E1	1.925830329E1	3.133474236E1
2.536000000E1	1.854758013E1	3.097877816E1
2.540000000E1	1.778850404E1	3.068114328E1
2.544000000E1	1.706417901E1	3.026910566E1
2.548000000E1	1.620646896E1	2.978681060E1
2.552000000E1	1.530533237E1	2.935281604E1
2.556000000E1	1.447786405E1	2.889553303E1
2.560000000E1	1.366388488E1	2.847950238E1
2.564000000E1	1.298953331E1	2.814135577E1
2.568000000E1	1.234371222E1	2.795641999E1
2.572000000E1	1.166050477E1	2.774318088E1
2.576000000E1	1.106213894E1	2.749279496E1
2.580000000E1	1.059149706E1	2.737565241E1
2.584000000E1	1.037282507E1	2.728852061E1
2.588000000E1	1.027793183E1	2.722779360E1
2.592000000E1	1.024254515E1	2.713349053E1
2.596000000E1	1.022852532E1	2.701340705E1
2.600000000E1	1.027896956E1	2.703000350E1
2.604000000E1	1.027474275E1	2.699038257E1
2.608000000E1	1.028880759E1	2.701269087E1
2.612000000E1	1.038160494E1	2.701462097E1
2.616000000E1	1.056545502E1	2.706978080E1
2.620000000E1	1.074949321E1	2.710904450E1
2.624000000E1	1.115173445E1	2.728580338E1
2.628000000E1	1.166241825E1	2.742154670E1
2.632000000E1	1.238654634E1	2.769019572E1
2.636000000E1	1.325940915E1	2.803487898E1
2.640000000E1	1.421630194E1	2.844713950E1
2.644000000E1	1.521043565E1	2.891393645E1
2.648000000E1	1.619433917E1	2.939563235E1
2.652000000E1	1.717093401E1	2.987909164E1
2.656000000E1	1.805373291E1	3.039391708E1
2.660000000E1	1.891503878E1	3.081557472E1
2.664000000E1	1.968011840E1	3.116864351E1
2.668000000E1	2.031666607E1	3.141781878E1
2.672000000E1	2.080959661E1	3.158216130E1
2.676000000E1	2.115497001E1	3.171766975E1
2.680000000E1	2.137170618E1	3.179616273E1
2.684000000E1	2.147943916E1	3.177585177E1
2.688000000E1	2.148679319E1	3.177719889E1
2.692000000E1	2.146208743E1	3.178902222E1
2.696000000E1	2.141496493E1	3.181510452E1
2.700000000E1	2.134454552E1	3.174001245E1
2.704000000E1	2.123201161E1	3.164576134E1
2.708000000E1	2.107269662E1	3.158365978E1
2.712000000E1	2.078478559E1	3.148148117E1
2.716000000E1	2.035717480E1	3.141689551E1
2.720000000E1	1.979356712E1	3.134650363E1
2.724000000E1	1.909738208E1	3.112090489E1
2.728000000E1	1.829233259E1	3.082077214E1
2.732000000E1	1.747751506E1	3.049049319E1
2.736000000E1	1.658665271E1	3.010287958E1
2.740000000E1	1.570376262E1	2.966779715E1
2.744000000E1	1.474737609E1	2.922036812E1
2.748000000E1	1.392698862E1	2.876429799E1
2.752000000E1	1.314742636E1	2.831497314E1
2.756000000E1	1.244300046E1	2.786284072E1
2.760000000E1	1.187997449E1	2.756287425E1
2.764000000E1	1.146062909E1	2.726977490E1
2.768000000E1	1.112289902E1	2.710937715E1
2.772000000E1	1.086374172E1	2.694798829E1
2.776000000E1	1.069237919E1	2.683114719E1
2.780000000E1	1.054791214E1	2.670263039E1
2.784000000E1	1.053398933E1	2.665412834E1
2.788000000E1	1.055703016E1	2.661696098E1
2.792000000E1	1.053607006E1	2.654367115E1
2.796000000E1	1.054517599E1	2.650457718E1
2.800000000E1	1.057102662E1	2.649563451E1
2.804000000E1	1.058093417E1	2.650521959E1
2.808000000E1	1.061418836E1	2.652310024E1
2.812000000E1	1.075938505E1	2.664877139E1
2.816000000E1	1.113945562E1	2.682743992E1
2.820000000E1	1.158423963E1	2.706729024E1
2.824000000E1	1.206621251E1	2.737226874E1
2.828000000E1	1.267378619E1	2.770986544E1
2.832000000E1	1.344049912E1	2.813626490E1
2.836000000E1	1.432049518E1	2.859874240E1
2.840000000E1	1.520652517E1	2.907798195E1
2.844000000E1	1.613006198E1	2.958632956E1
2.848000000E1	1.697116535E1	3.007010119E1
2.852000000E1	1.779929911E1	3.049846895E1
2.856000000E1	1.853808130E1	3.084292897E1
2.860000000E1	1.915510528E1	3.119766282E1
2.864000000E1	1.969014076E1	3.144882135E1
2.868000000E1	2.014074837E1	3.169216853E1
2.872000000E1	2.045616824E1	3.183915699E1
2.876000000E1	2.061374717E1	3.191342260E1
2.880000000E1	2.072131955E1	3.196744820E1
2.884000000E1	2.077027520E1	3.193530366E1
2.888000000E1	2.077983173E1	3.190042708E1
2.892000000E1	2.078600544E1	3.186068340E1
2.896000000E1	2.078948352E1	3.185532226E1
2.900000000E1	2.080062569E1	3.184967916E1
2.904000000E1	2.077068590E1	3.187709879E1
2.908000000E1	2.075384495E1	3.189292202E1
2.912000000E1	2.061898916E1	3.189178615E1
2.916000000E1	2.039820760E1	3.187197843E1
2.920000000E1	2.002551432E1	3.174739466E1
2.924000000E1	1.945546331E1	3.153124952E1
2.928000000E1	1.882255301E1	3.131644493E1
2.932000000E1	1.809779518E1	3.100250306E1
2.936000000E1	1.717176159E1	3.067032862E1
2.940000000E1	1.627721507E1	3.027746293E1
2.944000000E1	1.535104412E1	2.977555237E1
2.948000000E1	1.434484909E1	2.920595221E1
2.952000000E1	1.343625807E1	2.866042370E1
2.956000000E1	1.269227107E1	2.821542566E1
2.960000000E1	1.211818253E1	2.780098832E1
2.964000000E1	1.149652979E1	2.747630319E1
2.968000000E1	1.087151080E1	2.711654735E1
2.972000000E1	1.043979188E1	2.684191919E1
2.976000000E1	1.017410934E1	2.664840668E1
2.980000000E1	1.002191697E1	2.659586887E1
2.984000000E1	9.980781060E0	2.660661797E1
2.988000000E1	9.976998439E0	2.659208373E1
2.992000000E1	9.990059426E0	2.648478227E1
2.996000000E1	1.000146635E1	2.635227240E1
3.000000000E1	9.966170379E0	2.626573886E1
3.004000000E1	9.991915598E0	2.622301313E1
3.008000000E1	1.010939314E1	2.632217687E1
3.012000000E1	1.017359980E1	2.635084165E1
3.016000000E1	1.037412685E1	2.650128889E1
3.020000000E1	1.059324973E1	2.664314559E1
3.024000000E1	1.099383693E1	2.683894391E1
3.028000000E1	1.159915405E1	2.709078626E1
3.032000000E1	1.236375924E1	2.744088270E1
3.036000000E1	1.333813803E1	2.783947366E1
3.040000000E1	1.443605057E1	2.841120583E1
3.044000000E1	1.552271903E1	2.895774754E1
3.048000000E1	1.666478504E1	2.950911169E1
3.052000000E1	1.774980455E1	3.004573627E1
3.056000000E1	1.868992360E1	3.047894618E1
3.060000000E1	1.943769199E1	3.079521968E1
3.064000000E1	1.999463910E1	3.100100823E1
3.068000000E1	2.034836113E1	3.113370616E1
3.072000000E1	2.051935336E1	3.122224546E1
3.076000000E1	2.051512724E1	3.127929712E1
3.080000000E1	2.050858898E1	3.131086967E1
3.084000000E1	2.048163478E1	3.132476154E1
3.088000000E1	2.045435318E1	3.132210449E1
3.092000000E1	2.044799454E1	3.132177058E1
3.096000000E1	2.043949922E1	3.131905293E1
3.100000000E1	2.042866101E1	3.130381209E1
3.104000000E1	2.039097856E1	3.130027844E1
3.108000000E1	2.031144817E1	3.129943068E1
3.112000000E1	2.013999440E1	3.129608912E1
3.116000000E1	1.979046960E1	3.123024337E1
3.120000000E1	1.927387517E1	3.118050323E1
3.124000000E1	1.853038961E1	3.101960829E1
3.128000000E1	1.778208172E1	3.083939227E1
3.132000000E1	1.693855007E1	3.049107698E1
3.136000000E1	1.594544368E1	3.011381953E1
3.140000000E1	1.507225739E1	2.962531675E1
3.144000000E1	1.421684462E1	2.913092875E1
3.148000000E1	1.348417825E1	2.870093531E1
3.152000000E1	1.279473046E1	2.839081624E1
3.156000000E1	1.219625933E1	2.815295167E1
3.160000000E1	1.162697926E1	2.786807988E1
3.164000000E1	1.113524667E1	2.766939104E1
3.168000000E1	1.073929786E1	2.750523915E1
3.172000000E1	1.045601644E1	2.737732833E1
3.176000000E1	1.028251594E1	2.736375449E1
3.180000000E1	1.019431434E1	2.725126458E1
3.184000000E1	1.020087169E1	2.725933167E1
3.188000000E1	1.027233648E1	2.721009091E1
3.192000000E1	1.030790802E1	2.719470281E1
3.196000000E1	1.037821751E1	2.724504738E1
3.200000000E1	1.041750195E1	2.725729353E1
3.204000000E1	1.049260197E1	2.726421533E1
3.208000000E1	1.068458035E1	2.740168043E1
3.212000000E1	1.111308656E1	2.767663184E1
3.216000000E1	1.170399094E1	2.799183962E1
3.220000000E1	1.248772789E1	2.839879080E1
3.224000000E1	1.346931199E1	2.883589963E1
3.228000000E1	1.455027942E1	2.937185101E1
3.232000000E1	1.568703152E1	2.986762871E1
3.236000000E1	1.678996273E1	3.042552218E1
3.240000000E1	1.784069104E1	3.098182106E1
3.244000000E1	1.875744417E1	3.142918392E1
3.248000000E1	1.955714272E1	3.173854605E1
3.252000000E1	2.017975675E1	3.202290585E1
3.256000000E1	2.062186733E1	3.218362787E1
3.260000000E1	2.087524502E1	3.222170820E1
3.264000000E1	2.100980994E1	3.223500188E1
3.268000000E1	2.105632174E1	3.222471546E1
3.272000000E1	2.104649774E1	3.220153837E1
3.276000000E1	2.104096395E1	3.220290594E1
3.280000000E1	2.103580677E1	3.220934818E1
3.284000000E1	2.103419475E1	3.221470637E1
3.288000000E1	2.102104131E1	3.221999563E1
3.292000000E1	2.090372070E1	3.219442982E1
3.296000000E1	2.061779824E1	3.211026825E1
3.300000000E1	2.016675957E1	3.194607196E1
3.304000000E1	1.957659265E1	3.176358485E1
3.308000000E1	1.893252389E1	3.152834149E1
3.312000000E1	1.813374320E1	3.126251411E1
3.316000000E1	1.729963017E1	3.097938762E1
3.320000000E1	1.642016939E1	3.052210231E1
3.324000000E1	1.549415516E1	3.008998312E1
3.328000000E1	1.464206932E1	2.965138986E1
3.332000000E1	1.384174754E1	2.930523159E1
3.336000000E1	1.319195754E1	2.889427989E1
3.340000000E1	1.252983020E1	2.848998261E1
3.344000000E1	1.206266395E1	2.814973579E1
3.348000000E1	1.163808774E1	2.780020522E1
3.352000000E1	1.130765258E1	2.755526035E1
3.356000000E1	1.114575719E1	2.731314937E1
3.360000000E1	1.104125068E1	2.724308007E1
3.364000000E1	1.093551888E1	2.710310418E1
3.368000000E1	1.085969519E1	2.697905409E1
3.372000000E1	1.084629775E1	2.692668415E1
3.376000000E1	1.084525829E1	2.681484766E1
3.380000000E1	1.087556790E1	2.681872707E1
3.384000000E1	1.102489290E1	2.693633996E1
3.388000000E1	1.126671239E1	2.708172899E1
3.392000000E1	1.160310803E1	2.723773818E1
3.396000000E1	1.206356702E1	2.748271390E1
3.400000000E1	1.266072050E1	2.781809415E1
3.404000000E1	1.340638683E1	2.818991534E1
3.408000000E1	1.432110421E1	2.863119220E1
3.412000000E1	1.540999780E1	2.912128249E1
3.416000000E1	1.645724977E1	2.969158670E1
3.420000000E1	1.749527416E1	3.016244942E1
3.424000000E1	1.855500820E1	3.066968579E1
3.428000000E1	1.944973460E1	3.110084775E1
3.432000000E1	2.025550034E1	3.145771279E1
3.436000000E1	2.096892254E1	3.172949919E1
3.440000000E1	2.158684591E1	3.199679226E1
3.444000000E1	2.212475360E1	3.218863858E1
3.448000000E1	2.244949447E1	3.219363950E1
3.452000000E1	2.262144971E1	3.220184897E1
3.456000000E1	2.264917803E1	3.219273630E1
3.460000000E1	2.257905821E1	3.220448165E1
3.464000000E1	2.250318204E1	3.222116440E1
3.468000000E1	2.241642954E1	3.230742864E1
3.472000000E1	2.235133678E1	3.231181356E1
3.476000000E1	2.223707756E1	3.232224977E1
3.480000000E1	2.197539378E1	3.226171673E1
3.484000000E1	2.153055165E1	3.215701014E1
3.488000000E1	2.088447625E1	3.190630510E1
3.492000000E1	2.009144628E1	3.161558182E1
3.496000000E1	1.923019610E1	3.129415583E1
3.500000000E1	1.824938534E1	3.097399897E1
3.504000000E1	1.719205701E1	3.065258326E1
3.508000000E1	1.598420989E1	3.032088627E1
3.512000000E1	1.491328309E1	2.993637837E1
3.516000000E1	1.388195501E1	2.941048381E1
3.520000000E1	1.292431367E1	2.885838165E1
3.524000000E1	1.208296391E1	2.843845618E1
3.528000000E1	1.130942447E1	2.799703426E1
3.532000000E1	1.071386688E1	2.768865261E1
3.536000000E1	1.023985717E1	2.738797829E1
3.540000000E1	9.958124402E0	2.718237435E1
3.544000000E1	9.816271018E0	2.700929265E1
3.548000000E1	9.794893217E0	2.682492187E1
3.552000000E1	9.817403216E0	2.664103880E1
3.556000000E1	9.848200662E0	2.647644200E1
3.560000000E1	9.961679905E0	2.630630958E1
3.564000000E1	9.972903537E0	2.620050244E1
3.568000000E1	9.985080144E0	2.615577607E1
3.572000000E1	9.975886552E0	2.610455838E1
3.576000000E1	9.971575886E0	2.608655152E1
3.580000000E1	9.969195437E0	2.608082918E1
3.584000000E1	9.980230575E0	2.606649766E1
3.588000000E1	9.987229114E0	2.605807297E1
3.592000000E1	9.977258295E0	2.605115946E1
3.596000000E1	9.972926269E0	2.604860272E1
3.600000000E1	9.972019207E0	2.604407971E1
3.604000000E1	9.972813808E0	2.603307130E1
3.608000000E1	9.973636384E0	2.601667164E1
3.612000000E1	9.975156121E0	2.602247427E1
3.616000000E1	9.979754327E0	2.602159154E1
3.620000000E1	9.979872762E0	2.602039184E1
3.624000000E1	9.980239625E0	2.601356531E1
3.628000000E1	9.973680591E0	2.601959608E1
3.632000000E1	9.968624574E0	2.602180969E1
3.636000000E1	9.971050948E0	2.602240040E1
3.640000000E1	9.972489576E0	2.602233558E1
3.644000000E1	9.971775131E0	2.603787479E1
3.648000000E1	9.971461792E0	2.604414446E1
3.652000000E1	9.970121428E0	2.604661512E1
3.656000000E1	9.971865773E0	2.604781976E1
3.660000000E1	9.971884111E0	2.604865897E1
3.664000000E1	9.971929033E0	2.604916136E1
3.668000000E1	9.974504856E0	2.604529155E1
3.672000000E1	9.976884145E0	2.604253267E1
3.676000000E1	9.979087966E0	2.604071224E1
3.680000000E1	9.981236663E0	2.603925099E1
3.684000000E1	9.979335797E0	2.603657088E1
3.688000000E1	9.978135545E0	2.603452012E1
3.692000000E1	9.981354656E0	2.603036024E1
3.696000000E1	9.984345660E0	2.602587069E1
