axel
t	x	y
0.000000000E0	8.680091533E0	2.708787185E1
4.000000000E-2	8.680823326E0	2.709057904E1
8.000000000E-2	8.708012677E0	2.719591851E1
1.200000000E-1	8.797963683E0	2.725471677E1
1.600000000E-1	8.775471551E0	2.728306511E1
2.000000000E-1	8.567685537E0	2.725530824E1
2.400000000E-1	8.349000277E0	2.720901452E1
2.800000000E-1	8.246060363E0	2.712886099E1
3.200000000E-1	8.253845041E0	2.700356107E1
3.600000000E-1	8.373227538E0	2.692513435E1
4.000000000E-1	8.555821578E0	2.682074880E1
4.400000000E-1	8.773736579E0	2.669564687E1
4.800000000E-1	8.870299744E0	2.665685386E1
5.200000000E-1	8.837698535E0	2.662661787E1
5.600000000E-1	8.799580499E0	2.660728900E1
6.000000000E-1	8.814718554E0	2.662612397E1
6.400000000E-1	8.838208361E0	2.662995369E1
6.800000000E-1	8.993574837E0	2.664009519E1
7.200000000E-1	9.182638701E0	2.663110266E1
7.600000000E-1	9.426096418E0	2.658301292E1
8.000000000E-1	9.709535768E0	2.649559110E1
8.400000000E-1	9.995319796E0	2.634577675E1
8.800000000E-1	1.020871690E1	2.618716265E1
9.200000000E-1	1.020257599E1	2.602551752E1
9.600000000E-1	1.016399114E1	2.590152469E1
1.000000000E0	1.004827961E1	2.586844002E1
1.040000000E0	1.002133946E1	2.580060893E1
1.080000000E0	1.005006593E1	2.574804259E1
1.120000000E0	1.016014833E1	2.574298025E1
1.160000000E0	1.017566391E1	2.583508964E1
1.200000000E0	1.017052761E1	2.592683629E1
1.240000000E0	1.016353482E1	2.602900715E1
1.280000000E0	1.016794171E1	2.614546664E1
1.320000000E0	1.023258693E1	2.634394959E1
1.360000000E0	1.038434952E1	2.649282782E1
1.400000000E0	1.057385171E1	2.663024319E1
1.440000000E0	1.078440158E1	2.676158211E1
1.480000000E0	1.104129716E1	2.694304539E1
1.520000000E0	1.136226203E1	2.714302288E1
1.560000000E0	1.192755048E1	2.754650403E1
1.600000000E0	1.286226260E1	2.817330150E1
1.640000000E0	1.400340150E1	2.902085849E1
1.680000000E0	1.551158297E1	2.994036996E1
1.720000000E0	1.750983350E1	3.088378852E1
1.760000000E0	2.000753952E1	3.183416272E1
1.800000000E0	2.284622003E1	3.277289545E1
1.840000000E0	2.575084403E1	3.342645388E1
1.880000000E0	2.760225790E1	3.379338521E1
1.920000000E0	2.830309188E1	3.412971276E1
1.960000000E0	2.843378363E1	3.472518275E1
2.000000000E0	2.797115776E1	3.503472583E1
2.040000000E0	2.708029451E1	3.505431126E1
2.080000000E0	2.604473370E1	3.496941975E1
2.120000000E0	2.506882174E1	3.475822046E1
2.160000000E0	2.420384431E1	3.459841330E1
2.200000000E0	2.340614598E1	3.445890317E1
2.240000000E0	2.271708241E1	3.436117755E1
2.280000000E0	2.133918139E1	3.398596839E1
2.320000000E0	2.136615976E1	3.398006911E1
2.360000000E0	2.068042055E1	3.370089751E1
2.400000000E0	2.004047854E1	3.351182698E1
2.440000000E0	1.928592879E1	3.320789482E1
2.480000000E0	1.853126141E1	3.289154026E1
2.520000000E0	1.767246297E1	3.246418657E1
2.560000000E0	1.676049998E1	3.201110688E1
2.600000000E0	1.594272456E1	3.155972189E1
2.640000000E0	1.494617992E1	3.112807979E1
2.680000000E0	1.402421925E1	3.081687586E1
2.720000000E0	1.329231403E1	3.051915227E1
2.760000000E0	1.258554591E1	3.011830480E1
2.800000000E0	1.181936368E1	2.965547472E1
2.840000000E0	1.118476336E1	2.929945787E1
2.880000000E0	1.062552956E1	2.898219859E1
2.920000000E0	1.029696423E1	2.877334613E1
2.960000000E0	1.022032777E1	2.868217790E1
3.000000000E0	1.017394518E1	2.861035460E1
3.040000000E0	1.017065570E1	2.845191202E1
3.080000000E0	1.024173377E1	2.832121399E1
3.120000000E0	1.030523682E1	2.820311885E1
3.160000000E0	1.032074458E1	2.803668114E1
3.200000000E0	1.031832699E1	2.797256310E1
3.240000000E0	1.030554965E1	2.787309283E1
3.280000000E0	1.027346144E1	2.784448561E1
3.320000000E0	1.020462578E1	2.785426807E1
3.360000000E0	1.014304208E1	2.800345652E1
3.400000000E0	1.000736522E1	2.814127918E1
3.440000000E0	9.736893280E0	2.822542605E1
3.480000000E0	9.424942483E0	2.827740952E1
3.520000000E0	9.088742777E0	2.826445940E1
3.560000000E0	8.799807873E0	2.817729420E1
3.600000000E0	8.541579373E0	2.811417526E1
3.640000000E0	8.303996258E0	2.808161879E1
3.680000000E0	7.951793178E0	2.803931892E1
3.720000000E0	7.678628768E0	2.798467866E1
3.760000000E0	7.381282426E0	2.794884561E1
3.800000000E0	7.050013270E0	2.792058418E1
3.840000000E0	6.770145512E0	2.795853498E1
3.880000000E0	6.518313391E0	2.798237328E1
3.920000000E0	6.324207745E0	2.798514412E1
3.960000000E0	6.151178803E0	2.798633205E1
4.000000000E0	6.045645756E0	2.798385861E1
4.040000000E0	5.991394985E0	2.798460423E1
4.080000000E0	6.094000666E0	2.798319460E1
4.120000000E0	6.148687494E0	2.797720458E1
4.160000000E0	6.278100814E0	2.800086538E1
4.200000000E0	6.375306359E0	2.812071746E1
4.240000000E0	6.441567659E0	2.813887619E1
4.280000000E0	6.448886581E0	2.811571117E1
4.320000000E0	6.413971974E0	2.802707271E1
4.360000000E0	6.290160806E0	2.810789178E1
4.400000000E0	6.182800698E0	2.816905613E1
4.440000000E0	6.114840191E0	2.830602967E1
4.480000000E0	6.087975179E0	2.833585690E1
4.520000000E0	6.064713609E0	2.829057448E1
4.560000000E0	6.118398200E0	2.817194903E1
4.600000000E0	6.169961518E0	2.798753771E1
4.640000000E0	6.283269364E0	2.785874967E1
4.680000000E0	6.383934655E0	2.795792510E1
4.720000000E0	6.442109083E0	2.813904778E1
4.760000000E0	6.566685416E0	2.828446565E1
4.800000000E0	6.695975370E0	2.837953052E1
4.840000000E0	6.741416561E0	2.841904476E1
4.880000000E0	6.769821765E0	2.841101159E1
4.920000000E0	6.882912758E0	2.835899702E1
4.960000000E0	7.053162520E0	2.827872558E1
5.000000000E0	7.305066130E0	2.816484040E1
5.040000000E0	7.617025912E0	2.814813264E1
5.080000000E0	7.961384984E0	2.812292092E1
5.120000000E0	8.397363783E0	2.811979121E1
5.160000000E0	8.934808569E0	2.816434366E1
5.200000000E0	9.426770430E0	2.830843551E1
5.240000000E0	9.749828535E0	2.846697253E1
5.280000000E0	1.006795059E1	2.862932282E1
5.320000000E0	1.063644627E1	2.888953425E1
5.360000000E0	1.142368901E1	2.921301484E1
5.400000000E0	1.258075569E1	2.974509488E1
5.440000000E0	1.418928144E1	3.031945274E1
5.480000000E0	1.628173532E1	3.099048627E1
5.520000000E0	1.873953094E1	3.168273133E1
5.560000000E0	2.137124283E1	3.232375896E1
5.600000000E0	2.419883935E1	3.264556464E1
5.640000000E0	2.647353658E1	3.300281591E1
5.680000000E0	2.781589285E1	3.313356664E1
5.720000000E0	2.830935461E1	3.349774926E1
5.760000000E0	2.827207042E1	3.388781702E1
5.800000000E0	2.785413407E1	3.411120358E1
5.840000000E0	2.729525687E1	3.423127031E1
5.880000000E0	2.667201920E1	3.426938466E1
5.920000000E0	2.602983555E1	3.427739634E1
5.960000000E0	2.533199513E1	3.427480519E1
6.000000000E0	2.460347412E1	3.420538255E1
6.040000000E0	2.384864825E1	3.408755004E1
6.080000000E0	2.303716995E1	3.381585414E1
6.120000000E0	2.225345558E1	3.354345104E1
6.160000000E0	2.139826834E1	3.324020790E1
6.200000000E0	2.053572573E1	3.290987578E1
6.240000000E0	1.948488502E1	3.249603162E1
6.280000000E0	1.847717784E1	3.204589491E1
6.320000000E0	1.744360077E1	3.152083744E1
6.360000000E0	1.634550021E1	3.105631099E1
6.400000000E0	1.531647865E1	3.058506775E1
6.440000000E0	1.424217793E1	3.019942159E1
6.480000000E0	1.326173798E1	2.989211514E1
6.520000000E0	1.242204174E1	2.958271741E1
6.560000000E0	1.177089298E1	2.929563520E1
6.600000000E0	1.132106653E1	2.905583584E1
6.640000000E0	1.092230174E1	2.893125272E1
6.680000000E0	1.062201981E1	2.871261694E1
6.720000000E0	1.048120903E1	2.856277535E1
6.760000000E0	1.040676963E1	2.833079019E1
6.800000000E0	1.033162904E1	2.814914632E1
6.840000000E0	1.031921457E1	2.800458537E1
6.880000000E0	1.031595166E1	2.797427301E1
6.920000000E0	1.029665030E1	2.795661710E1
6.960000000E0	1.027245366E1	2.789534425E1
7.000000000E0	1.027328346E1	2.781583473E1
7.040000000E0	1.024778463E1	2.777016021E1
7.080000000E0	1.019915588E1	2.775106404E1
7.120000000E0	1.019448947E1	2.771688702E1
7.160000000E0	1.019159754E1	2.770422263E1
7.200000000E0	1.018343443E1	2.770123880E1
7.240000000E0	1.019911664E1	2.771633910E1
7.280000000E0	1.029037843E1	2.773680022E1
7.320000000E0	1.038890431E1	2.781068267E1
7.360000000E0	1.081400019E1	2.810750183E1
7.400000000E0	1.079520323E1	2.812275091E1
7.440000000E0	1.122674497E1	2.831183419E1
7.480000000E0	1.183540155E1	2.855447042E1
7.520000000E0	1.245091727E1	2.884018769E1
7.560000000E0	1.314633082E1	2.919573916E1
7.600000000E0	1.411263020E1	2.968051436E1
7.640000000E0	1.552567447E1	3.019789396E1
7.680000000E0	1.735067054E1	3.081449918E1
7.720000000E0	1.946896514E1	3.145726697E1
7.760000000E0	2.179463865E1	3.216708855E1
7.800000000E0	2.367687809E1	3.257651374E1
7.840000000E0	2.469615047E1	3.279016848E1
7.880000000E0	2.493904257E1	3.300347477E1
7.920000000E0	2.468132646E1	3.322975376E1
7.960000000E0	2.347820651E1	3.324020892E1
8.000000000E0	2.348633068E1	3.322751273E1
8.040000000E0	2.286105256E1	3.313022046E1
8.080000000E0	2.221006271E1	3.301812050E1
8.120000000E0	2.140756439E1	3.293606359E1
8.160000000E0	2.062610100E1	3.272702600E1
8.200000000E0	1.988384329E1	3.245995702E1
8.240000000E0	1.908244787E1	3.215187618E1
8.280000000E0	1.814055144E1	3.173709808E1
8.320000000E0	1.724242631E1	3.131522412E1
8.360000000E0	1.623024787E1	3.079451093E1
8.400000000E0	1.508516338E1	3.025665294E1
8.440000000E0	1.417293348E1	2.972681093E1
8.480000000E0	1.332806924E1	2.927934796E1
8.520000000E0	1.264461551E1	2.887323975E1
8.560000000E0	1.197629374E1	2.855353291E1
8.600000000E0	1.146948173E1	2.835307353E1
8.640000000E0	1.118744559E1	2.816982826E1
8.680000000E0	1.103158046E1	2.798556656E1
8.720000000E0	1.105301134E1	2.797984674E1
8.760000000E0	1.107599986E1	2.794968116E1
8.800000000E0	1.116023744E1	2.789535996E1
8.840000000E0	1.121448896E1	2.781759195E1
8.880000000E0	1.119550479E1	2.777926475E1
8.920000000E0	1.116345161E1	2.772169623E1
8.960000000E0	1.110244872E1	2.766814318E1
9.000000000E0	1.104880732E1	2.764963322E1
9.040000000E0	1.103713783E1	2.764089426E1
9.080000000E0	1.104559593E1	2.763075692E1
9.120000000E0	1.104132979E1	2.763483716E1
9.160000000E0	1.103499110E1	2.763365701E1
9.200000000E0	1.105480324E1	2.763315036E1
9.240000000E0	1.106267788E1	2.763717587E1
9.280000000E0	1.106290046E1	2.766438569E1
9.320000000E0	1.107191199E1	2.768419768E1
9.360000000E0	1.109646021E1	2.770738327E1
9.400000000E0	1.118117429E1	2.779972538E1
9.440000000E0	1.124899630E1	2.788518401E1
9.480000000E0	1.139428385E1	2.803850754E1
9.520000000E0	1.153093660E1	2.814368966E1
9.560000000E0	1.167064236E1	2.828577450E1
9.600000000E0	1.182647478E1	2.844040439E1
9.640000000E0	1.208674353E1	2.873014182E1
9.680000000E0	1.256208329E1	2.907124367E1
9.720000000E0	1.332066571E1	2.958918946E1
9.760000000E0	1.434713984E1	3.025681806E1
9.800000000E0	1.563003007E1	3.101723312E1
9.840000000E0	1.729740223E1	3.169120734E1
9.880000000E0	1.965106057E1	3.234832913E1
9.920000000E0	2.221134084E1	3.307974697E1
9.960000000E0	2.437259234E1	3.336257693E1
1.000000000E1	2.617275314E1	3.364670557E1
1.004000000E1	2.618232213E1	3.366331222E1
1.008000000E1	2.628520167E1	3.399487524E1
1.012000000E1	2.605920142E1	3.410723180E1
1.016000000E1	2.567326736E1	3.412359092E1
1.020000000E1	2.530726393E1	3.421873956E1
1.024000000E1	2.498601788E1	3.425396011E1
1.028000000E1	2.468061013E1	3.426533539E1
1.032000000E1	2.437438570E1	3.427964212E1
1.036000000E1	2.394081067E1	3.427012453E1
1.040000000E1	2.339436461E1	3.416596850E1
1.044000000E1	2.276867850E1	3.399794509E1
1.048000000E1	2.202388973E1	3.383886861E1
1.052000000E1	2.044774376E1	3.331547023E1
1.056000000E1	2.048159883E1	3.335535021E1
1.060000000E1	1.965999711E1	3.308496419E1
1.064000000E1	1.883140573E1	3.276206417E1
1.068000000E1	1.792092662E1	3.245128238E1
1.072000000E1	1.708631272E1	3.207356830E1
1.076000000E1	1.623962356E1	3.156196399E1
1.080000000E1	1.539266122E1	3.111735928E1
1.084000000E1	1.463946370E1	3.074574755E1
1.088000000E1	1.391806862E1	3.037289586E1
1.092000000E1	1.328201246E1	3.004873772E1
1.096000000E1	1.210999911E1	2.939240567E1
1.100000000E1	1.211792613E1	2.933919766E1
1.104000000E1	1.167732009E1	2.905327952E1
1.108000000E1	1.122539163E1	2.875598878E1
1.112000000E1	1.092359164E1	2.851366404E1
1.116000000E1	1.037681646E1	2.813802964E1
1.120000000E1	1.034094262E1	2.813267167E1
1.124000000E1	1.028053284E1	2.800016745E1
1.128000000E1	1.024326880E1	2.783528305E1
1.132000000E1	1.019911189E1	2.769868520E1
1.136000000E1	1.027043125E1	2.766663897E1
1.140000000E1	1.033778581E1	2.764048975E1
1.144000000E1	1.045824970E1	2.767800807E1
1.148000000E1	1.049301808E1	2.767553633E1
1.152000000E1	1.078037613E1	2.777466521E1
1.156000000E1	1.077646062E1	2.781155705E1
1.160000000E1	1.101834797E1	2.797802032E1
1.164000000E1	1.125132064E1	2.805176256E1
1.168000000E1	1.151240222E1	2.815928165E1
1.172000000E1	1.182005704E1	2.829060517E1
1.176000000E1	1.213100763E1	2.856139974E1
1.180000000E1	1.243661905E1	2.875701477E1
1.184000000E1	1.287030551E1	2.914025115E1
1.188000000E1	1.353985555E1	2.950102968E1
1.192000000E1	1.447688485E1	3.009029095E1
1.196000000E1	1.578799884E1	3.095640395E1
1.200000000E1	1.747740471E1	3.184542036E1
1.204000000E1	1.951073920E1	3.269178606E1
1.208000000E1	2.172662563E1	3.332542896E1
1.212000000E1	2.377983132E1	3.376565218E1
1.216000000E1	2.515527822E1	3.403344145E1
1.220000000E1	2.566832267E1	3.420864816E1
1.224000000E1	2.571824051E1	3.454539607E1
1.228000000E1	2.539623006E1	3.459259432E1
1.232000000E1	2.477926440E1	3.452904443E1
1.236000000E1	2.413024073E1	3.456776077E1
1.240000000E1	2.348413280E1	3.465316335E1
1.244000000E1	2.286969970E1	3.477469849E1
1.248000000E1	2.225384177E1	3.481171406E1
1.252000000E1	2.169133063E1	3.485658826E1
1.256000000E1	2.110290826E1	3.475122225E1
1.260000000E1	2.051294571E1	3.466889597E1
1.264000000E1	1.998047743E1	3.453840690E1
1.268000000E1	1.944649716E1	3.440411324E1
1.272000000E1	1.891789149E1	3.420996643E1
1.276000000E1	1.828426611E1	3.392259141E1
1.280000000E1	1.770118696E1	3.359235016E1
1.284000000E1	1.704029035E1	3.320162960E1
1.288000000E1	1.644224034E1	3.287147079E1
1.292000000E1	1.584143615E1	3.246541748E1
1.296000000E1	1.460274585E1	3.152955632E1
1.300000000E1	1.464311736E1	3.154779435E1
1.304000000E1	1.409943688E1	3.111270850E1
1.308000000E1	1.356629663E1	3.075793443E1
1.312000000E1	1.319396754E1	3.047495647E1
1.316000000E1	1.283818613E1	3.022311039E1
1.320000000E1	1.257024606E1	3.002672766E1
1.324000000E1	1.240706548E1	2.988110116E1
1.328000000E1	1.235596746E1	2.975987923E1
1.332000000E1	1.240283024E1	2.975080076E1
1.336000000E1	1.241524755E1	2.964639595E1
1.340000000E1	1.241885752E1	2.956501039E1
1.344000000E1	1.242327730E1	2.953050918E1
1.348000000E1	1.241509250E1	2.940904249E1
1.352000000E1	1.239126422E1	2.935345627E1
1.356000000E1	1.237042298E1	2.933756210E1
1.360000000E1	1.236246442E1	2.934916046E1
1.364000000E1	1.238012232E1	2.932458157E1
1.368000000E1	1.238323829E1	2.933219037E1
1.372000000E1	1.240599099E1	2.932850529E1
1.376000000E1	1.242032327E1	2.932580945E1
1.380000000E1	1.242586889E1	2.932427079E1
1.384000000E1	1.242160888E1	2.932552640E1
1.388000000E1	1.241951110E1	2.932773115E1
1.392000000E1	1.241930360E1	2.933140623E1
1.396000000E1	1.242275463E1	2.933811433E1
1.400000000E1	1.246575349E1	2.943047758E1
1.404000000E1	1.252562925E1	2.957852422E1
1.408000000E1	1.267194743E1	2.963132300E1
1.412000000E1	1.285334598E1	2.970399651E1
1.416000000E1	1.304047605E1	2.986981692E1
1.420000000E1	1.332940290E1	3.010258107E1
1.424000000E1	1.383204247E1	3.043769601E1
1.428000000E1	1.452370892E1	3.084667913E1
1.432000000E1	1.543958272E1	3.141057023E1
1.436000000E1	1.652569673E1	3.208621368E1
1.440000000E1	1.819325374E1	3.273766498E1
1.444000000E1	2.074961338E1	3.352677202E1
1.448000000E1	2.357728627E1	3.413700138E1
1.452000000E1	2.557069319E1	3.441819982E1
1.456000000E1	2.669289265E1	3.532281183E1
1.460000000E1	2.665138784E1	3.532030569E1
1.464000000E1	2.646716431E1	3.561512085E1
1.468000000E1	2.604713914E1	3.566457312E1
1.472000000E1	2.553550581E1	3.571486442E1
1.476000000E1	2.514903808E1	3.581724573E1
1.480000000E1	2.469885115E1	3.581128716E1
1.484000000E1	2.425668877E1	3.580082772E1
1.488000000E1	2.378933463E1	3.576313521E1
1.492000000E1	2.331400235E1	3.558312162E1
1.496000000E1	2.279338994E1	3.537808707E1
1.500000000E1	2.215717081E1	3.503091906E1
1.504000000E1	2.150487491E1	3.468686104E1
1.508000000E1	2.080497643E1	3.427308226E1
1.512000000E1	1.995662464E1	3.383118711E1
1.516000000E1	1.912844827E1	3.335115351E1
1.520000000E1	1.823228575E1	3.280976739E1
1.524000000E1	1.732375579E1	3.234113559E1
1.528000000E1	1.642246379E1	3.182383184E1
1.532000000E1	1.546774580E1	3.130766072E1
1.536000000E1	1.454778588E1	3.073236498E1
1.540000000E1	1.372700684E1	3.022111936E1
1.544000000E1	1.299361123E1	2.985835363E1
1.548000000E1	1.246375046E1	2.956478836E1
1.552000000E1	1.200727543E1	2.926807181E1
1.556000000E1	1.167234923E1	2.901974703E1
1.560000000E1	1.150562604E1	2.876601578E1
1.564000000E1	1.138572416E1	2.858251453E1
1.568000000E1	1.137927577E1	2.846887941E1
1.572000000E1	1.137266710E1	2.837017728E1
1.576000000E1	1.137754759E1	2.835534738E1
1.580000000E1	1.146185319E1	2.829931257E1
1.584000000E1	1.147602134E1	2.827635364E1
1.588000000E1	1.149023094E1	2.827323670E1
1.592000000E1	1.151190217E1	2.828093633E1
1.596000000E1	1.152820373E1	2.828341191E1
1.600000000E1	1.163997750E1	2.831118630E1
1.604000000E1	1.182119318E1	2.844470226E1
1.608000000E1	1.206841895E1	2.858293273E1
1.612000000E1	1.240359323E1	2.877893278E1
1.616000000E1	1.270918578E1	2.888663202E1
1.620000000E1	1.300719373E1	2.905360806E1
1.624000000E1	1.343606331E1	2.930136095E1
1.628000000E1	1.407944433E1	2.965755694E1
1.632000000E1	1.501056449E1	3.015761457E1
1.636000000E1	1.629778272E1	3.091464662E1
1.640000000E1	1.783161213E1	3.179734958E1
1.644000000E1	1.949853465E1	3.250252788E1
1.648000000E1	2.136602887E1	3.312491129E1
1.652000000E1	2.307195564E1	3.358523375E1
1.656000000E1	2.397064826E1	3.378744527E1
1.660000000E1	2.426618202E1	3.422993468E1
1.664000000E1	2.428364738E1	3.457929100E1
1.668000000E1	2.399175658E1	3.477319133E1
1.672000000E1	2.363921347E1	3.486776744E1
1.676000000E1	2.335222157E1	3.499798774E1
1.680000000E1	2.318363070E1	3.502271860E1
1.684000000E1	2.302549695E1	3.502647032E1
1.688000000E1	2.286517841E1	3.501653967E1
1.692000000E1	2.260604815E1	3.497651633E1
1.696000000E1	2.231575915E1	3.488138600E1
1.700000000E1	2.191872641E1	3.472570391E1
1.704000000E1	2.141219269E1	3.450297710E1
1.708000000E1	2.083357157E1	3.427984491E1
1.712000000E1	2.021565904E1	3.400949445E1
1.716000000E1	1.962082687E1	3.373551313E1
1.720000000E1	1.896222344E1	3.340011432E1
1.724000000E1	1.822206571E1	3.304941299E1
1.728000000E1	1.751243574E1	3.267039213E1
1.732000000E1	1.684308112E1	3.213960908E1
1.736000000E1	1.600881095E1	3.163873504E1
1.740000000E1	1.515171629E1	3.113579275E1
1.744000000E1	1.444936739E1	3.068947350E1
1.748000000E1	1.367207237E1	3.025279116E1
1.752000000E1	1.304013756E1	2.992821823E1
1.756000000E1	1.255118870E1	2.956469066E1
1.760000000E1	1.216829245E1	2.926874364E1
1.764000000E1	1.183651947E1	2.905267066E1
1.768000000E1	1.158401566E1	2.886171366E1
1.772000000E1	1.141048755E1	2.871194585E1
1.776000000E1	1.134478199E1	2.857840754E1
1.780000000E1	1.136463112E1	2.848710342E1
1.784000000E1	1.138968934E1	2.840463942E1
1.788000000E1	1.138592604E1	2.840400109E1
1.792000000E1	1.141089045E1	2.841263017E1
1.796000000E1	1.143101065E1	2.842886757E1
1.800000000E1	1.148773353E1	2.845389297E1
1.804000000E1	1.153330910E1	2.848706326E1
1.808000000E1	1.165148891E1	2.856165770E1
1.812000000E1	1.179179727E1	2.866791658E1
1.816000000E1	1.218364515E1	2.889906126E1
1.820000000E1	1.214136243E1	2.891306117E1
1.824000000E1	1.242174864E1	2.904126848E1
1.828000000E1	1.275790980E1	2.917624058E1
1.832000000E1	1.318536643E1	2.947294153E1
1.836000000E1	1.377209636E1	2.977429854E1
1.840000000E1	1.463256585E1	3.019977701E1
1.844000000E1	1.573682813E1	3.082179716E1
1.848000000E1	1.703741021E1	3.151431712E1
1.852000000E1	1.858927946E1	3.218458044E1
1.856000000E1	2.042466229E1	3.289895497E1
1.860000000E1	2.247715970E1	3.366119696E1
1.864000000E1	2.433977080E1	3.420006020E1
1.868000000E1	2.564264272E1	3.462403988E1
1.872000000E1	2.616536678E1	3.489045505E1
1.876000000E1	2.616647534E1	3.518799345E1
1.880000000E1	2.586289717E1	3.532887838E1
1.884000000E1	2.539823282E1	3.541662047E1
1.888000000E1	2.496547363E1	3.546311004E1
1.892000000E1	2.449086634E1	3.554688950E1
1.896000000E1	2.405763402E1	3.573337889E1
1.900000000E1	2.367289090E1	3.583870360E1
1.904000000E1	2.319075932E1	3.588774122E1
1.908000000E1	2.273735787E1	3.591964881E1
1.912000000E1	2.225515109E1	3.589181186E1
1.916000000E1	2.169644267E1	3.577959550E1
1.920000000E1	2.099223081E1	3.550208384E1
1.924000000E1	2.027043922E1	3.520533943E1
1.928000000E1	1.949192223E1	3.483736612E1
1.932000000E1	1.859913714E1	3.430643665E1
1.936000000E1	1.763521377E1	3.368262701E1
1.940000000E1	1.662716883E1	3.307186542E1
1.944000000E1	1.567256093E1	3.246312176E1
1.948000000E1	1.491647695E1	3.189353593E1
1.952000000E1	1.423264510E1	3.139765405E1
1.956000000E1	1.359822024E1	3.097783263E1
1.960000000E1	1.307474292E1	3.056024208E1
1.964000000E1	1.266488634E1	3.028544939E1
1.968000000E1	1.242852453E1	3.007244973E1
1.972000000E1	1.223254134E1	2.979850259E1
1.976000000E1	1.210369002E1	2.957937109E1
1.980000000E1	1.204546831E1	2.950324693E1
1.984000000E1	1.203194782E1	2.931517887E1
1.988000000E1	1.204547885E1	2.920646417E1
1.992000000E1	1.198478723E1	2.916217607E1
1.996000000E1	1.197699335E1	2.917155209E1
2.000000000E1	1.198083464E1	2.918891105E1
2.004000000E1	1.202618692E1	2.919346809E1
2.008000000E1	1.209114042E1	2.919772473E1
2.012000000E1	1.220777788E1	2.921044662E1
2.016000000E1	1.239918836E1	2.928837994E1
2.020000000E1	1.256828962E1	2.946633337E1
2.024000000E1	1.275387701E1	2.951792170E1
2.028000000E1	1.306677683E1	2.962478020E1
2.032000000E1	1.346143177E1	2.978098921E1
2.036000000E1	1.397623897E1	3.006761671E1
2.040000000E1	1.465858200E1	3.037498171E1
2.044000000E1	1.565278538E1	3.083331485E1
2.048000000E1	1.707944676E1	3.148911579E1
2.052000000E1	1.873610213E1	3.221827118E1
2.056000000E1	2.052487150E1	3.302410589E1
2.060000000E1	2.263451257E1	3.378939919E1
2.064000000E1	2.424159326E1	3.432182532E1
2.068000000E1	2.504474700E1	3.462881036E1
2.072000000E1	2.525101770E1	3.510311647E1
2.076000000E1	2.529506986E1	3.545211715E1
2.080000000E1	2.506076075E1	3.559337058E1
2.084000000E1	2.473596597E1	3.575674657E1
2.088000000E1	2.441110619E1	3.595978278E1
2.092000000E1	2.407738193E1	3.607224936E1
2.096000000E1	2.377599345E1	3.619823994E1
2.100000000E1	2.348129234E1	3.621622504E1
2.104000000E1	2.314705489E1	3.610574654E1
2.108000000E1	2.271322941E1	3.596471978E1
2.112000000E1	2.225697347E1	3.578214063E1
2.116000000E1	2.108939897E1	3.521714300E1
2.120000000E1	2.109308013E1	3.519075528E1
2.124000000E1	2.046736830E1	3.488853567E1
2.128000000E1	1.978697589E1	3.447028863E1
2.132000000E1	1.903134847E1	3.389627726E1
2.136000000E1	1.815067141E1	3.325558043E1
2.140000000E1	1.716335204E1	3.259121579E1
2.144000000E1	1.629752539E1	3.203499280E1
2.148000000E1	1.455020380E1	3.128197403E1
2.152000000E1	1.452929516E1	3.127971712E1
2.156000000E1	1.377916708E1	3.097267674E1
2.160000000E1	1.315416415E1	3.068837864E1
2.164000000E1	1.269608365E1	3.040286341E1
2.168000000E1	1.225862583E1	3.014752105E1
2.172000000E1	1.193465025E1	2.991637723E1
2.176000000E1	1.167664357E1	2.964164511E1
2.180000000E1	1.145891460E1	2.944891077E1
2.184000000E1	1.127764281E1	2.923467924E1
2.188000000E1	1.113748067E1	2.908430964E1
2.192000000E1	1.108118493E1	2.894376016E1
2.196000000E1	1.107346308E1	2.885223596E1
2.200000000E1	1.107857992E1	2.882986830E1
2.204000000E1	1.109565615E1	2.886326561E1
2.208000000E1	1.134718086E1	2.889988409E1
2.212000000E1	1.136287306E1	2.888588756E1
2.216000000E1	1.148101139E1	2.890481566E1
2.220000000E1	1.166009947E1	2.900092839E1
2.224000000E1	1.184248583E1	2.915129656E1
2.228000000E1	1.256142662E1	2.947680616E1
2.232000000E1	1.256627995E1	2.947803988E1
2.236000000E1	1.299136634E1	2.961572523E1
2.240000000E1	1.347332563E1	2.980314590E1
2.244000000E1	1.408326892E1	3.005008585E1
2.248000000E1	1.488265057E1	3.046710224E1
2.252000000E1	1.601019579E1	3.108035699E1
2.256000000E1	1.753048722E1	3.182328352E1
2.260000000E1	1.929549665E1	3.262537922E1
2.264000000E1	2.120465793E1	3.322777682E1
2.268000000E1	2.497364475E1	3.395513927E1
2.272000000E1	2.498215291E1	3.396591794E1
2.276000000E1	2.615195396E1	3.427533106E1
2.280000000E1	2.664390972E1	3.456572013E1
2.284000000E1	2.671042126E1	3.487572507E1
2.288000000E1	2.647169692E1	3.501149733E1
2.292000000E1	2.606717574E1	3.513959864E1
2.296000000E1	2.559285772E1	3.525533225E1
2.300000000E1	2.523216125E1	3.533916055E1
2.304000000E1	2.485827860E1	3.547744717E1
2.308000000E1	2.451597656E1	3.549309807E1
2.312000000E1	2.414171149E1	3.550084359E1
2.316000000E1	2.318337220E1	3.546381920E1
2.320000000E1	2.319058458E1	3.546684153E1
2.324000000E1	2.263688039E1	3.539117222E1
2.328000000E1	2.200397350E1	3.521279096E1
2.332000000E1	2.133616520E1	3.499267062E1
2.336000000E1	2.062886733E1	3.470453532E1
2.340000000E1	1.987546470E1	3.438450324E1
2.344000000E1	1.911040099E1	3.396624028E1
2.348000000E1	1.821751797E1	3.347102766E1
2.352000000E1	1.737623070E1	3.306040813E1
2.356000000E1	1.570732969E1	3.218777510E1
2.360000000E1	1.571012484E1	3.217877631E1
2.364000000E1	1.492094369E1	3.170421033E1
2.368000000E1	1.419922744E1	3.130659966E1
2.372000000E1	1.361958896E1	3.094455381E1
2.376000000E1	1.304128885E1	3.062159966E1
2.380000000E1	1.253734144E1	3.041333891E1
2.384000000E1	1.213206966E1	3.020860574E1
2.388000000E1	1.180466667E1	3.008957555E1
2.392000000E1	1.156729931E1	2.998349194E1
2.396000000E1	1.136107493E1	2.979975680E1
2.400000000E1	1.122546160E1	2.962062882E1
2.404000000E1	1.115825491E1	2.949935982E1
2.408000000E1	1.109358214E1	2.934349146E1
2.412000000E1	1.108327904E1	2.924142641E1
2.416000000E1	1.108208820E1	2.911876619E1
2.420000000E1	1.108282237E1	2.904471183E1
2.424000000E1	1.109691216E1	2.896731179E1
2.428000000E1	1.110503528E1	2.894131602E1
2.432000000E1	1.117051109E1	2.889544407E1
2.436000000E1	1.122197898E1	2.887865784E1
2.440000000E1	1.123652278E1	2.887219795E1
2.444000000E1	1.124029202E1	2.886773822E1
2.448000000E1	1.124221501E1	2.886200268E1
2.452000000E1	1.127395621E1	2.887536972E1
2.456000000E1	1.135068974E1	2.888978371E1
2.460000000E1	1.138638588E1	2.889845315E1
2.464000000E1	1.150479310E1	2.891916645E1
2.468000000E1	1.167227210E1	2.900700100E1
2.472000000E1	1.194375481E1	2.917290735E1
2.476000000E1	1.229513586E1	2.937000657E1
2.480000000E1	1.286225809E1	2.965102334E1
2.484000000E1	1.363932720E1	3.008137616E1
2.488000000E1	1.464413883E1	3.066400052E1
2.492000000E1	1.603022448E1	3.135762330E1
2.496000000E1	1.769125923E1	3.215136959E1
2.500000000E1	1.984983447E1	3.300696683E1
2.504000000E1	2.254478781E1	3.393624025E1
2.508000000E1	2.465458773E1	3.440898323E1
2.512000000E1	2.583598928E1	3.459030160E1
2.516000000E1	2.618625925E1	3.496426740E1
2.520000000E1	2.624211861E1	3.530984867E1
2.524000000E1	2.562170760E1	3.564321750E1
2.528000000E1	2.559917170E1	3.562511928E1
2.532000000E1	2.517188161E1	3.589423547E1
2.536000000E1	2.481691055E1	3.603903826E1
2.540000000E1	2.450181943E1	3.614641354E1
2.544000000E1	2.425303587E1	3.621909473E1
2.548000000E1	2.399462300E1	3.623243380E1
2.552000000E1	2.366240495E1	3.622531876E1
2.556000000E1	2.323782672E1	3.619803481E1
2.560000000E1	2.277888804E1	3.608839721E1
2.564000000E1	2.224558923E1	3.588225568E1
2.568000000E1	2.169914957E1	3.563085907E1
2.572000000E1	2.057535055E1	3.507223714E1
2.576000000E1	2.053018919E1	3.503327332E1
2.580000000E1	1.991844284E1	3.471408688E1
2.584000000E1	1.928485953E1	3.441230693E1
2.588000000E1	1.869882925E1	3.410046871E1
2.592000000E1	1.807845035E1	3.362737565E1
2.596000000E1	1.738203732E1	3.314553759E1
2.600000000E1	1.660227421E1	3.261028674E1
2.604000000E1	1.579451431E1	3.215608064E1
2.608000000E1	1.511369225E1	3.186026192E1
2.612000000E1	1.449491190E1	3.153855085E1
2.616000000E1	1.391090860E1	3.128870055E1
2.620000000E1	1.339389980E1	3.097738361E1
2.624000000E1	1.288252408E1	3.071238118E1
2.628000000E1	1.246856202E1	3.044153695E1
2.632000000E1	1.216558629E1	3.024437020E1
2.636000000E1	1.194632797E1	3.016119192E1
2.640000000E1	1.182398182E1	3.006439123E1
2.644000000E1	1.180136002E1	2.996866416E1
2.648000000E1	1.182151932E1	2.991733877E1
2.652000000E1	1.194166804E1	2.991531564E1
2.656000000E1	1.205392168E1	2.993220845E1
2.660000000E1	1.225324302E1	3.001530457E1
2.664000000E1	1.243398193E1	3.013489381E1
2.668000000E1	1.261420326E1	3.022583929E1
2.672000000E1	1.284155754E1	3.031286710E1
2.676000000E1	1.334605904E1	3.063481246E1
2.680000000E1	1.332752324E1	3.066891770E1
2.684000000E1	1.371429109E1	3.085825369E1
2.688000000E1	1.432532212E1	3.110965517E1
2.692000000E1	1.510233343E1	3.144222502E1
2.696000000E1	1.605122119E1	3.189751352E1
2.700000000E1	1.716944928E1	3.244194854E1
2.704000000E1	1.861018611E1	3.293019022E1
2.708000000E1	2.029081085E1	3.338153907E1
2.712000000E1	2.235431852E1	3.385845493E1
2.716000000E1	2.429149257E1	3.426958499E1
2.720000000E1	2.576778846E1	3.474007251E1
2.724000000E1	2.653812755E1	3.514654012E1
2.728000000E1	2.680853289E1	3.546862015E1
2.732000000E1	2.668669162E1	3.562995116E1
2.736000000E1	2.633720679E1	3.567293535E1
2.740000000E1	2.587549973E1	3.575772908E1
2.744000000E1	2.547396439E1	3.582692791E1
2.748000000E1	2.500187569E1	3.589283922E1
2.752000000E1	2.460904261E1	3.594336851E1
2.756000000E1	2.412928423E1	3.593114534E1
2.760000000E1	2.364556746E1	3.592501491E1
2.764000000E1	2.314176141E1	3.591649044E1
2.768000000E1	2.262002220E1	3.591110345E1
2.772000000E1	2.203187584E1	3.589067891E1
2.776000000E1	2.142146623E1	3.577640110E1
2.780000000E1	2.082519226E1	3.562131301E1
2.784000000E1	2.017831339E1	3.534644575E1
2.788000000E1	1.951751248E1	3.505529343E1
2.792000000E1	1.878626173E1	3.469069848E1
2.796000000E1	1.804909387E1	3.422682920E1
2.800000000E1	1.729699156E1	3.376823302E1
2.804000000E1	1.653445214E1	3.332185673E1
2.808000000E1	1.570023884E1	3.291205087E1
2.812000000E1	1.493890824E1	3.243817358E1
2.816000000E1	1.422000614E1	3.196948667E1
2.820000000E1	1.345426798E1	3.150537054E1
2.824000000E1	1.276605427E1	3.112074908E1
2.828000000E1	1.225191814E1	3.084624673E1
2.832000000E1	1.184481303E1	3.062507897E1
2.836000000E1	1.151704424E1	3.042173316E1
2.840000000E1	1.125309288E1	3.025694840E1
2.844000000E1	1.120920969E1	3.010214834E1
2.848000000E1	1.121303808E1	3.002097299E1
2.852000000E1	1.128563959E1	2.998025046E1
2.856000000E1	1.139504732E1	2.991208599E1
2.860000000E1	1.154366226E1	2.989347682E1
2.864000000E1	1.170756619E1	2.991101965E1
2.868000000E1	1.192270769E1	2.993493547E1
2.872000000E1	1.213274043E1	2.995614106E1
2.876000000E1	1.237607150E1	3.004440580E1
2.880000000E1	1.269914276E1	3.019796466E1
2.884000000E1	1.307373179E1	3.036694739E1
2.888000000E1	1.347737659E1	3.054239460E1
2.892000000E1	1.393140241E1	3.080403313E1
2.896000000E1	1.449828804E1	3.112783378E1
2.900000000E1	1.522677935E1	3.157705114E1
2.904000000E1	1.628104462E1	3.213931944E1
2.908000000E1	1.760546931E1	3.278944572E1
2.912000000E1	1.917547226E1	3.345645961E1
2.916000000E1	2.092927146E1	3.397255115E1
2.920000000E1	2.286249886E1	3.434405383E1
2.924000000E1	2.465739878E1	3.477006859E1
2.928000000E1	2.603060015E1	3.559002956E1
2.932000000E1	2.603313170E1	3.560694020E1
2.936000000E1	2.610794600E1	3.595098000E1
2.940000000E1	2.588169704E1	3.620522461E1
2.944000000E1	2.559965358E1	3.638022486E1
2.948000000E1	2.533027510E1	3.654886958E1
2.952000000E1	2.510846052E1	3.671132115E1
2.956000000E1	2.487852760E1	3.681907010E1
2.960000000E1	2.470623001E1	3.685305992E1
2.964000000E1	2.449573418E1	3.690611161E1
2.968000000E1	2.430994005E1	3.697218283E1
2.972000000E1	2.395798959E1	3.695162428E1
2.976000000E1	2.352807263E1	3.682184967E1
2.980000000E1	2.298585610E1	3.663229840E1
2.984000000E1	2.244487386E1	3.638411192E1
2.988000000E1	2.186187273E1	3.610315689E1
2.992000000E1	2.123995922E1	3.580547784E1
2.996000000E1	2.061157532E1	3.545134613E1
3.000000000E1	1.989153328E1	3.502492215E1
3.004000000E1	1.917430990E1	3.467340641E1
3.008000000E1	1.839546449E1	3.423963790E1
3.012000000E1	1.753750366E1	3.382375396E1
3.016000000E1	1.673667065E1	3.334636085E1
3.020000000E1	1.593969611E1	3.288740343E1
3.024000000E1	1.521592990E1	3.245724092E1
3.028000000E1	1.454355991E1	3.197234400E1
3.032000000E1	1.385561237E1	3.148164595E1
3.036000000E1	1.330315334E1	3.099589463E1
3.040000000E1	1.278509296E1	3.064486130E1
3.044000000E1	1.232671413E1	3.035924671E1
3.048000000E1	1.201760765E1	3.008534984E1
3.052000000E1	1.184009709E1	2.991074663E1
3.056000000E1	1.181033617E1	2.978764460E1
3.060000000E1	1.181579323E1	2.974815279E1
3.064000000E1	1.183470555E1	2.964072525E1
3.068000000E1	1.184364432E1	2.957244228E1
3.072000000E1	1.184910656E1	2.951963623E1
3.076000000E1	1.183326667E1	2.948348268E1
3.080000000E1	1.191993580E1	2.950285137E1
3.084000000E1	1.195431980E1	2.950330880E1
3.088000000E1	1.200373028E1	2.961067200E1
3.092000000E1	1.213137033E1	2.976070309E1
3.096000000E1	1.230767751E1	2.991195964E1
3.100000000E1	1.256492659E1	3.007849963E1
3.104000000E1	1.287553606E1	3.023967458E1
3.108000000E1	1.324638247E1	3.039962167E1
3.112000000E1	1.375724177E1	3.068149265E1
3.116000000E1	1.437105783E1	3.099440528E1
3.120000000E1	1.517630241E1	3.141861524E1
3.124000000E1	1.615852405E1	3.185946161E1
3.128000000E1	1.728618234E1	3.238313455E1
3.132000000E1	1.867665415E1	3.289938184E1
3.136000000E1	2.032675571E1	3.348264361E1
3.140000000E1	2.244670622E1	3.388142601E1
3.144000000E1	2.461031614E1	3.427253113E1
3.148000000E1	2.593828909E1	3.467323838E1
3.152000000E1	2.646155404E1	3.519259161E1
3.156000000E1	2.664718089E1	3.562737942E1
3.160000000E1	2.646882927E1	3.585773054E1
3.164000000E1	2.617436745E1	3.590895145E1
3.168000000E1	2.582641989E1	3.591493630E1
3.172000000E1	2.546132183E1	3.593597982E1
3.176000000E1	2.508772366E1	3.593376330E1
3.180000000E1	2.475796330E1	3.593418187E1
3.184000000E1	2.435027117E1	3.591786574E1
3.188000000E1	2.391197818E1	3.589662593E1
3.192000000E1	2.333469987E1	3.587513637E1
3.196000000E1	2.272693816E1	3.575193937E1
3.200000000E1	2.205447508E1	3.557291481E1
3.204000000E1	2.132698169E1	3.531677725E1
3.208000000E1	1.984998901E1	3.465789129E1
3.212000000E1	1.988610648E1	3.470672803E1
3.216000000E1	1.915482304E1	3.434798184E1
3.220000000E1	1.835827531E1	3.394005606E1
3.224000000E1	1.752355809E1	3.362814961E1
3.228000000E1	1.678834790E1	3.331787785E1
3.232000000E1	1.612687921E1	3.299703115E1
3.236000000E1	1.539584321E1	3.250722699E1
3.240000000E1	1.463032667E1	3.213196636E1
3.244000000E1	1.402585093E1	3.192555833E1
3.248000000E1	1.351825238E1	3.176265544E1
3.252000000E1	1.302466552E1	3.162208624E1
3.256000000E1	1.267583686E1	3.149038275E1
3.260000000E1	1.241387628E1	3.137315578E1
3.264000000E1	1.225099182E1	3.127367441E1
3.268000000E1	1.219647007E1	3.101192225E1
3.272000000E1	1.213471655E1	3.098284075E1
3.276000000E1	1.222273607E1	3.093150327E1
3.280000000E1	1.229778550E1	3.084698585E1
3.284000000E1	1.231510979E1	3.078703451E1
3.288000000E1	1.232858715E1	3.078183765E1
3.292000000E1	1.237986595E1	3.080775449E1
3.296000000E1	1.253111365E1	3.083252522E1
3.300000000E1	1.270466253E1	3.087730073E1
3.304000000E1	1.287050068E1	3.095249473E1
3.308000000E1	1.312228194E1	3.102922808E1
3.312000000E1	1.340595183E1	3.107809285E1
3.316000000E1	1.375397141E1	3.126566355E1
3.320000000E1	1.407819856E1	3.142139598E1
3.324000000E1	1.449384469E1	3.160258369E1
3.328000000E1	1.502385277E1	3.183483959E1
3.332000000E1	1.560678428E1	3.214624236E1
3.336000000E1	1.630657935E1	3.241865905E1
3.340000000E1	1.710313008E1	3.284273618E1
3.344000000E1	1.817217055E1	3.321677837E1
3.348000000E1	1.952978799E1	3.356298931E1
3.352000000E1	2.124306291E1	3.403910602E1
3.356000000E1	2.294410880E1	3.455751612E1
3.360000000E1	2.400706787E1	3.498903572E1
3.364000000E1	2.442643438E1	3.541051357E1
3.368000000E1	2.457178604E1	3.580632257E1
3.372000000E1	2.445584195E1	3.594120494E1
3.376000000E1	2.412715396E1	3.603698130E1
3.380000000E1	2.381961789E1	3.621035384E1
3.384000000E1	2.350335684E1	3.622916409E1
3.388000000E1	2.319730017E1	3.622087229E1
3.392000000E1	2.291085943E1	3.620948003E1
3.396000000E1	2.262598057E1	3.615960486E1
3.400000000E1	2.230877375E1	3.609125278E1
3.404000000E1	2.197618996E1	3.599601203E1
3.408000000E1	2.158605918E1	3.591469232E1
3.412000000E1	2.112493628E1	3.577447386E1
3.416000000E1	2.062292098E1	3.554932191E1
3.420000000E1	2.008342890E1	3.540084319E1
3.424000000E1	1.947153739E1	3.517543935E1
3.428000000E1	1.886822513E1	3.488751840E1
3.432000000E1	1.824579994E1	3.453378962E1
3.436000000E1	1.754504127E1	3.417307161E1
3.440000000E1	1.687307568E1	3.368835151E1
3.444000000E1	1.616078699E1	3.329760597E1
3.448000000E1	1.502419772E1	3.262603542E1
3.452000000E1	1.497810139E1	3.261500032E1
3.456000000E1	1.448410013E1	3.232974447E1
3.460000000E1	1.399556191E1	3.202274241E1
3.464000000E1	1.361102743E1	3.172595577E1
3.468000000E1	1.322299543E1	3.143207697E1
3.472000000E1	1.294255590E1	3.126386273E1
3.476000000E1	1.262839594E1	3.113158600E1
3.480000000E1	1.232687387E1	3.098321035E1
3.484000000E1	1.205209733E1	3.082051311E1
3.488000000E1	1.188969992E1	3.069522079E1
3.492000000E1	1.181915229E1	3.065788158E1
3.496000000E1	1.181184670E1	3.062903368E1
3.500000000E1	1.182473400E1	3.063600033E1
3.504000000E1	1.188847165E1	3.066412510E1
3.508000000E1	1.198281282E1	3.068579737E1
3.512000000E1	1.212188377E1	3.073390533E1
3.516000000E1	1.231070055E1	3.075891354E1
3.520000000E1	1.252978810E1	3.085219241E1
3.524000000E1	1.279966899E1	3.095010396E1
3.528000000E1	1.303652488E1	3.108408460E1
3.532000000E1	1.322383997E1	3.123830020E1
3.536000000E1	1.343811841E1	3.143854309E1
3.540000000E1	1.379667995E1	3.171521558E1
