axel
t	x	y
0.000000000E0	1.095815549E1	2.707968750E1
4.000000000E-2	1.095834516E1	2.709499496E1
8.000000000E-2	1.095816182E1	2.708034709E1
1.200000000E-1	1.095855506E1	2.711360699E1
1.600000000E-1	1.095845881E1	2.710054198E1
2.000000000E-1	1.095838219E1	2.709319917E1
2.400000000E-1	1.096028888E1	2.707453116E1
2.800000000E-1	1.096036293E1	2.709179129E1
3.200000000E-1	1.095979613E1	2.707729944E1
3.600000000E-1	1.095935632E1	2.707806259E1
4.000000000E-1	1.095992316E1	2.709438954E1
4.400000000E-1	1.095908801E1	2.709051130E1
4.800000000E-1	1.095836675E1	2.708851887E1
5.200000000E-1	1.095856126E1	2.708483569E1
5.600000000E-1	1.095861522E1	2.709196111E1
6.000000000E-1	1.096592735E1	2.711640144E1
6.400000000E-1	1.096667510E1	2.721215422E1
6.800000000E-1	1.098937256E1	2.735337110E1
7.200000000E-1	1.098392777E1	2.740871213E1
7.600000000E-1	1.111594133E1	2.761589964E1
8.000000000E-1	1.138215383E1	2.781171625E1
8.400000000E-1	1.174319167E1	2.816536735E1
8.800000000E-1	1.216665443E1	2.857391873E1
9.200000000E-1	1.271881854E1	2.891041101E1
9.600000000E-1	1.332982481E1	2.925348276E1
1.000000000E0	1.380012159E1	2.945292578E1
1.040000000E0	1.408722086E1	2.947427011E1
1.080000000E0	1.423717195E1	2.947127211E1
1.120000000E0	1.434626075E1	2.947161616E1
1.160000000E0	1.437066168E1	2.957219995E1
1.200000000E0	1.431174153E1	2.964596148E1
1.240000000E0	1.422861048E1	2.961581588E1
1.280000000E0	1.410067871E1	2.959428555E1
1.320000000E0	1.395116909E1	2.955468771E1
1.360000000E0	1.378970322E1	2.949379054E1
1.400000000E0	1.362771972E1	2.945267628E1
1.440000000E0	1.344896806E1	2.929177592E1
1.480000000E0	1.332137109E1	2.921516316E1
1.520000000E0	1.322261654E1	2.918379310E1
1.560000000E0	1.319837065E1	2.916691915E1
1.600000000E0	1.320291436E1	2.916790550E1
1.640000000E0	1.332469606E1	2.917173940E1
1.680000000E0	1.350640584E1	2.919657476E1
1.720000000E0	1.383392018E1	2.935414071E1
1.760000000E0	1.428466174E1	2.954618516E1
1.800000000E0	1.485953663E1	2.988481679E1
1.840000000E0	1.561576563E1	3.023289403E1
1.880000000E0	1.653820304E1	3.055959026E1
1.920000000E0	1.746916644E1	3.085465760E1
1.960000000E0	1.847369867E1	3.113890104E1
2.000000000E0	1.933076797E1	3.144878754E1
2.040000000E0	2.016288858E1	3.174173709E1
2.080000000E0	2.105535805E1	3.203604957E1
2.120000000E0	2.190230099E1	3.224111349E1
2.160000000E0	2.273983799E1	3.232124275E1
2.200000000E0	2.355100993E1	3.241378288E1
2.240000000E0	2.433585690E1	3.244862774E1
2.280000000E0	2.509428111E1	3.250981210E1
2.320000000E0	2.581485795E1	3.256258782E1
2.360000000E0	2.658004760E1	3.261842055E1
2.400000000E0	2.719526842E1	3.265419315E1
2.440000000E0	2.765801152E1	3.269153886E1
2.480000000E0	2.798480704E1	3.274274589E1
2.520000000E0	2.811449057E1	3.278209954E1
2.560000000E0	2.803828480E1	3.276462590E1
2.600000000E0	2.781106721E1	3.276328725E1
2.640000000E0	2.739283109E1	3.276146276E1
2.680000000E0	2.678554167E1	3.274624908E1
2.720000000E0	2.602409712E1	3.272327664E1
2.760000000E0	2.512534113E1	3.259915288E1
2.800000000E0	2.416632733E1	3.247005572E1
2.840000000E0	2.301646295E1	3.222282412E1
2.880000000E0	2.177442165E1	3.190712723E1
2.920000000E0	2.045637436E1	3.156177837E1
2.960000000E0	1.906877982E1	3.114127802E1
3.000000000E0	1.769417138E1	3.069739211E1
3.040000000E0	1.520068673E1	2.993125193E1
3.080000000E0	1.516864524E1	2.992487048E1
3.120000000E0	1.412620424E1	2.960625805E1
3.160000000E0	1.337190654E1	2.931667293E1
3.200000000E0	1.277999197E1	2.901412798E1
3.240000000E0	1.244350414E1	2.884081281E1
3.280000000E0	1.232425755E1	2.872602024E1
3.320000000E0	1.230849944E1	2.868834621E1
3.360000000E0	1.232248710E1	2.868068926E1
3.400000000E0	1.234110096E1	2.870670107E1
3.440000000E0	1.241989198E1	2.872072947E1
3.480000000E0	1.242908105E1	2.871234390E1
3.520000000E0	1.243834939E1	2.873654833E1
3.560000000E0	1.245537737E1	2.882628179E1
3.600000000E0	1.261059431E1	2.901924702E1
3.640000000E0	1.294845737E1	2.927816061E1
3.680000000E0	1.352862136E1	2.958430841E1
3.720000000E0	1.439286069E1	2.994863030E1
3.760000000E0	1.540254277E1	3.032144265E1
3.800000000E0	1.645229841E1	3.069706322E1
3.840000000E0	1.749982614E1	3.104616580E1
3.880000000E0	1.848556789E1	3.142897770E1
3.920000000E0	1.943703975E1	3.172912319E1
3.960000000E0	2.035600719E1	3.199497545E1
4.000000000E0	2.125676122E1	3.213807813E1
4.040000000E0	2.212052084E1	3.221130045E1
4.080000000E0	2.288513232E1	3.225452462E1
4.120000000E0	2.363263370E1	3.231291901E1
4.160000000E0	2.433032768E1	3.234885558E1
4.200000000E0	2.497359973E1	3.233347531E1
4.240000000E0	2.553944755E1	3.231849496E1
4.280000000E0	2.600098784E1	3.232230921E1
4.320000000E0	2.636412323E1	3.233659572E1
4.360000000E0	2.661915322E1	3.234315581E1
4.400000000E0	2.674874262E1	3.231191751E1
4.440000000E0	2.667509888E1	3.233002887E1
4.480000000E0	2.637196522E1	3.233334510E1
4.520000000E0	2.595602936E1	3.230399796E1
4.560000000E0	2.541022644E1	3.229685219E1
4.600000000E0	2.460180949E1	3.217791292E1
4.640000000E0	2.253560747E1	3.187359454E1
4.680000000E0	2.254940508E1	3.185450925E1
4.720000000E0	2.139488640E1	3.162375531E1
4.760000000E0	2.004802314E1	3.131908714E1
4.800000000E0	1.866495253E1	3.098851311E1
4.840000000E0	1.737914912E1	3.062307322E1
4.880000000E0	1.614402607E1	3.037847757E1
4.920000000E0	1.505392913E1	3.004585188E1
4.960000000E0	1.413116914E1	2.976116490E1
5.000000000E0	1.343036685E1	2.947004650E1
5.040000000E0	1.303021053E1	2.943496350E1
5.080000000E0	1.289129909E1	2.936294575E1
5.120000000E0	1.288132997E1	2.928567064E1
5.160000000E0	1.293692026E1	2.920052094E1
5.200000000E0	1.305268297E1	2.916078815E1
5.240000000E0	1.319366127E1	2.916323400E1
5.280000000E0	1.330984733E1	2.916846660E1
5.320000000E0	1.347695816E1	2.918087400E1
5.360000000E0	1.376092138E1	2.930891124E1
5.400000000E0	1.416520660E1	2.945963725E1
5.440000000E0	1.477741748E1	2.976170716E1
5.480000000E0	1.555942364E1	3.004017179E1
5.520000000E0	1.646171496E1	3.034645104E1
5.560000000E0	1.739291821E1	3.063391032E1
5.600000000E0	1.830949156E1	3.092733784E1
5.640000000E0	1.915374115E1	3.122728858E1
5.680000000E0	2.005304887E1	3.152267060E1
5.720000000E0	2.090468631E1	3.175915468E1
5.760000000E0	2.166924861E1	3.186631415E1
5.800000000E0	2.234880250E1	3.196594949E1
5.840000000E0	2.303534460E1	3.198932392E1
5.880000000E0	2.376904501E1	3.201510958E1
5.920000000E0	2.449899810E1	3.202246777E1
5.960000000E0	2.517229776E1	3.205402035E1
6.000000000E0	2.584072533E1	3.204884054E1
6.040000000E0	2.646097152E1	3.203955065E1
6.080000000E0	2.696973683E1	3.206243278E1
6.120000000E0	2.734334967E1	3.202555827E1
6.160000000E0	2.764843448E1	3.202906636E1
6.200000000E0	2.767363570E1	3.210325653E1
6.240000000E0	2.757453888E1	3.215666538E1
6.280000000E0	2.734448339E1	3.214769454E1
6.320000000E0	2.692531864E1	3.213963021E1
6.360000000E0	2.634351391E1	3.210652941E1
6.400000000E0	2.557459338E1	3.198088640E1
6.440000000E0	2.466026071E1	3.182208587E1
6.480000000E0	2.369295379E1	3.164721909E1
6.520000000E0	2.256148367E1	3.141243894E1
6.560000000E0	2.138392589E1	3.119860288E1
6.600000000E0	2.005997525E1	3.097740443E1
6.640000000E0	1.866347797E1	3.069497406E1
6.680000000E0	1.736896200E1	3.046131487E1
6.720000000E0	1.620451753E1	3.032504274E1
6.760000000E0	1.530577037E1	3.006597071E1
6.800000000E0	1.456721481E1	2.985020258E1
6.840000000E0	1.398590416E1	2.970405221E1
6.880000000E0	1.362829072E1	2.948863087E1
6.920000000E0	1.348015956E1	2.931991540E1
6.960000000E0	1.339745727E1	2.919011623E1
7.000000000E0	1.332845332E1	2.902148572E1
7.040000000E0	1.322208912E1	2.888404313E1
7.080000000E0	1.320654830E1	2.886407969E1
7.120000000E0	1.320409949E1	2.886282027E1
7.160000000E0	1.320171920E1	2.886494428E1
7.200000000E0	1.322190515E1	2.887260643E1
7.240000000E0	1.328645226E1	2.887776854E1
7.280000000E0	1.346076941E1	2.903317362E1
7.320000000E0	1.365196836E1	2.917182181E1
7.360000000E0	1.398600986E1	2.935487974E1
7.400000000E0	1.446337935E1	2.949325668E1
7.440000000E0	1.508103109E1	2.985759592E1
7.480000000E0	1.576374891E1	3.029191631E1
7.520000000E0	1.645870491E1	3.063906492E1
7.560000000E0	1.720039024E1	3.096564608E1
7.600000000E0	1.806131715E1	3.128688562E1
7.640000000E0	1.895558230E1	3.156699135E1
7.680000000E0	1.975488664E1	3.174684314E1
7.720000000E0	2.057072335E1	3.188084306E1
7.760000000E0	2.136059351E1	3.187810339E1
7.800000000E0	2.208068395E1	3.187445492E1
7.840000000E0	2.276924033E1	3.186704566E1
7.880000000E0	2.341894230E1	3.183489617E1
7.920000000E0	2.404363884E1	3.182568635E1
7.960000000E0	2.466772017E1	3.183960447E1
8.000000000E0	2.535105933E1	3.184096322E1
8.040000000E0	2.600339983E1	3.185760629E1
8.080000000E0	2.649508033E1	3.187166672E1
8.120000000E0	2.687005524E1	3.190171722E1
8.160000000E0	2.710838562E1	3.205677883E1
8.200000000E0	2.704381265E1	3.219037767E1
8.240000000E0	2.675059921E1	3.229848681E1
8.280000000E0	2.635805535E1	3.231196897E1
8.320000000E0	2.585336196E1	3.228301706E1
8.360000000E0	2.514451488E1	3.221448026E1
8.400000000E0	2.426403514E1	3.206155060E1
8.440000000E0	2.331881655E1	3.197364596E1
8.480000000E0	2.229007626E1	3.174797855E1
8.520000000E0	2.107524358E1	3.149979105E1
8.560000000E0	1.991442117E1	3.131937535E1
8.600000000E0	1.776560236E1	3.086288044E1
8.640000000E0	1.779033932E1	3.083799930E1
8.680000000E0	1.683549021E1	3.065067281E1
8.720000000E0	1.593349912E1	3.047306622E1
8.760000000E0	1.526903821E1	3.025840053E1
8.800000000E0	1.471252897E1	3.009011047E1
8.840000000E0	1.425179695E1	2.979504784E1
8.880000000E0	1.397762679E1	2.969337033E1
8.920000000E0	1.380754999E1	2.952360299E1
8.960000000E0	1.365067158E1	2.944944392E1
9.000000000E0	1.364206429E1	2.919215111E1
9.040000000E0	1.362580093E1	2.913090486E1
9.080000000E0	1.359702934E1	2.901356301E1
9.120000000E0	1.363975095E1	2.901651594E1
9.160000000E0	1.365578182E1	2.902314300E1
9.200000000E0	1.366091910E1	2.904114894E1
9.240000000E0	1.366123409E1	2.908020774E1
9.280000000E0	1.367969636E1	2.913351133E1
9.320000000E0	1.377575295E1	2.916297242E1
9.360000000E0	1.392109230E1	2.917604522E1
9.400000000E0	1.408966837E1	2.921503042E1
9.440000000E0	1.438412562E1	2.935508843E1
9.480000000E0	1.479360017E1	2.946909551E1
9.520000000E0	1.526745642E1	2.965691687E1
9.560000000E0	1.581886011E1	2.986466341E1
9.600000000E0	1.646609651E1	3.017396154E1
9.640000000E0	1.716352345E1	3.048422027E1
9.680000000E0	1.790012198E1	3.077381310E1
9.720000000E0	1.868713153E1	3.104222136E1
9.760000000E0	1.945738724E1	3.119808736E1
9.800000000E0	2.024863060E1	3.139848245E1
9.840000000E0	2.107680518E1	3.154866659E1
9.880000000E0	2.187522904E1	3.169343254E1
9.920000000E0	2.269185730E1	3.171255600E1
9.960000000E0	2.347945896E1	3.172676059E1
1.000000000E1	2.418947780E1	3.172082390E1
1.004000000E1	2.484786394E1	3.173852862E1
1.008000000E1	2.543166160E1	3.180270380E1
1.012000000E1	2.602284186E1	3.184762958E1
1.016000000E1	2.649574837E1	3.185002276E1
1.020000000E1	2.681594751E1	3.184214111E1
1.024000000E1	2.706364369E1	3.185617634E1
1.028000000E1	2.707630715E1	3.192960937E1
1.032000000E1	2.692124338E1	3.201126312E1
1.036000000E1	2.661586968E1	3.201508513E1
1.040000000E1	2.615206049E1	3.199780887E1
1.044000000E1	2.550342417E1	3.197085095E1
1.048000000E1	2.470396502E1	3.188454049E1
1.052000000E1	2.378238775E1	3.169448065E1
1.056000000E1	2.286968384E1	3.147272615E1
1.060000000E1	2.175395330E1	3.125253593E1
1.064000000E1	2.062652802E1	3.099885004E1
1.068000000E1	1.946475813E1	3.069805030E1
1.072000000E1	1.839887890E1	3.034065025E1
1.076000000E1	1.748420852E1	3.009648812E1
1.080000000E1	1.645404347E1	2.989736173E1
1.084000000E1	1.548594560E1	2.969285332E1
1.088000000E1	1.483622579E1	2.956949656E1
1.092000000E1	1.425289031E1	2.944752530E1
1.096000000E1	1.377221343E1	2.928815160E1
1.100000000E1	1.351677558E1	2.916050922E1
1.104000000E1	1.339930084E1	2.904267138E1
1.108000000E1	1.333691228E1	2.887072683E1
1.112000000E1	1.331618028E1	2.866817339E1
1.116000000E1	1.332168385E1	2.856826774E1
1.120000000E1	1.332910230E1	2.856301423E1
1.124000000E1	1.322837228E1	2.855679289E1
1.128000000E1	1.320870457E1	2.857112188E1
1.132000000E1	1.319323338E1	2.856912924E1
1.136000000E1	1.318375739E1	2.857000155E1
1.140000000E1	1.319500677E1	2.857325586E1
1.144000000E1	1.323153732E1	2.861117813E1
1.148000000E1	1.334687049E1	2.884991170E1
1.152000000E1	1.359078367E1	2.890174264E1
1.156000000E1	1.392336871E1	2.912879597E1
1.160000000E1	1.439983057E1	2.928464657E1
1.164000000E1	1.499604877E1	2.957368235E1
1.168000000E1	1.573369283E1	2.989866726E1
1.172000000E1	1.657915598E1	3.025594958E1
1.176000000E1	1.752976133E1	3.062832969E1
1.180000000E1	1.848105235E1	3.098971785E1
1.184000000E1	1.948955626E1	3.129216605E1
1.188000000E1	2.044647021E1	3.155734262E1
1.192000000E1	2.139909976E1	3.172221391E1
1.196000000E1	2.222993100E1	3.180011998E1
1.200000000E1	2.307662223E1	3.183702776E1
1.204000000E1	2.392182330E1	3.188298947E1
1.208000000E1	2.467689141E1	3.188628475E1
1.212000000E1	2.539728898E1	3.191352124E1
1.216000000E1	2.593459203E1	3.199437212E1
1.220000000E1	2.637755618E1	3.202492422E1
1.224000000E1	2.665440775E1	3.202425505E1
1.228000000E1	2.679077133E1	3.201240709E1
1.232000000E1	2.678531185E1	3.199107496E1
1.236000000E1	2.667417889E1	3.198091147E1
1.240000000E1	2.649190966E1	3.197224896E1
1.244000000E1	2.624806802E1	3.197633237E1
1.248000000E1	2.597944479E1	3.200128723E1
1.252000000E1	2.556900517E1	3.200778115E1
1.256000000E1	2.499102009E1	3.201957120E1
1.260000000E1	2.427943441E1	3.201329588E1
1.264000000E1	2.348904112E1	3.198651237E1
1.268000000E1	2.255889396E1	3.192750147E1
1.272000000E1	2.167338580E1	3.187687217E1
1.276000000E1	2.069248962E1	3.169628244E1
1.280000000E1	1.967386523E1	3.154419498E1
1.284000000E1	1.873175651E1	3.128690503E1
1.288000000E1	1.773571465E1	3.095497406E1
1.292000000E1	1.665657063E1	3.056025178E1
1.296000000E1	1.574964597E1	3.019785402E1
1.300000000E1	1.498460689E1	2.982812455E1
1.304000000E1	1.433810930E1	2.956975204E1
1.308000000E1	1.392069274E1	2.936855801E1
1.312000000E1	1.360122527E1	2.909963093E1
1.316000000E1	1.336202095E1	2.887318409E1
1.320000000E1	1.324241480E1	2.875637228E1
1.324000000E1	1.319601241E1	2.855340766E1
1.328000000E1	1.319991080E1	2.852396582E1
1.332000000E1	1.320621973E1	2.845760584E1
1.336000000E1	1.321621480E1	2.840711657E1
1.340000000E1	1.323073496E1	2.839488897E1
1.344000000E1	1.323070838E1	2.839298227E1
1.348000000E1	1.321333690E1	2.840266090E1
1.352000000E1	1.330845607E1	2.842070942E1
1.356000000E1	1.345930102E1	2.854462849E1
1.360000000E1	1.368355947E1	2.867994004E1
1.364000000E1	1.406575431E1	2.890219955E1
1.368000000E1	1.453769515E1	2.916440377E1
1.372000000E1	1.514374668E1	2.946384928E1
1.376000000E1	1.590350487E1	2.972777977E1
1.380000000E1	1.672588100E1	3.003515205E1
1.384000000E1	1.757493410E1	3.034973830E1
1.388000000E1	1.841827805E1	3.067036843E1
1.392000000E1	1.920326687E1	3.096090379E1
1.396000000E1	2.004115760E1	3.109888270E1
1.400000000E1	2.087320959E1	3.122072789E1
1.404000000E1	2.159468361E1	3.125844518E1
1.408000000E1	2.231366168E1	3.127263112E1
1.412000000E1	2.312532374E1	3.130318262E1
1.416000000E1	2.389056140E1	3.138212557E1
1.420000000E1	2.464748101E1	3.142171334E1
1.424000000E1	2.538424769E1	3.151806908E1
1.428000000E1	2.609318925E1	3.159478012E1
1.432000000E1	2.662622677E1	3.170697929E1
1.436000000E1	2.710110122E1	3.185453352E1
1.440000000E1	2.736137768E1	3.195536375E1
1.444000000E1	2.749462290E1	3.200867388E1
1.448000000E1	2.741709094E1	3.212851207E1
1.452000000E1	2.718668573E1	3.215163919E1
1.456000000E1	2.681489708E1	3.216727599E1
1.460000000E1	2.625965025E1	3.214508490E1
1.464000000E1	2.554192998E1	3.210587500E1
1.468000000E1	2.468054496E1	3.201938545E1
1.472000000E1	2.376928459E1	3.193259512E1
1.476000000E1	2.278235545E1	3.177841441E1
1.480000000E1	2.167240279E1	3.168166217E1
1.484000000E1	2.049206348E1	3.151032744E1
1.488000000E1	1.933369646E1	3.135325421E1
1.492000000E1	1.824773716E1	3.114371242E1
1.496000000E1	1.723537737E1	3.087720057E1
1.500000000E1	1.636980393E1	3.069063728E1
1.504000000E1	1.556537305E1	3.045140761E1
1.508000000E1	1.484022712E1	3.028952557E1
1.512000000E1	1.433358674E1	3.012038124E1
1.516000000E1	1.395012171E1	2.985522374E1
1.520000000E1	1.362464966E1	2.966712970E1
1.524000000E1	1.338440824E1	2.957031000E1
1.528000000E1	1.323199675E1	2.938939413E1
1.532000000E1	1.317386667E1	2.926594393E1
1.536000000E1	1.315002427E1	2.914251347E1
1.540000000E1	1.311562847E1	2.902550983E1
1.544000000E1	1.310259197E1	2.900176088E1
1.548000000E1	1.310494451E1	2.900169152E1
1.552000000E1	1.309799011E1	2.901179812E1
1.556000000E1	1.309488288E1	2.902258186E1
1.560000000E1	1.306492395E1	2.903114903E1
1.564000000E1	1.305937917E1	2.904347962E1
1.568000000E1	1.309175638E1	2.905247767E1
1.572000000E1	1.317429368E1	2.905183460E1
1.576000000E1	1.321519066E1	2.911136023E1
1.580000000E1	1.334300836E1	2.917816332E1
1.584000000E1	1.378936542E1	2.949977965E1
1.588000000E1	1.378945463E1	2.951371706E1
1.592000000E1	1.411180890E1	2.974791659E1
1.596000000E1	1.455329326E1	3.005589430E1
1.600000000E1	1.513883188E1	3.034400714E1
1.604000000E1	1.582811290E1	3.066971926E1
1.608000000E1	1.662136518E1	3.095283580E1
1.612000000E1	1.743355069E1	3.126887331E1
1.616000000E1	1.826095604E1	3.156442871E1
1.620000000E1	1.914538165E1	3.183505470E1
1.624000000E1	2.001206133E1	3.204935071E1
1.628000000E1	2.082492505E1	3.217157773E1
1.632000000E1	2.160249994E1	3.227975389E1
1.636000000E1	2.239017594E1	3.229390672E1
1.640000000E1	2.312093101E1	3.227198904E1
1.644000000E1	2.468311551E1	3.224921989E1
1.648000000E1	2.467544635E1	3.227809010E1
1.652000000E1	2.545528315E1	3.229288912E1
1.656000000E1	2.618311612E1	3.233230648E1
1.660000000E1	2.676183033E1	3.241047154E1
1.664000000E1	2.724173017E1	3.244083232E1
1.668000000E1	2.758600131E1	3.241271410E1
1.672000000E1	2.777407888E1	3.241741657E1
1.676000000E1	2.778835302E1	3.242557945E1
1.680000000E1	2.741560356E1	3.256745661E1
1.684000000E1	2.739608584E1	3.257701255E1
1.688000000E1	2.700036847E1	3.256857414E1
1.692000000E1	2.645906627E1	3.257951796E1
1.696000000E1	2.573030673E1	3.244992305E1
1.700000000E1	2.489635805E1	3.241924218E1
1.704000000E1	2.395490983E1	3.229453932E1
1.708000000E1	2.292470397E1	3.214402226E1
1.712000000E1	2.185935602E1	3.187804284E1
1.716000000E1	2.076778190E1	3.160948538E1
1.720000000E1	1.975625945E1	3.127894812E1
1.724000000E1	1.868876700E1	3.099206544E1
1.728000000E1	1.761068951E1	3.069679044E1
1.732000000E1	1.672579352E1	3.048138938E1
1.736000000E1	1.584765576E1	3.026010637E1
1.740000000E1	1.502149500E1	3.001136821E1
1.744000000E1	1.437544180E1	2.987468702E1
1.748000000E1	1.383421370E1	2.960617579E1
1.752000000E1	1.338447845E1	2.931891374E1
1.756000000E1	1.293738853E1	2.904777383E1
1.760000000E1	1.260458945E1	2.880375844E1
1.764000000E1	1.245561460E1	2.869000649E1
1.768000000E1	1.234027627E1	2.854387295E1
1.772000000E1	1.229812085E1	2.842982525E1
1.776000000E1	1.231241424E1	2.842201133E1
1.780000000E1	1.239352717E1	2.841915892E1
1.784000000E1	1.246004446E1	2.843993643E1
1.788000000E1	1.245930810E1	2.845905084E1
1.792000000E1	1.254408219E1	2.855146290E1
1.796000000E1	1.264665698E1	2.869741790E1
1.800000000E1	1.286137694E1	2.882151939E1
1.804000000E1	1.318856767E1	2.904295833E1
1.808000000E1	1.364351026E1	2.929683472E1
1.812000000E1	1.422376928E1	2.960258618E1
1.816000000E1	1.486226119E1	2.991020031E1
1.820000000E1	1.562562243E1	3.024611613E1
1.824000000E1	1.645345451E1	3.053585105E1
1.828000000E1	1.731642592E1	3.087260360E1
1.832000000E1	1.814759404E1	3.113381024E1
1.836000000E1	1.890494427E1	3.140306557E1
1.840000000E1	1.973694290E1	3.160358232E1
1.844000000E1	2.053620443E1	3.180514083E1
1.848000000E1	2.124196345E1	3.192899352E1
1.852000000E1	2.197123052E1	3.199095762E1
1.856000000E1	2.272575946E1	3.200218572E1
1.860000000E1	2.347516640E1	3.200131895E1
1.864000000E1	2.422903628E1	3.200293932E1
1.868000000E1	2.483705804E1	3.200477705E1
1.872000000E1	2.539478786E1	3.202531045E1
1.876000000E1	2.586941742E1	3.203450927E1
1.880000000E1	2.629173659E1	3.202282983E1
1.884000000E1	2.663208899E1	3.199842593E1
1.888000000E1	2.687409931E1	3.198757112E1
1.892000000E1	2.704299020E1	3.199629742E1
1.896000000E1	2.708007332E1	3.200739294E1
1.900000000E1	2.710597366E1	3.202635405E1
1.904000000E1	2.691535278E1	3.213870789E1
1.908000000E1	2.663084692E1	3.215891279E1
1.912000000E1	2.616922831E1	3.214059499E1
1.916000000E1	2.563161368E1	3.206739614E1
1.920000000E1	2.479861350E1	3.196011824E1
1.924000000E1	2.394305435E1	3.183980867E1
1.928000000E1	2.305182750E1	3.169351314E1
1.932000000E1	2.198500627E1	3.145226762E1
1.936000000E1	2.088335361E1	3.122989384E1
1.940000000E1	1.976421799E1	3.101806998E1
1.944000000E1	1.864604897E1	3.072731503E1
1.948000000E1	1.762189888E1	3.038067544E1
1.952000000E1	1.658358113E1	3.006733783E1
1.956000000E1	1.566686348E1	2.975630690E1
1.960000000E1	1.489659411E1	2.951448788E1
1.964000000E1	1.414245010E1	2.922219387E1
1.968000000E1	1.359583071E1	2.906119098E1
1.972000000E1	1.310564097E1	2.884452138E1
1.976000000E1	1.257994268E1	2.856230419E1
1.980000000E1	1.218785594E1	2.841596743E1
1.984000000E1	1.203707024E1	2.831352129E1
1.988000000E1	1.198961812E1	2.826611303E1
1.992000000E1	1.198145076E1	2.823328253E1
1.996000000E1	1.201395463E1	2.820018010E1
2.000000000E1	1.207510976E1	2.823788088E1
2.004000000E1	1.214999112E1	2.827806592E1
2.008000000E1	1.215103036E1	2.828265708E1
2.012000000E1	1.217715839E1	2.832434182E1
2.016000000E1	1.229793633E1	2.841966260E1
2.020000000E1	1.252775874E1	2.857606600E1
2.024000000E1	1.298612631E1	2.888458524E1
2.028000000E1	1.359904836E1	2.930176017E1
2.032000000E1	1.425900620E1	2.976344111E1
2.036000000E1	1.502257797E1	3.022478235E1
2.040000000E1	1.585014581E1	3.064605019E1
2.044000000E1	1.674836216E1	3.094633533E1
2.048000000E1	1.755744041E1	3.119399429E1
2.052000000E1	1.828685553E1	3.134671905E1
2.056000000E1	1.908292612E1	3.150576754E1
2.060000000E1	1.982240115E1	3.157172733E1
2.064000000E1	2.047584534E1	3.155231585E1
2.068000000E1	2.121757013E1	3.154103083E1
2.072000000E1	2.201505494E1	3.157771422E1
2.076000000E1	2.276970176E1	3.173106364E1
2.080000000E1	2.348279550E1	3.181975482E1
2.084000000E1	2.422524728E1	3.187867997E1
2.088000000E1	2.484934670E1	3.198417007E1
2.092000000E1	2.544818518E1	3.204682222E1
2.096000000E1	2.585470982E1	3.207392396E1
2.100000000E1	2.611071003E1	3.210387577E1
2.104000000E1	2.630536582E1	3.214920756E1
2.108000000E1	2.628808028E1	3.213890604E1
2.112000000E1	2.605986154E1	3.213836055E1
2.116000000E1	2.573983811E1	3.214249454E1
2.120000000E1	2.526970259E1	3.209202924E1
2.124000000E1	2.467035391E1	3.200678601E1
2.128000000E1	2.387455815E1	3.186842844E1
2.132000000E1	2.307420983E1	3.182965396E1
2.136000000E1	2.223583177E1	3.171744837E1
2.140000000E1	2.117535570E1	3.154207265E1
2.144000000E1	2.009822507E1	3.134569642E1
2.148000000E1	1.905923498E1	3.107771142E1
2.152000000E1	1.813332836E1	3.082599641E1
2.156000000E1	1.726713202E1	3.051759618E1
2.160000000E1	1.561993472E1	2.999852804E1
2.164000000E1	1.560181953E1	3.002371631E1
2.168000000E1	1.496914429E1	2.976591271E1
2.172000000E1	1.438621615E1	2.952423151E1
2.176000000E1	1.383875481E1	2.927653660E1
2.180000000E1	1.332324854E1	2.909311527E1
2.184000000E1	1.289668173E1	2.886409970E1
2.188000000E1	1.262916692E1	2.860290605E1
2.192000000E1	1.252972758E1	2.842993948E1
2.196000000E1	1.256401227E1	2.837913376E1
2.200000000E1	1.266228635E1	2.840257257E1
2.204000000E1	1.280098301E1	2.845050604E1
2.208000000E1	1.300453276E1	2.856867676E1
2.212000000E1	1.328515433E1	2.869146376E1
2.216000000E1	1.362891070E1	2.900406390E1
2.220000000E1	1.408807284E1	2.930812193E1
2.224000000E1	1.466124046E1	2.968998434E1
2.228000000E1	1.526354986E1	3.012807153E1
2.232000000E1	1.592191867E1	3.048132027E1
2.236000000E1	1.658685474E1	3.082597604E1
2.240000000E1	1.721829407E1	3.111334698E1
2.244000000E1	1.786094554E1	3.138286728E1
2.248000000E1	1.846271268E1	3.153467818E1
2.252000000E1	1.905537192E1	3.160660385E1
2.256000000E1	1.967401238E1	3.160977661E1
2.260000000E1	2.025155457E1	3.157982747E1
2.264000000E1	2.089170736E1	3.155460302E1
2.268000000E1	2.159559316E1	3.156447617E1
2.272000000E1	2.225558862E1	3.155366021E1
2.276000000E1	2.305049432E1	3.159437009E1
2.280000000E1	2.372454874E1	3.165304031E1
2.284000000E1	2.437107937E1	3.170981864E1
2.288000000E1	2.496409181E1	3.180315683E1
2.292000000E1	2.559144677E1	3.191954245E1
2.296000000E1	2.598659905E1	3.199769344E1
2.300000000E1	2.631966255E1	3.211530294E1
2.304000000E1	2.661907956E1	3.227993249E1
2.308000000E1	2.675514946E1	3.231504266E1
2.312000000E1	2.665051374E1	3.233302436E1
2.316000000E1	2.645109785E1	3.232680972E1
2.320000000E1	2.607603924E1	3.232480059E1
2.324000000E1	2.549604677E1	3.230289720E1
2.328000000E1	2.480464212E1	3.219361138E1
2.332000000E1	2.398539350E1	3.213330372E1
2.336000000E1	2.315995105E1	3.205625355E1
2.340000000E1	2.227878967E1	3.185113344E1
2.344000000E1	2.128068524E1	3.159804592E1
2.348000000E1	2.027697647E1	3.130579362E1
2.352000000E1	1.926465593E1	3.093935845E1
2.356000000E1	1.828277410E1	3.068541032E1
2.360000000E1	1.735407860E1	3.047846144E1
2.364000000E1	1.643590105E1	3.025193478E1
2.368000000E1	1.553401640E1	2.996836636E1
2.372000000E1	1.468611177E1	2.963696304E1
2.376000000E1	1.392587192E1	2.937403570E1
2.380000000E1	1.332478999E1	2.910473444E1
2.384000000E1	1.288139498E1	2.904446169E1
2.388000000E1	1.258020950E1	2.890373641E1
2.392000000E1	1.242725121E1	2.877904882E1
2.396000000E1	1.241000056E1	2.869436091E1
2.400000000E1	1.254472815E1	2.865450046E1
2.404000000E1	1.272360186E1	2.870437965E1
2.408000000E1	1.289329693E1	2.874111454E1
2.412000000E1	1.314071693E1	2.882357974E1
2.416000000E1	1.336151435E1	2.891229001E1
2.420000000E1	1.349949632E1	2.900410094E1
2.424000000E1	1.363111374E1	2.903893928E1
2.428000000E1	1.381441896E1	2.916247537E1
2.432000000E1	1.414921367E1	2.935643217E1
2.436000000E1	1.458715769E1	2.960305068E1
2.440000000E1	1.512548616E1	2.982708861E1
2.444000000E1	1.565568002E1	2.999849347E1
2.448000000E1	1.628733296E1	3.022575671E1
2.452000000E1	1.690582114E1	3.046653577E1
2.456000000E1	1.757806416E1	3.071150309E1
2.460000000E1	1.822253725E1	3.089937624E1
2.464000000E1	1.887162081E1	3.112321604E1
2.468000000E1	1.950223168E1	3.125808601E1
2.472000000E1	2.007341885E1	3.127278453E1
2.476000000E1	2.064385795E1	3.127526722E1
2.480000000E1	2.123284847E1	3.128630772E1
2.484000000E1	2.177441845E1	3.125824266E1
2.488000000E1	2.233198459E1	3.125805522E1
2.492000000E1	2.298823412E1	3.126382850E1
2.496000000E1	2.360299416E1	3.138134938E1
2.500000000E1	2.422440048E1	3.154098579E1
2.504000000E1	2.481332822E1	3.160958262E1
2.508000000E1	2.527490149E1	3.166191053E1
2.512000000E1	2.569725050E1	3.170810231E1
2.516000000E1	2.597422804E1	3.179767977E1
2.520000000E1	2.614985772E1	3.198441952E1
2.524000000E1	2.617763618E1	3.203732586E1
2.528000000E1	2.601885951E1	3.201713301E1
2.532000000E1	2.570549176E1	3.200882561E1
2.536000000E1	2.518108789E1	3.199848331E1
2.540000000E1	2.456619763E1	3.199248556E1
2.544000000E1	2.392987750E1	3.187652948E1
2.548000000E1	2.320675142E1	3.173852219E1
2.552000000E1	2.240561827E1	3.163567145E1
2.556000000E1	2.155826184E1	3.140202667E1
2.560000000E1	2.063988705E1	3.116400644E1
2.564000000E1	1.975476568E1	3.094036662E1
2.568000000E1	1.885203569E1	3.071352495E1
2.572000000E1	1.800717439E1	3.052145198E1
2.576000000E1	1.715674731E1	3.021764318E1
2.580000000E1	1.636967765E1	3.006224746E1
2.584000000E1	1.581475634E1	2.994292970E1
2.588000000E1	1.524927972E1	2.974734896E1
2.592000000E1	1.470890230E1	2.954539237E1
2.596000000E1	1.432684432E1	2.933120645E1
2.600000000E1	1.399206328E1	2.918144245E1
2.604000000E1	1.373694702E1	2.896896717E1
2.608000000E1	1.363230408E1	2.887997658E1
2.612000000E1	1.353555643E1	2.881980397E1
2.616000000E1	1.351565296E1	2.879971352E1
2.620000000E1	1.359263461E1	2.874328696E1
2.624000000E1	1.363579723E1	2.871925154E1
2.628000000E1	1.365014357E1	2.872021730E1
2.632000000E1	1.375695561E1	2.873714631E1
2.636000000E1	1.395573483E1	2.886849176E1
2.640000000E1	1.426317250E1	2.902464907E1
2.644000000E1	1.470248178E1	2.931266428E1
2.648000000E1	1.528116623E1	2.954904229E1
2.652000000E1	1.587296596E1	2.984649287E1
2.656000000E1	1.651612110E1	3.013598667E1
2.660000000E1	1.720412319E1	3.040641236E1
2.664000000E1	1.785443006E1	3.077329161E1
2.668000000E1	1.854660045E1	3.108667591E1
2.672000000E1	1.929319626E1	3.139703169E1
2.676000000E1	2.004395553E1	3.160998572E1
2.680000000E1	2.076012159E1	3.172649503E1
2.684000000E1	2.148065535E1	3.180331725E1
2.688000000E1	2.208215368E1	3.179373266E1
2.692000000E1	2.271287470E1	3.179603519E1
2.696000000E1	2.342238115E1	3.180166151E1
2.700000000E1	2.413000700E1	3.184861234E1
2.704000000E1	2.477777710E1	3.185286636E1
2.708000000E1	2.540701612E1	3.186479218E1
2.712000000E1	2.598248007E1	3.187433305E1
2.716000000E1	2.646410896E1	3.189512903E1
2.720000000E1	2.670784010E1	3.193004657E1
2.724000000E1	2.693766763E1	3.204439142E1
2.728000000E1	2.689588823E1	3.202676850E1
2.732000000E1	2.660871868E1	3.200826635E1
2.736000000E1	2.619365657E1	3.200515940E1
2.740000000E1	2.563476073E1	3.198335666E1
2.744000000E1	2.491271380E1	3.177755764E1
2.748000000E1	2.415242693E1	3.171460134E1
2.752000000E1	2.333938121E1	3.167524097E1
2.756000000E1	2.253298500E1	3.153563199E1
2.760000000E1	2.163586801E1	3.136255043E1
2.764000000E1	2.076572546E1	3.113561935E1
2.768000000E1	1.981241734E1	3.088059718E1
2.772000000E1	1.881609311E1	3.065311588E1
2.776000000E1	1.793949962E1	3.049097078E1
2.780000000E1	1.710336431E1	3.022544413E1
2.784000000E1	1.621771992E1	2.996316477E1
2.788000000E1	1.541284322E1	2.969501093E1
2.792000000E1	1.480462460E1	2.961462613E1
2.796000000E1	1.425065323E1	2.948716511E1
2.800000000E1	1.379047147E1	2.939050404E1
2.804000000E1	1.349189859E1	2.928619230E1
2.808000000E1	1.331914119E1	2.917193658E1
2.812000000E1	1.320362707E1	2.903197618E1
2.816000000E1	1.316004321E1	2.896353781E1
2.820000000E1	1.320642161E1	2.888330855E1
2.824000000E1	1.331775642E1	2.883710593E1
2.828000000E1	1.335528011E1	2.886898298E1
2.832000000E1	1.347961468E1	2.894647091E1
2.836000000E1	1.366019815E1	2.903979826E1
2.840000000E1	1.395028145E1	2.919482733E1
2.844000000E1	1.438079600E1	2.933542229E1
2.848000000E1	1.485369177E1	2.959385849E1
2.852000000E1	1.544583926E1	2.989468054E1
2.856000000E1	1.614205635E1	3.011070759E1
2.860000000E1	1.683309879E1	3.039409599E1
2.864000000E1	1.748452381E1	3.063847599E1
2.868000000E1	1.814633576E1	3.086714479E1
2.872000000E1	1.877625218E1	3.110572623E1
2.876000000E1	1.941512993E1	3.122767976E1
2.880000000E1	2.009430982E1	3.138001774E1
2.884000000E1	2.080845722E1	3.141324379E1
2.888000000E1	2.147537384E1	3.141582033E1
2.892000000E1	2.217463805E1	3.146103218E1
2.896000000E1	2.277886545E1	3.154008765E1
2.900000000E1	2.345954257E1	3.157299341E1
2.904000000E1	2.419108645E1	3.170388168E1
2.908000000E1	2.495919819E1	3.181899292E1
2.912000000E1	2.585812291E1	3.186501164E1
2.916000000E1	2.662074417E1	3.197715403E1
2.920000000E1	2.732824067E1	3.213601682E1
2.924000000E1	2.778971483E1	3.224692335E1
2.928000000E1	2.797570728E1	3.229615710E1
2.932000000E1	2.790334148E1	3.229243930E1
2.936000000E1	2.765108986E1	3.230217804E1
2.940000000E1	2.720348585E1	3.229412048E1
2.944000000E1	2.661354349E1	3.221121542E1
2.948000000E1	2.582250664E1	3.200369849E1
2.952000000E1	2.490955970E1	3.193609917E1
2.956000000E1	2.408024054E1	3.189856587E1
2.960000000E1	2.307232489E1	3.184643370E1
2.964000000E1	2.213822768E1	3.175595076E1
2.968000000E1	2.108816922E1	3.165640578E1
2.972000000E1	2.002669635E1	3.137890048E1
2.976000000E1	1.903157386E1	3.113684824E1
2.980000000E1	1.810798371E1	3.091375134E1
2.984000000E1	1.713756335E1	3.069468135E1
2.988000000E1	1.623527322E1	3.053392044E1
2.992000000E1	1.541913545E1	3.035099318E1
2.996000000E1	1.465623023E1	3.014679329E1
3.000000000E1	1.406417034E1	3.001924565E1
3.004000000E1	1.349090410E1	2.979439345E1
3.008000000E1	1.305239301E1	2.950748475E1
3.012000000E1	1.275406219E1	2.931284896E1
3.016000000E1	1.258343728E1	2.907173710E1
3.020000000E1	1.253462111E1	2.888189719E1
3.024000000E1	1.259830520E1	2.882702026E1
3.028000000E1	1.264034372E1	2.884896848E1
3.032000000E1	1.281520079E1	2.890393683E1
3.036000000E1	1.303295408E1	2.901265731E1
3.040000000E1	1.323864461E1	2.917616309E1
3.044000000E1	1.375240428E1	2.940218674E1
3.048000000E1	1.377372585E1	2.944728392E1
3.052000000E1	1.406163086E1	2.953381813E1
3.056000000E1	1.437506302E1	2.965501604E1
3.060000000E1	1.481062476E1	2.987850608E1
3.064000000E1	1.530871411E1	3.013770864E1
3.068000000E1	1.598034326E1	3.046497680E1
3.072000000E1	1.669677927E1	3.072353193E1
3.076000000E1	1.742228728E1	3.087269598E1
3.080000000E1	1.811309599E1	3.110743348E1
3.084000000E1	1.876573919E1	3.126564686E1
3.088000000E1	1.938651609E1	3.137732124E1
3.092000000E1	2.004523316E1	3.151275781E1
3.096000000E1	2.067758869E1	3.159687800E1
3.100000000E1	2.125559212E1	3.161114514E1
3.104000000E1	2.186148785E1	3.162584241E1
3.108000000E1	2.247896773E1	3.162009786E1
3.112000000E1	2.313482995E1	3.169557945E1
3.116000000E1	2.381138909E1	3.183702858E1
3.120000000E1	2.456471263E1	3.189657603E1
3.124000000E1	2.523773246E1	3.204589475E1
3.128000000E1	2.579516344E1	3.212557412E1
3.132000000E1	2.629486808E1	3.213261498E1
3.136000000E1	2.677057093E1	3.215593457E1
3.140000000E1	2.706413343E1	3.224644647E1
3.144000000E1	2.724083042E1	3.230100896E1
3.148000000E1	2.723593013E1	3.230595807E1
3.152000000E1	2.706402302E1	3.229757104E1
3.156000000E1	2.671494514E1	3.228774965E1
3.160000000E1	2.618434904E1	3.229411168E1
3.164000000E1	2.551733741E1	3.224453991E1
3.168000000E1	2.481101254E1	3.217154543E1
3.172000000E1	2.393424947E1	3.202608180E1
3.176000000E1	2.300864908E1	3.184235579E1
3.180000000E1	2.203296131E1	3.163478747E1
3.184000000E1	2.100990672E1	3.146126363E1
3.188000000E1	1.995087807E1	3.123421493E1
3.192000000E1	1.884222442E1	3.080186132E1
3.196000000E1	1.771083247E1	3.049705229E1
3.200000000E1	1.659753792E1	3.018666026E1
3.204000000E1	1.559298558E1	2.991805252E1
3.208000000E1	1.471313302E1	2.969858501E1
3.212000000E1	1.398143140E1	2.958811788E1
3.216000000E1	1.343308751E1	2.945302565E1
3.220000000E1	1.312301525E1	2.936060362E1
3.224000000E1	1.291280069E1	2.930314026E1
3.228000000E1	1.280985796E1	2.917519210E1
3.232000000E1	1.275409504E1	2.901004277E1
3.236000000E1	1.276773663E1	2.887954141E1
3.240000000E1	1.286204897E1	2.872799282E1
3.244000000E1	1.289000145E1	2.869831208E1
3.248000000E1	1.290400562E1	2.872555095E1
3.252000000E1	1.291322529E1	2.874849081E1
3.256000000E1	1.292926643E1	2.879014581E1
3.260000000E1	1.294799190E1	2.887042869E1
3.264000000E1	1.305336637E1	2.897385444E1
3.268000000E1	1.336001026E1	2.903811684E1
3.272000000E1	1.377188472E1	2.928205455E1
3.276000000E1	1.428300956E1	2.948160086E1
3.280000000E1	1.489376898E1	2.983292593E1
3.284000000E1	1.648675594E1	3.051341697E1
3.288000000E1	1.648257170E1	3.052572644E1
3.292000000E1	1.737622569E1	3.089211136E1
3.296000000E1	1.826325515E1	3.123318822E1
3.300000000E1	1.930607351E1	3.151421333E1
3.304000000E1	2.021539897E1	3.170971139E1
3.308000000E1	2.107148675E1	3.176409377E1
3.312000000E1	2.185749949E1	3.180626191E1
3.316000000E1	2.265994947E1	3.175497205E1
3.320000000E1	2.333427908E1	3.163383357E1
3.324000000E1	2.406548165E1	3.167715736E1
3.328000000E1	2.476934066E1	3.170532806E1
3.332000000E1	2.544104544E1	3.172376693E1
3.336000000E1	2.602706817E1	3.174168096E1
3.340000000E1	2.646716325E1	3.174668549E1
3.344000000E1	2.676786590E1	3.174440542E1
3.348000000E1	2.686462648E1	3.182732125E1
3.352000000E1	2.677972096E1	3.188611186E1
3.356000000E1	2.658613469E1	3.187280550E1
3.360000000E1	2.617833358E1	3.186553172E1
3.364000000E1	2.555329155E1	3.182612672E1
3.368000000E1	2.482891815E1	3.162270173E1
3.372000000E1	2.398406215E1	3.147064470E1
3.376000000E1	2.300614772E1	3.125988072E1
3.380000000E1	2.201335503E1	3.111585769E1
3.384000000E1	2.106387149E1	3.085972893E1
3.388000000E1	2.009897809E1	3.065574757E1
3.392000000E1	1.918917054E1	3.043411862E1
3.396000000E1	1.827080564E1	3.017598091E1
3.400000000E1	1.748904273E1	3.002792509E1
3.404000000E1	1.671498648E1	2.976759921E1
3.408000000E1	1.583530407E1	2.946952697E1
3.412000000E1	1.506990492E1	2.931245494E1
3.416000000E1	1.445456381E1	2.915402957E1
3.420000000E1	1.386023488E1	2.887470033E1
3.424000000E1	1.334891420E1	2.871098505E1
3.428000000E1	1.302229955E1	2.853641973E1
3.432000000E1	1.288106936E1	2.840702063E1
3.436000000E1	1.288560727E1	2.829133161E1
3.440000000E1	1.289952008E1	2.827088565E1
3.444000000E1	1.313666702E1	2.839148067E1
3.448000000E1	1.315965912E1	2.839017432E1
3.452000000E1	1.332216288E1	2.853525508E1
3.456000000E1	1.352532085E1	2.869621580E1
3.460000000E1	1.388672546E1	2.884503322E1
3.464000000E1	1.439754816E1	2.906357130E1
3.468000000E1	1.506475654E1	2.933106517E1
3.472000000E1	1.584713439E1	2.962838374E1
3.476000000E1	1.663032883E1	2.996998985E1
3.480000000E1	1.739341736E1	3.032788516E1
3.484000000E1	1.898336668E1	3.095132097E1
3.488000000E1	1.899048665E1	3.096158592E1
3.492000000E1	1.972253738E1	3.119287649E1
3.496000000E1	2.041493273E1	3.138278388E1
3.500000000E1	2.102816621E1	3.143565425E1
3.504000000E1	2.167412597E1	3.146321900E1
3.508000000E1	2.224177625E1	3.149171046E1
3.512000000E1	2.289261088E1	3.155105271E1
3.516000000E1	2.358271727E1	3.155657672E1
3.520000000E1	2.431649625E1	3.156273369E1
3.524000000E1	2.509871160E1	3.159173464E1
3.528000000E1	2.580865510E1	3.169303955E1
3.532000000E1	2.644189541E1	3.179469062E1
3.536000000E1	2.703473851E1	3.184090113E1
3.540000000E1	2.748121262E1	3.185143271E1
3.544000000E1	2.766309802E1	3.185954782E1
3.548000000E1	2.768412614E1	3.187160158E1
3.552000000E1	2.751781409E1	3.187075172E1
3.556000000E1	2.719553055E1	3.185686726E1
3.560000000E1	2.662258699E1	3.184821062E1
3.564000000E1	2.594893966E1	3.181521249E1
3.568000000E1	2.511075277E1	3.165902026E1
3.572000000E1	2.422798792E1	3.155119167E1
3.576000000E1	2.324092721E1	3.144442911E1
3.580000000E1	2.209504617E1	3.122590185E1
3.584000000E1	2.090126128E1	3.100804340E1
3.588000000E1	1.957707911E1	3.062804081E1
3.592000000E1	1.820330622E1	3.033137186E1
3.596000000E1	1.696280752E1	2.998867268E1
3.600000000E1	1.572255377E1	2.966402000E1
3.604000000E1	1.464554960E1	2.945006886E1
3.608000000E1	1.379330574E1	2.918540438E1
3.612000000E1	1.313313214E1	2.890536336E1
3.616000000E1	1.261595830E1	2.872401586E1
3.620000000E1	1.221713210E1	2.856758675E1
3.624000000E1	1.201254065E1	2.838753100E1
3.628000000E1	1.196398112E1	2.814483662E1
3.632000000E1	1.185582306E1	2.796121199E1
3.636000000E1	1.172560999E1	2.778541596E1
3.640000000E1	1.162855145E1	2.769449226E1
3.644000000E1	1.151318439E1	2.757781307E1
3.648000000E1	1.139763014E1	2.749916026E1
3.652000000E1	1.123347242E1	2.741672722E1
3.656000000E1	1.124397981E1	2.741961596E1
3.660000000E1	1.115657976E1	2.741387900E1
3.664000000E1	1.113112725E1	2.739246296E1
3.668000000E1	1.115905763E1	2.738229195E1
3.672000000E1	1.119197043E1	2.735726003E1
3.676000000E1	1.123186713E1	2.732352252E1
3.680000000E1	1.126023872E1	2.726580269E1
3.684000000E1	1.126041481E1	2.721332497E1
3.688000000E1	1.126093221E1	2.718651581E1
3.692000000E1	1.125153917E1	2.711106923E1
