axel
t	x	y
0.000000000E0	1.005000000E1	2.640000000E1
4.000000000E-2	1.003352421E1	2.644008047E1
8.000000000E-2	1.003908139E1	2.641920127E1
1.200000000E-1	1.004463844E1	2.641122564E1
1.600000000E-1	1.004656372E1	2.640587686E1
2.000000000E-1	1.004788874E1	2.640376296E1
2.400000000E-1	1.004847054E1	2.640261692E1
2.800000000E-1	1.005196120E1	2.640498899E1
3.200000000E-1	1.005530899E1	2.640758209E1
3.600000000E-1	1.004924441E1	2.640397452E1
4.000000000E-1	1.004508267E1	2.640306007E1
4.400000000E-1	1.004859850E1	2.640275481E1
4.800000000E-1	1.005196649E1	2.640301543E1
5.200000000E-1	1.005135460E1	2.640286155E1
5.600000000E-1	1.005086537E1	2.640020783E1
6.000000000E-1	1.004977761E1	2.639989626E1
6.400000000E-1	1.004901229E1	2.639947539E1
6.800000000E-1	1.004918371E1	2.639966722E1
7.200000000E-1	1.004928450E1	2.639977652E1
7.600000000E-1	1.004724267E1	2.640136501E1
8.000000000E-1	1.004460658E1	2.640338410E1
8.400000000E-1	1.004817988E1	2.640420308E1
8.800000000E-1	1.005006556E1	2.640306381E1
9.200000000E-1	1.005107917E1	2.640193241E1
9.600000000E-1	1.005188011E1	2.640148778E1
1.000000000E0	1.005461086E1	2.640434134E1
1.040000000E0	1.005246256E1	2.640254255E1
1.080000000E0	1.005133451E1	2.640151109E1
1.120000000E0	1.004784753E1	2.640061678E1
1.160000000E0	1.004400810E1	2.640026698E1
1.200000000E0	1.004547621E1	2.640464900E1
1.240000000E0	1.004590240E1	2.641028009E1
1.280000000E0	1.004529830E1	2.644819834E1
1.320000000E0	1.005713559E1	2.651834217E1
1.360000000E0	1.019699875E1	2.658144738E1
1.400000000E0	1.035226305E1	2.666562725E1
1.440000000E0	1.049713593E1	2.670423214E1
1.480000000E0	1.063724438E1	2.684014887E1
1.520000000E0	1.080778615E1	2.696679268E1
1.560000000E0	1.109621981E1	2.713110897E1
1.600000000E0	1.140037445E1	2.730907522E1
1.640000000E0	1.183097183E1	2.758173648E1
1.680000000E0	1.231950256E1	2.792174208E1
1.720000000E0	1.279899818E1	2.827141637E1
1.760000000E0	1.324672445E1	2.865473913E1
1.800000000E0	1.362774509E1	2.902732541E1
1.840000000E0	1.395924790E1	2.935885857E1
1.880000000E0	1.431763494E1	2.970372269E1
1.920000000E0	1.464380004E1	2.997936417E1
1.960000000E0	1.500582321E1	3.029428752E1
2.000000000E0	1.539609770E1	3.055131829E1
2.040000000E0	1.586610830E1	3.076858295E1
2.080000000E0	1.634864238E1	3.096678446E1
2.120000000E0	1.676810143E1	3.113840496E1
2.160000000E0	1.711137422E1	3.128900117E1
2.200000000E0	1.737870754E1	3.141853896E1
2.240000000E0	1.748881953E1	3.146202752E1
2.280000000E0	1.752172470E1	3.149123405E1
2.320000000E0	1.751615751E1	3.149812701E1
2.360000000E0	1.742603037E1	3.150396104E1
2.400000000E0	1.732133224E1	3.149964516E1
2.440000000E0	1.712535496E1	3.147184551E1
2.480000000E0	1.693944941E1	3.136049679E1
2.520000000E0	1.663587235E1	3.120399682E1
2.560000000E0	1.616965385E1	3.100625099E1
2.600000000E0	1.565547846E1	3.076734021E1
2.640000000E0	1.501241491E1	3.051621002E1
2.680000000E0	1.427103478E1	3.022140327E1
2.720000000E0	1.360475030E1	2.988566897E1
2.760000000E0	1.284837528E1	2.956194554E1
2.800000000E0	1.214296311E1	2.926476985E1
2.840000000E0	1.155973522E1	2.894296262E1
2.880000000E0	1.094445281E1	2.864821312E1
2.920000000E0	1.043774640E1	2.836330534E1
2.960000000E0	1.014398233E1	2.821008827E1
3.000000000E0	9.999476502E0	2.808116842E1
3.040000000E0	9.921640830E0	2.797660062E1
3.080000000E0	9.962205732E0	2.790516270E1
3.120000000E0	1.002544007E1	2.779048266E1
3.160000000E0	1.008837889E1	2.767257800E1
3.200000000E0	1.008619643E1	2.755925280E1
3.240000000E0	1.007276773E1	2.749025965E1
3.280000000E0	1.005275404E1	2.744744749E1
3.320000000E0	1.004374770E1	2.743350495E1
3.360000000E0	1.002832143E1	2.743623555E1
3.400000000E0	1.004726513E1	2.745426840E1
3.440000000E0	1.005822230E1	2.748703169E1
3.480000000E0	1.017622941E1	2.755738347E1
3.520000000E0	1.030179253E1	2.769896064E1
3.560000000E0	1.050734599E1	2.787458819E1
3.600000000E0	1.088356870E1	2.808137494E1
3.640000000E0	1.138699700E1	2.833058140E1
3.680000000E0	1.193932077E1	2.862034241E1
3.720000000E0	1.249951387E1	2.892020364E1
3.760000000E0	1.301327402E1	2.924929341E1
3.800000000E0	1.348178091E1	2.955097218E1
3.840000000E0	1.391193479E1	2.985102518E1
3.880000000E0	1.429975814E1	3.013494567E1
3.920000000E0	1.462819726E1	3.034780369E1
3.960000000E0	1.501353093E1	3.057765040E1
4.000000000E0	1.542614318E1	3.076119395E1
4.040000000E0	1.587427981E1	3.092238373E1
4.080000000E0	1.632931627E1	3.109670781E1
4.120000000E0	1.671408081E1	3.122364659E1
4.160000000E0	1.699701043E1	3.135500887E1
4.200000000E0	1.722901301E1	3.145189990E1
4.240000000E0	1.742606620E1	3.154496625E1
4.280000000E0	1.754274572E1	3.163570857E1
4.320000000E0	1.756757439E1	3.165017413E1
4.360000000E0	1.752875141E1	3.163917495E1
4.400000000E0	1.736412966E1	3.163075215E1
4.440000000E0	1.710323665E1	3.151347455E1
4.480000000E0	1.679390786E1	3.138677479E1
4.520000000E0	1.635853437E1	3.123806530E1
4.560000000E0	1.577397557E1	3.101475020E1
4.600000000E0	1.514468238E1	3.076054372E1
4.640000000E0	1.451933207E1	3.044882846E1
4.680000000E0	1.367199553E1	3.000077448E1
4.720000000E0	1.284645714E1	2.961799037E1
4.760000000E0	1.216430318E1	2.931573875E1
4.800000000E0	1.153947879E1	2.913036530E1
4.840000000E0	1.097403264E1	2.889386401E1
4.880000000E0	1.050648921E1	2.863637336E1
4.920000000E0	1.019681106E1	2.837407768E1
4.960000000E0	1.003792269E1	2.819184717E1
5.000000000E0	1.003129362E1	2.807192364E1
5.040000000E0	1.019359517E1	2.798454240E1
5.080000000E0	1.032001916E1	2.784946159E1
5.120000000E0	1.037197910E1	2.774486430E1
5.160000000E0	1.038349421E1	2.769395903E1
5.200000000E0	1.035684439E1	2.770269206E1
5.240000000E0	1.034344660E1	2.771027591E1
5.280000000E0	1.034492295E1	2.774031118E1
5.320000000E0	1.034881150E1	2.774783634E1
5.360000000E0	1.037233814E1	2.775930467E1
5.400000000E0	1.049866791E1	2.784848393E1
5.440000000E0	1.065370123E1	2.791772680E1
5.480000000E0	1.090425684E1	2.804532721E1
5.520000000E0	1.121389529E1	2.817912936E1
5.560000000E0	1.155850066E1	2.838221888E1
5.600000000E0	1.198231943E1	2.860411295E1
5.640000000E0	1.244347836E1	2.882815158E1
5.680000000E0	1.287455041E1	2.909059575E1
5.720000000E0	1.327336615E1	2.937105334E1
5.760000000E0	1.364001070E1	2.965357690E1
5.800000000E0	1.402676663E1	2.993467037E1
5.840000000E0	1.448115355E1	3.020147189E1
5.880000000E0	1.492063768E1	3.046426799E1
5.920000000E0	1.531280264E1	3.073762337E1
5.960000000E0	1.575546610E1	3.096562196E1
6.000000000E0	1.621750679E1	3.117642133E1
6.040000000E0	1.667627151E1	3.137833994E1
6.080000000E0	1.704783375E1	3.149615877E1
6.120000000E0	1.735844103E1	3.161431449E1
6.160000000E0	1.754440213E1	3.175579994E1
6.200000000E0	1.755068168E1	3.179892994E1
6.240000000E0	1.740689841E1	3.179583440E1
6.280000000E0	1.712242834E1	3.172558600E1
6.320000000E0	1.677203063E1	3.162827913E1
6.360000000E0	1.632793201E1	3.149529715E1
6.400000000E0	1.582773936E1	3.132180721E1
6.440000000E0	1.528938515E1	3.114919337E1
6.480000000E0	1.468765457E1	3.090776352E1
6.520000000E0	1.396780499E1	3.048506488E1
6.560000000E0	1.318414837E1	3.002864174E1
6.600000000E0	1.260553739E1	2.969230480E1
6.640000000E0	1.208958403E1	2.944738712E1
6.680000000E0	1.166272578E1	2.929975331E1
6.720000000E0	1.134411110E1	2.916734717E1
6.760000000E0	1.108100662E1	2.908728107E1
6.800000000E0	1.094721509E1	2.908901726E1
6.840000000E0	1.091773524E1	2.904730672E1
6.880000000E0	1.082858949E1	2.894593018E1
6.920000000E0	1.080130014E1	2.880765004E1
6.960000000E0	1.079795724E1	2.865046785E1
7.000000000E0	1.079517107E1	2.858445032E1
7.040000000E0	1.079466049E1	2.852467977E1
7.080000000E0	1.076698211E1	2.850169126E1
7.120000000E0	1.077134887E1	2.849207421E1
7.160000000E0	1.078191283E1	2.848274629E1
7.200000000E0	1.074457873E1	2.844723213E1
7.240000000E0	1.069548624E1	2.841494839E1
7.280000000E0	1.065358475E1	2.835627014E1
7.320000000E0	1.065127556E1	2.834207943E1
7.360000000E0	1.066000990E1	2.833441827E1
7.400000000E0	1.066927644E1	2.833884848E1
7.440000000E0	1.076269433E1	2.834356718E1
7.480000000E0	1.081017381E1	2.834431192E1
7.520000000E0	1.092596453E1	2.835703788E1
7.560000000E0	1.108085242E1	2.838715022E1
7.600000000E0	1.123008244E1	2.846226954E1
7.640000000E0	1.138540182E1	2.851145598E1
7.680000000E0	1.154985119E1	2.859918166E1
7.720000000E0	1.170713602E1	2.867019148E1
7.760000000E0	1.190627749E1	2.883135879E1
7.800000000E0	1.216773715E1	2.897791124E1
7.840000000E0	1.256480565E1	2.920556317E1
7.880000000E0	1.302634654E1	2.946992446E1
7.920000000E0	1.349270741E1	2.971531943E1
7.960000000E0	1.394523329E1	2.997772768E1
8.000000000E0	1.437936925E1	3.022610378E1
8.040000000E0	1.480935669E1	3.048296750E1
8.080000000E0	1.526837052E1	3.073406101E1
8.120000000E0	1.572034728E1	3.100881006E1
8.160000000E0	1.618767102E1	3.125698025E1
8.200000000E0	1.664150534E1	3.140906590E1
8.240000000E0	1.701821832E1	3.154064512E1
8.280000000E0	1.725044804E1	3.164301819E1
8.320000000E0	1.743623969E1	3.170722124E1
8.360000000E0	1.755907440E1	3.179677784E1
8.400000000E0	1.766615502E1	3.186479769E1
8.440000000E0	1.756442709E1	3.188860519E1
8.480000000E0	1.739396638E1	3.189658478E1
8.520000000E0	1.711871232E1	3.180001920E1
8.560000000E0	1.678317959E1	3.166413878E1
8.600000000E0	1.634510191E1	3.151842340E1
8.640000000E0	1.575367494E1	3.133074562E1
8.680000000E0	1.513906371E1	3.107070771E1
8.720000000E0	1.453275237E1	3.080307099E1
8.760000000E0	1.389070075E1	3.060428338E1
8.800000000E0	1.335326271E1	3.034420181E1
8.840000000E0	1.273869969E1	3.002429894E1
8.880000000E0	1.212072772E1	2.972280921E1
8.920000000E0	1.169367876E1	2.942903059E1
8.960000000E0	1.135471683E1	2.916237700E1
9.000000000E0	1.110095026E1	2.898804711E1
9.040000000E0	1.088871213E1	2.885133712E1
9.080000000E0	1.079462503E1	2.874368660E1
9.120000000E0	1.075897778E1	2.869272220E1
9.160000000E0	1.078637420E1	2.858763327E1
9.200000000E0	1.079232854E1	2.852112324E1
9.240000000E0	1.079990585E1	2.847382576E1
9.280000000E0	1.079936889E1	2.838841413E1
9.320000000E0	1.079467862E1	2.834140695E1
9.360000000E0	1.077235244E1	2.829302516E1
9.400000000E0	1.077448273E1	2.830655757E1
9.440000000E0	1.076575669E1	2.831367965E1
9.480000000E0	1.076743530E1	2.834260637E1
9.520000000E0	1.079938121E1	2.835434210E1
9.560000000E0	1.085171619E1	2.838656742E1
9.600000000E0	1.094446835E1	2.846262727E1
9.640000000E0	1.104689500E1	2.852866011E1
9.680000000E0	1.111882772E1	2.858318023E1
9.720000000E0	1.125344194E1	2.867851271E1
9.760000000E0	1.147084994E1	2.877893287E1
9.800000000E0	1.177478638E1	2.885701399E1
9.840000000E0	1.222236934E1	2.904855936E1
9.880000000E0	1.272965268E1	2.928000767E1
9.920000000E0	1.328335427E1	2.952500797E1
9.960000000E0	1.380695359E1	2.979883852E1
1.000000000E1	1.427793868E1	3.007868733E1
1.004000000E1	1.472188725E1	3.032672484E1
1.008000000E1	1.515337466E1	3.057651203E1
1.012000000E1	1.565018390E1	3.086924030E1
1.016000000E1	1.616529756E1	3.114671450E1
1.020000000E1	1.667492077E1	3.144649105E1
1.024000000E1	1.719987477E1	3.164527611E1
1.028000000E1	1.764284047E1	3.180242975E1
1.032000000E1	1.798423052E1	3.195006526E1
1.036000000E1	1.811738895E1	3.206561243E1
1.040000000E1	1.808570085E1	3.211093489E1
1.044000000E1	1.786939925E1	3.209453520E1
1.048000000E1	1.753454611E1	3.196945117E1
1.052000000E1	1.709391472E1	3.186536929E1
1.056000000E1	1.654382880E1	3.177402419E1
1.060000000E1	1.593524230E1	3.164559065E1
1.064000000E1	1.532238105E1	3.149050879E1
1.068000000E1	1.475050125E1	3.130781379E1
1.072000000E1	1.401411576E1	3.102417666E1
1.076000000E1	1.332927115E1	3.071058582E1
1.080000000E1	1.272114196E1	3.045050633E1
1.084000000E1	1.215353041E1	3.022251408E1
1.088000000E1	1.170169371E1	2.998141559E1
1.092000000E1	1.138778761E1	2.983001379E1
1.096000000E1	1.122487708E1	2.971199495E1
1.100000000E1	1.108120295E1	2.957520383E1
1.104000000E1	1.098243536E1	2.945219575E1
1.108000000E1	1.092543917E1	2.929760828E1
1.112000000E1	1.084259515E1	2.919772730E1
1.116000000E1	1.080804894E1	2.910846219E1
1.120000000E1	1.080177836E1	2.899750004E1
1.124000000E1	1.081063007E1	2.886678904E1
1.128000000E1	1.081602624E1	2.874243666E1
1.132000000E1	1.079802682E1	2.867941688E1
1.136000000E1	1.078322417E1	2.863093536E1
1.140000000E1	1.075914634E1	2.854396670E1
1.144000000E1	1.076013108E1	2.848944802E1
1.148000000E1	1.075834344E1	2.846042611E1
1.152000000E1	1.078727081E1	2.847015818E1
1.156000000E1	1.080243810E1	2.848543823E1
1.160000000E1	1.080446182E1	2.849710141E1
1.164000000E1	1.081868209E1	2.851712108E1
1.168000000E1	1.092709103E1	2.859740832E1
1.172000000E1	1.100372314E1	2.871338200E1
1.176000000E1	1.112763514E1	2.878639247E1
1.180000000E1	1.128143443E1	2.893856580E1
1.184000000E1	1.146132094E1	2.899533486E1
1.188000000E1	1.165014802E1	2.910656638E1
1.192000000E1	1.191685638E1	2.925320529E1
1.196000000E1	1.226661733E1	2.945568908E1
1.200000000E1	1.272778036E1	2.967249977E1
1.204000000E1	1.327629558E1	2.996616693E1
1.208000000E1	1.386006971E1	3.024904607E1
1.212000000E1	1.437247586E1	3.054773486E1
1.216000000E1	1.487056142E1	3.085036671E1
1.220000000E1	1.533144440E1	3.108800846E1
1.224000000E1	1.581677439E1	3.133443778E1
1.228000000E1	1.630946833E1	3.152144033E1
1.232000000E1	1.676225471E1	3.169114374E1
1.236000000E1	1.711236541E1	3.190332325E1
1.240000000E1	1.741190556E1	3.209611916E1
1.244000000E1	1.757412629E1	3.224670814E1
1.248000000E1	1.757590339E1	3.236894933E1
1.252000000E1	1.742242240E1	3.239271141E1
1.256000000E1	1.724581989E1	3.231379731E1
1.260000000E1	1.695727847E1	3.223479005E1
1.264000000E1	1.664649189E1	3.211297902E1
1.268000000E1	1.627859536E1	3.196708541E1
1.272000000E1	1.586164243E1	3.188368867E1
1.276000000E1	1.544570848E1	3.183479829E1
1.280000000E1	1.490795869E1	3.171178597E1
1.284000000E1	1.431659952E1	3.154732735E1
1.288000000E1	1.373887847E1	3.134624656E1
1.292000000E1	1.318381055E1	3.108130667E1
1.296000000E1	1.263944095E1	3.088038104E1
1.300000000E1	1.216755484E1	3.068500614E1
1.304000000E1	1.169278763E1	3.047346674E1
1.308000000E1	1.128322262E1	3.024793972E1
1.312000000E1	1.096919945E1	3.001672670E1
1.316000000E1	1.074442208E1	2.985533060E1
1.320000000E1	1.064810060E1	2.967239299E1
1.324000000E1	1.054547220E1	2.944972276E1
1.328000000E1	1.047130810E1	2.927911147E1
1.332000000E1	1.041275044E1	2.914528910E1
1.336000000E1	1.035654280E1	2.908183040E1
1.340000000E1	1.034830118E1	2.904190205E1
1.344000000E1	1.034974738E1	2.897810991E1
1.348000000E1	1.034967182E1	2.893245439E1
1.352000000E1	1.036492024E1	2.891067637E1
1.356000000E1	1.038308513E1	2.890568801E1
1.360000000E1	1.037958620E1	2.890941027E1
1.364000000E1	1.038241945E1	2.891532177E1
1.368000000E1	1.040128991E1	2.893574779E1
1.372000000E1	1.045539876E1	2.894501296E1
1.376000000E1	1.052743787E1	2.901643998E1
1.380000000E1	1.063663206E1	2.910382623E1
1.384000000E1	1.071949913E1	2.917405608E1
1.388000000E1	1.080168349E1	2.923139483E1
1.392000000E1	1.095338676E1	2.928142693E1
1.396000000E1	1.111021183E1	2.939416568E1
1.400000000E1	1.133535353E1	2.951677036E1
1.404000000E1	1.156527055E1	2.969121091E1
1.408000000E1	1.185012975E1	2.983007382E1
1.412000000E1	1.214802287E1	2.999949626E1
1.416000000E1	1.256350156E1	3.018584103E1
1.420000000E1	1.300526802E1	3.039834015E1
1.424000000E1	1.350768742E1	3.065740878E1
1.428000000E1	1.400516539E1	3.088599831E1
1.432000000E1	1.446658268E1	3.110863632E1
1.436000000E1	1.489189933E1	3.129664315E1
1.440000000E1	1.536128141E1	3.152461459E1
1.444000000E1	1.586456315E1	3.168802223E1
1.448000000E1	1.635920924E1	3.188326022E1
1.452000000E1	1.687051411E1	3.209684015E1
1.456000000E1	1.728959092E1	3.225424845E1
1.460000000E1	1.755587261E1	3.241344422E1
1.464000000E1	1.755944799E1	3.246498222E1
1.468000000E1	1.742099361E1	3.241330587E1
1.472000000E1	1.713873491E1	3.239727761E1
1.476000000E1	1.678345726E1	3.235033641E1
1.480000000E1	1.637331050E1	3.228792488E1
1.484000000E1	1.594552317E1	3.219875546E1
1.488000000E1	1.557390065E1	3.209356566E1
1.492000000E1	1.517067328E1	3.195991136E1
1.496000000E1	1.469823389E1	3.177795778E1
1.500000000E1	1.410030102E1	3.151726340E1
1.504000000E1	1.343321956E1	3.123683349E1
1.508000000E1	1.288023948E1	3.093474063E1
1.512000000E1	1.233333059E1	3.063550351E1
1.516000000E1	1.181402521E1	3.033165857E1
1.520000000E1	1.135383300E1	3.008601027E1
1.524000000E1	1.095143692E1	2.995159139E1
1.528000000E1	1.059911267E1	2.981972812E1
1.532000000E1	1.032442726E1	2.970070256E1
1.536000000E1	1.016848743E1	2.954203646E1
1.540000000E1	1.007506613E1	2.946680556E1
1.544000000E1	1.004671308E1	2.938326085E1
1.548000000E1	1.005935358E1	2.932468143E1
1.552000000E1	1.012698804E1	2.923104015E1
1.556000000E1	1.020454519E1	2.916520927E1
1.560000000E1	1.022029964E1	2.907383411E1
1.564000000E1	1.020730457E1	2.892514174E1
1.568000000E1	1.019733524E1	2.890077152E1
1.572000000E1	1.018471038E1	2.889435631E1
1.576000000E1	1.017949822E1	2.889324967E1
1.580000000E1	1.018585840E1	2.892073462E1
1.584000000E1	1.020037326E1	2.893846350E1
1.588000000E1	1.024403827E1	2.895579956E1
1.592000000E1	1.034279675E1	2.898381315E1
1.596000000E1	1.048254304E1	2.909064886E1
1.600000000E1	1.065779427E1	2.917818115E1
1.604000000E1	1.094559803E1	2.929410623E1
1.608000000E1	1.125474698E1	2.942548243E1
1.612000000E1	1.155835607E1	2.952938237E1
1.616000000E1	1.190030254E1	2.971355829E1
1.620000000E1	1.229086713E1	2.991357701E1
1.624000000E1	1.273050649E1	3.015399025E1
1.628000000E1	1.320891131E1	3.039216552E1
1.632000000E1	1.366669502E1	3.064877705E1
1.636000000E1	1.408833376E1	3.084954978E1
1.640000000E1	1.451938191E1	3.105518852E1
1.644000000E1	1.490247757E1	3.125122650E1
1.648000000E1	1.525393934E1	3.138928582E1
1.652000000E1	1.567496244E1	3.157318489E1
1.656000000E1	1.608289814E1	3.170680458E1
1.660000000E1	1.649490682E1	3.184456883E1
1.664000000E1	1.681736010E1	3.196258760E1
1.668000000E1	1.707633489E1	3.207133879E1
1.672000000E1	1.727761867E1	3.216051027E1
1.676000000E1	1.736946938E1	3.224938706E1
1.680000000E1	1.730459745E1	3.229931812E1
1.684000000E1	1.708887995E1	3.224454662E1
1.688000000E1	1.679750714E1	3.216705145E1
1.692000000E1	1.637498160E1	3.204745040E1
1.696000000E1	1.594197451E1	3.196766401E1
1.700000000E1	1.546901027E1	3.186972795E1
1.704000000E1	1.489342557E1	3.171518054E1
1.708000000E1	1.434075005E1	3.155285504E1
1.712000000E1	1.379021319E1	3.135150685E1
1.716000000E1	1.318518124E1	3.119133091E1
1.720000000E1	1.263377400E1	3.100445466E1
1.724000000E1	1.204412045E1	3.073852085E1
1.728000000E1	1.155471547E1	3.044630970E1
1.732000000E1	1.109443056E1	3.015993273E1
1.736000000E1	1.068954119E1	2.992388915E1
1.740000000E1	1.042751629E1	2.980789133E1
1.744000000E1	1.032182618E1	2.966676012E1
1.748000000E1	1.021497337E1	2.954007786E1
1.752000000E1	1.013436381E1	2.935117522E1
1.756000000E1	1.006133239E1	2.924033880E1
1.760000000E1	1.006504022E1	2.914535132E1
1.764000000E1	1.012617280E1	2.909462545E1
1.768000000E1	1.019053557E1	2.905482318E1
1.772000000E1	1.017022965E1	2.905102936E1
1.776000000E1	1.018650060E1	2.909590980E1
1.780000000E1	1.020491934E1	2.910888647E1
1.784000000E1	1.022797129E1	2.911444769E1
1.788000000E1	1.025484011E1	2.911155798E1
1.792000000E1	1.030310074E1	2.911071141E1
1.796000000E1	1.034553921E1	2.911079733E1
1.800000000E1	1.036466843E1	2.915480215E1
1.804000000E1	1.050705455E1	2.923012220E1
1.808000000E1	1.075441659E1	2.926028106E1
1.812000000E1	1.101396481E1	2.930171872E1
1.816000000E1	1.128052246E1	2.935779135E1
1.820000000E1	1.154204665E1	2.942908269E1
1.824000000E1	1.174314244E1	2.953231422E1
1.828000000E1	1.199520774E1	2.967000535E1
1.832000000E1	1.233108849E1	2.985906471E1
1.836000000E1	1.275065353E1	3.009273282E1
1.840000000E1	1.318378518E1	3.031265752E1
1.844000000E1	1.361286101E1	3.052234749E1
1.848000000E1	1.406985159E1	3.073399695E1
1.852000000E1	1.451266162E1	3.093642108E1
1.856000000E1	1.488221932E1	3.110097105E1
1.860000000E1	1.527873688E1	3.129935720E1
1.864000000E1	1.570925303E1	3.148449328E1
1.868000000E1	1.613639482E1	3.163452815E1
1.872000000E1	1.657060243E1	3.179703681E1
1.876000000E1	1.691391198E1	3.196855079E1
1.880000000E1	1.722073855E1	3.210033450E1
1.884000000E1	1.728290634E1	3.222410131E1
1.888000000E1	1.724057922E1	3.223049431E1
1.892000000E1	1.708757897E1	3.223726653E1
1.896000000E1	1.685181743E1	3.225186976E1
1.900000000E1	1.655286952E1	3.223629005E1
1.904000000E1	1.620141345E1	3.211986325E1
1.908000000E1	1.579997587E1	3.198186833E1
1.912000000E1	1.531349833E1	3.180590336E1
1.916000000E1	1.474794739E1	3.163787792E1
1.920000000E1	1.413269462E1	3.140065265E1
1.924000000E1	1.347354251E1	3.117628203E1
1.928000000E1	1.285716643E1	3.098613531E1
1.932000000E1	1.233888550E1	3.080704835E1
1.936000000E1	1.186510280E1	3.059418833E1
1.940000000E1	1.139527776E1	3.040461482E1
1.944000000E1	1.099165031E1	3.017727907E1
1.948000000E1	1.060150192E1	2.993003494E1
1.952000000E1	1.033981444E1	2.982843010E1
1.956000000E1	1.019545831E1	2.969428047E1
1.960000000E1	1.007375411E1	2.952539731E1
1.964000000E1	1.004212483E1	2.942107777E1
1.968000000E1	1.006036340E1	2.939316420E1
1.972000000E1	1.017640522E1	2.938800558E1
1.976000000E1	1.021969823E1	2.927955107E1
1.980000000E1	1.031358455E1	2.920828025E1
1.984000000E1	1.035434476E1	2.911757296E1
1.988000000E1	1.035908397E1	2.901909486E1
1.992000000E1	1.033884695E1	2.892766291E1
1.996000000E1	1.032174618E1	2.890725854E1
2.000000000E1	1.033158650E1	2.890854207E1
2.004000000E1	1.029320207E1	2.892391966E1
2.008000000E1	1.023858302E1	2.893725462E1
2.012000000E1	1.021651570E1	2.894251650E1
2.016000000E1	1.025554765E1	2.895101549E1
2.020000000E1	1.033169943E1	2.903477556E1
2.024000000E1	1.043867224E1	2.910790829E1
2.028000000E1	1.067107465E1	2.921496336E1
2.032000000E1	1.096644585E1	2.937670760E1
2.036000000E1	1.131825157E1	2.956448621E1
2.040000000E1	1.171489006E1	2.973901173E1
2.044000000E1	1.215019115E1	2.998724392E1
2.048000000E1	1.256056438E1	3.023520447E1
2.052000000E1	1.302178233E1	3.045635595E1
2.056000000E1	1.347012074E1	3.063092858E1
2.060000000E1	1.390517470E1	3.081517133E1
2.064000000E1	1.429394062E1	3.098800968E1
2.068000000E1	1.466098835E1	3.117317121E1
2.072000000E1	1.510808160E1	3.139614388E1
2.076000000E1	1.558044876E1	3.161218289E1
2.080000000E1	1.603690458E1	3.182839491E1
2.084000000E1	1.647303215E1	3.196238874E1
2.088000000E1	1.683278307E1	3.211066484E1
2.092000000E1	1.713205979E1	3.221969031E1
2.096000000E1	1.737502825E1	3.236887401E1
2.100000000E1	1.739105304E1	3.239651041E1
2.104000000E1	1.723262292E1	3.238728296E1
2.108000000E1	1.694785958E1	3.231710798E1
2.112000000E1	1.654637711E1	3.220421691E1
2.116000000E1	1.609836263E1	3.209515884E1
2.120000000E1	1.569568184E1	3.195607198E1
2.124000000E1	1.527248485E1	3.182949421E1
2.128000000E1	1.481907661E1	3.172332393E1
2.132000000E1	1.437352228E1	3.152888690E1
2.136000000E1	1.388323555E1	3.134796909E1
2.140000000E1	1.341543170E1	3.112793396E1
2.144000000E1	1.287150765E1	3.089699378E1
2.148000000E1	1.236268968E1	3.070815978E1
2.152000000E1	1.187003110E1	3.051963921E1
2.156000000E1	1.140191384E1	3.031829662E1
2.160000000E1	1.106737011E1	3.017657425E1
2.164000000E1	1.076409956E1	3.000074411E1
2.168000000E1	1.051260988E1	2.986552393E1
2.172000000E1	1.034479946E1	2.971305364E1
2.176000000E1	1.023662191E1	2.956747759E1
2.180000000E1	1.023122440E1	2.945326064E1
2.184000000E1	1.021503294E1	2.938900006E1
2.188000000E1	1.021280804E1	2.929882788E1
2.192000000E1	1.029050435E1	2.923670598E1
2.196000000E1	1.036027249E1	2.919394390E1
2.200000000E1	1.044597868E1	2.913880090E1
2.204000000E1	1.050775932E1	2.910109484E1
2.208000000E1	1.050821055E1	2.909085016E1
2.212000000E1	1.048862945E1	2.908801694E1
2.216000000E1	1.045069292E1	2.907467595E1
2.220000000E1	1.044217794E1	2.910389933E1
2.224000000E1	1.043139059E1	2.910956184E1
2.228000000E1	1.048847557E1	2.911675391E1
2.232000000E1	1.051977125E1	2.918217975E1
2.236000000E1	1.062666834E1	2.927112835E1
2.240000000E1	1.070957908E1	2.937419405E1
2.244000000E1	1.081529246E1	2.941947173E1
2.248000000E1	1.104569747E1	2.956898646E1
2.252000000E1	1.139559895E1	2.968612863E1
2.256000000E1	1.181405399E1	2.986646867E1
2.260000000E1	1.225561126E1	3.001639422E1
2.264000000E1	1.273964578E1	3.019516032E1
2.268000000E1	1.317191188E1	3.037151400E1
2.272000000E1	1.364177115E1	3.052410418E1
2.276000000E1	1.405347820E1	3.068882766E1
2.280000000E1	1.443705173E1	3.083743070E1
2.284000000E1	1.483768376E1	3.103381870E1
2.288000000E1	1.524174449E1	3.117051716E1
2.292000000E1	1.565237126E1	3.135088589E1
2.296000000E1	1.604351149E1	3.145905041E1
2.300000000E1	1.644499054E1	3.159455373E1
2.304000000E1	1.682306254E1	3.179138903E1
2.308000000E1	1.712129083E1	3.191962410E1
2.312000000E1	1.737748905E1	3.201720923E1
2.316000000E1	1.753046719E1	3.206893547E1
2.320000000E1	1.758479107E1	3.211836260E1
2.324000000E1	1.756068455E1	3.211402504E1
2.328000000E1	1.741025861E1	3.209893967E1
2.332000000E1	1.711905407E1	3.197894051E1
2.336000000E1	1.667880745E1	3.181610063E1
2.340000000E1	1.622389623E1	3.167280660E1
2.344000000E1	1.571386057E1	3.148540759E1
2.348000000E1	1.507259682E1	3.126864732E1
2.352000000E1	1.433149382E1	3.102666665E1
2.356000000E1	1.363869590E1	3.083075155E1
2.360000000E1	1.302749827E1	3.069699681E1
2.364000000E1	1.250678512E1	3.059784235E1
2.368000000E1	1.200598072E1	3.049280040E1
2.372000000E1	1.157588763E1	3.034756765E1
2.376000000E1	1.115091707E1	3.018406928E1
2.380000000E1	1.080059325E1	2.996515519E1
2.384000000E1	1.055904389E1	2.984108652E1
2.388000000E1	1.036599061E1	2.974235596E1
2.392000000E1	1.031048140E1	2.967975510E1
2.396000000E1	1.032866681E1	2.954952602E1
2.400000000E1	1.035437656E1	2.943590365E1
2.404000000E1	1.036800100E1	2.939246950E1
2.408000000E1	1.037105995E1	2.930624920E1
2.412000000E1	1.034211013E1	2.923560928E1
2.416000000E1	1.025594689E1	2.919873901E1
2.420000000E1	1.020331303E1	2.920790248E1
2.424000000E1	1.018955393E1	2.922998277E1
2.428000000E1	1.019295140E1	2.924000364E1
2.432000000E1	1.019474304E1	2.924452943E1
2.436000000E1	1.020088811E1	2.925106879E1
2.440000000E1	1.021127067E1	2.925833392E1
2.444000000E1	1.026801917E1	2.929056310E1
2.448000000E1	1.032443907E1	2.936858742E1
2.452000000E1	1.035585790E1	2.941476997E1
2.456000000E1	1.047378602E1	2.943289911E1
2.460000000E1	1.052073910E1	2.948961685E1
2.464000000E1	1.062781094E1	2.957678964E1
2.468000000E1	1.074178046E1	2.966098370E1
2.472000000E1	1.096376062E1	2.975109340E1
2.476000000E1	1.133868202E1	2.988859359E1
2.480000000E1	1.181569888E1	3.005987154E1
2.484000000E1	1.233885994E1	3.019010934E1
2.488000000E1	1.282671439E1	3.032279850E1
2.492000000E1	1.333431720E1	3.049088667E1
2.496000000E1	1.378288755E1	3.064695395E1
2.500000000E1	1.413675483E1	3.077036309E1
2.504000000E1	1.444182221E1	3.091274884E1
2.508000000E1	1.479901632E1	3.101130043E1
2.512000000E1	1.524442355E1	3.116241465E1
2.516000000E1	1.575103192E1	3.136484277E1
2.520000000E1	1.623898305E1	3.157970244E1
2.524000000E1	1.675138361E1	3.177711921E1
2.528000000E1	1.723894866E1	3.197123435E1
2.532000000E1	1.754791942E1	3.206946762E1
2.536000000E1	1.774231865E1	3.211914788E1
2.540000000E1	1.783321775E1	3.218417174E1
2.544000000E1	1.779204361E1	3.221191490E1
2.548000000E1	1.762564096E1	3.221264557E1
2.552000000E1	1.731259852E1	3.213317160E1
2.556000000E1	1.683420528E1	3.196840710E1
2.560000000E1	1.636166380E1	3.180468744E1
2.564000000E1	1.576000649E1	3.161021031E1
2.568000000E1	1.503849700E1	3.140313188E1
2.572000000E1	1.428418856E1	3.116920194E1
2.576000000E1	1.353034638E1	3.091995834E1
2.580000000E1	1.285811469E1	3.072463391E1
2.584000000E1	1.228459929E1	3.051625766E1
2.588000000E1	1.172186396E1	3.036908404E1
2.592000000E1	1.126373239E1	3.017929507E1
2.596000000E1	1.093030522E1	3.005148509E1
2.600000000E1	1.064751062E1	2.987986677E1
2.604000000E1	1.046905287E1	2.978153918E1
2.608000000E1	1.035394817E1	2.968771630E1
2.612000000E1	1.034955213E1	2.957225573E1
2.616000000E1	1.036220383E1	2.942564085E1
2.620000000E1	1.035448114E1	2.928910725E1
2.624000000E1	1.034827361E1	2.923851436E1
2.628000000E1	1.032781656E1	2.920731737E1
2.632000000E1	1.027212527E1	2.918064862E1
2.636000000E1	1.020585640E1	2.916871487E1
2.640000000E1	1.018919212E1	2.911268037E1
2.644000000E1	1.019608331E1	2.910431699E1
2.648000000E1	1.019892158E1	2.910471790E1
2.652000000E1	1.021523370E1	2.912652071E1
2.656000000E1	1.031016338E1	2.919358283E1
2.660000000E1	1.036256909E1	2.926688789E1
2.664000000E1	1.056512493E1	2.935389876E1
2.668000000E1	1.083919189E1	2.947716322E1
2.672000000E1	1.122250297E1	2.956122892E1
2.676000000E1	1.169041748E1	2.967420812E1
2.680000000E1	1.222743495E1	2.982811154E1
2.684000000E1	1.283774374E1	3.000274871E1
2.688000000E1	1.344491898E1	3.017725292E1
2.692000000E1	1.403696786E1	3.041432604E1
2.696000000E1	1.458779008E1	3.067370253E1
2.700000000E1	1.505760235E1	3.085321099E1
2.704000000E1	1.555898813E1	3.108937342E1
2.708000000E1	1.605900200E1	3.133899031E1
2.712000000E1	1.656464038E1	3.152128457E1
2.716000000E1	1.708909496E1	3.167572322E1
2.720000000E1	1.761985496E1	3.186129387E1
2.724000000E1	1.805997485E1	3.205224083E1
2.728000000E1	1.830824715E1	3.225901301E1
2.732000000E1	1.844215483E1	3.239859430E1
2.736000000E1	1.841770903E1	3.240774615E1
2.740000000E1	1.815240351E1	3.237614971E1
2.744000000E1	1.779070838E1	3.221293760E1
2.748000000E1	1.732778705E1	3.204345779E1
2.752000000E1	1.680855312E1	3.181688355E1
2.756000000E1	1.621875541E1	3.161675976E1
2.760000000E1	1.558132130E1	3.139514668E1
2.764000000E1	1.488231964E1	3.118090835E1
2.768000000E1	1.413069364E1	3.091771934E1
2.772000000E1	1.347916740E1	3.075148316E1
2.776000000E1	1.298326433E1	3.058403437E1
2.780000000E1	1.244411401E1	3.040567482E1
2.784000000E1	1.198703445E1	3.027613086E1
2.788000000E1	1.154498712E1	3.011315944E1
2.792000000E1	1.121214306E1	2.993768895E1
2.796000000E1	1.092610443E1	2.979338745E1
2.800000000E1	1.063515872E1	2.966819963E1
2.804000000E1	1.050138091E1	2.951142067E1
2.808000000E1	1.050048878E1	2.942329859E1
2.812000000E1	1.053752432E1	2.927878892E1
2.816000000E1	1.061343507E1	2.915690267E1
2.820000000E1	1.063584548E1	2.909254219E1
2.824000000E1	1.062400774E1	2.897335412E1
2.828000000E1	1.052159233E1	2.888248878E1
2.832000000E1	1.047907506E1	2.885584864E1
2.836000000E1	1.040807829E1	2.881760463E1
2.840000000E1	1.035983668E1	2.880793346E1
2.844000000E1	1.036785737E1	2.880812256E1
2.848000000E1	1.038373393E1	2.881036361E1
2.852000000E1	1.044923691E1	2.884634481E1
2.856000000E1	1.050107062E1	2.893535166E1
2.860000000E1	1.061534355E1	2.905237484E1
2.864000000E1	1.071613364E1	2.912775024E1
2.868000000E1	1.082805187E1	2.923580802E1
2.872000000E1	1.106715213E1	2.935211269E1
2.876000000E1	1.129527462E1	2.946978972E1
2.880000000E1	1.161560216E1	2.964463893E1
2.884000000E1	1.200697812E1	2.987732012E1
2.888000000E1	1.246516296E1	3.012115641E1
2.892000000E1	1.298369486E1	3.035980716E1
2.896000000E1	1.356839415E1	3.059261756E1
2.900000000E1	1.408490181E1	3.079784140E1
2.904000000E1	1.456021864E1	3.100547016E1
2.908000000E1	1.508182832E1	3.122270643E1
2.912000000E1	1.562162467E1	3.146020882E1
2.916000000E1	1.610890988E1	3.167859132E1
2.920000000E1	1.660890334E1	3.183204187E1
2.924000000E1	1.712397661E1	3.199871048E1
2.928000000E1	1.757199071E1	3.213269648E1
2.932000000E1	1.787781628E1	3.225959855E1
2.936000000E1	1.799049171E1	3.234670613E1
2.940000000E1	1.786592361E1	3.235998963E1
2.944000000E1	1.758325393E1	3.228645693E1
2.948000000E1	1.711353845E1	3.214051823E1
2.952000000E1	1.662082178E1	3.198684835E1
2.956000000E1	1.605369141E1	3.182222140E1
2.960000000E1	1.549749946E1	3.165268174E1
2.964000000E1	1.479176608E1	3.138918332E1
2.968000000E1	1.407900637E1	3.118870964E1
2.972000000E1	1.343137937E1	3.095304298E1
2.976000000E1	1.279293841E1	3.073409659E1
2.980000000E1	1.216189660E1	3.060733895E1
2.984000000E1	1.169348575E1	3.041388778E1
2.988000000E1	1.132526938E1	3.023072116E1
2.992000000E1	1.102883001E1	3.003554575E1
2.996000000E1	1.081097963E1	2.984056582E1
3.000000000E1	1.054172314E1	2.966242310E1
3.004000000E1	1.028400340E1	2.942511488E1
3.008000000E1	1.009657634E1	2.932012511E1
3.012000000E1	9.991729581E0	2.921801315E1
3.016000000E1	9.936860565E0	2.912014894E1
3.020000000E1	9.925987851E0	2.907399291E1
3.024000000E1	1.000764459E1	2.904117554E1
3.028000000E1	1.004465230E1	2.893706224E1
3.032000000E1	1.005103554E1	2.884124330E1
3.036000000E1	1.004636205E1	2.880267502E1
3.040000000E1	1.002955459E1	2.879091823E1
3.044000000E1	9.945952816E0	2.878578253E1
3.048000000E1	9.908001691E0	2.873502945E1
3.052000000E1	9.915310075E0	2.869103939E1
3.056000000E1	9.951780691E0	2.868149410E1
3.060000000E1	1.002053166E1	2.875618100E1
3.064000000E1	1.005927498E1	2.880091851E1
3.068000000E1	1.015696536E1	2.882074435E1
3.072000000E1	1.022544423E1	2.892660938E1
3.076000000E1	1.035807373E1	2.903386951E1
3.080000000E1	1.052865194E1	2.909357497E1
3.084000000E1	1.072584998E1	2.912826877E1
3.088000000E1	1.093527827E1	2.921632426E1
3.092000000E1	1.114437355E1	2.935019843E1
3.096000000E1	1.141391206E1	2.956766047E1
3.100000000E1	1.177342398E1	2.980907404E1
3.104000000E1	1.219770709E1	3.014859456E1
3.108000000E1	1.270452932E1	3.046423582E1
3.112000000E1	1.321247451E1	3.077551611E1
3.116000000E1	1.372269169E1	3.103751064E1
3.120000000E1	1.421065991E1	3.127467096E1
3.124000000E1	1.470694750E1	3.140116683E1
3.128000000E1	1.515878833E1	3.152302236E1
3.132000000E1	1.558588485E1	3.162920844E1
3.136000000E1	1.607034984E1	3.176147663E1
3.140000000E1	1.659765545E1	3.191811431E1
3.144000000E1	1.708425745E1	3.202444876E1
3.148000000E1	1.746834401E1	3.213107472E1
3.152000000E1	1.763029461E1	3.214911991E1
3.156000000E1	1.765885502E1	3.215488932E1
3.160000000E1	1.752598895E1	3.212488443E1
3.164000000E1	1.724208586E1	3.209613727E1
3.168000000E1	1.691775265E1	3.196863273E1
3.172000000E1	1.649505209E1	3.180656871E1
3.176000000E1	1.605313675E1	3.165728163E1
3.180000000E1	1.557719732E1	3.146370546E1
3.184000000E1	1.502602172E1	3.125967167E1
3.188000000E1	1.439826130E1	3.100706545E1
3.192000000E1	1.374488176E1	3.079558298E1
3.196000000E1	1.320444422E1	3.065049578E1
3.200000000E1	1.266722610E1	3.057006491E1
3.204000000E1	1.206192811E1	3.043690244E1
3.208000000E1	1.155601906E1	3.033021605E1
3.212000000E1	1.120994931E1	3.015997008E1
3.216000000E1	1.092462285E1	2.996642998E1
3.220000000E1	1.061228458E1	2.977522357E1
3.224000000E1	1.033290411E1	2.959333452E1
3.228000000E1	1.006668858E1	2.929923075E1
3.232000000E1	9.889182839E0	2.922736332E1
3.236000000E1	9.771106079E0	2.911012556E1
3.240000000E1	9.754712417E0	2.901095322E1
3.244000000E1	9.797204497E0	2.894375611E1
3.248000000E1	9.888503953E0	2.876794916E1
3.252000000E1	9.909170166E0	2.865790410E1
3.256000000E1	9.901597108E0	2.856040561E1
3.260000000E1	9.894421489E0	2.849812654E1
3.264000000E1	9.885944671E0	2.846190693E1
3.268000000E1	9.863251093E0	2.844884958E1
3.272000000E1	9.829536503E0	2.844886556E1
3.276000000E1	9.881159664E0	2.847754984E1
3.280000000E1	9.909066231E0	2.849570781E1
3.284000000E1	9.996400476E0	2.851920236E1
3.288000000E1	1.006951160E1	2.853245647E1
3.292000000E1	1.020359889E1	2.861672648E1
3.296000000E1	1.034488830E1	2.868411775E1
3.300000000E1	1.054407643E1	2.878665669E1
3.304000000E1	1.078720848E1	2.895142472E1
3.308000000E1	1.112478214E1	2.917302728E1
3.312000000E1	1.158957150E1	2.941949480E1
3.316000000E1	1.210772778E1	2.969324800E1
3.320000000E1	1.263594949E1	3.000291364E1
3.324000000E1	1.311965023E1	3.028627286E1
3.328000000E1	1.355855689E1	3.059904975E1
3.332000000E1	1.403183613E1	3.084445486E1
3.336000000E1	1.455873737E1	3.111744569E1
3.340000000E1	1.504394875E1	3.130377069E1
3.344000000E1	1.546831152E1	3.146540668E1
3.348000000E1	1.593423985E1	3.163078678E1
3.352000000E1	1.638401509E1	3.178689726E1
3.356000000E1	1.680427587E1	3.194639627E1
3.360000000E1	1.714815599E1	3.206138334E1
3.364000000E1	1.738776019E1	3.211028419E1
3.368000000E1	1.752949291E1	3.213773848E1
3.372000000E1	1.753752387E1	3.213098511E1
3.376000000E1	1.735567764E1	3.209691606E1
3.380000000E1	1.707975890E1	3.201353289E1
3.384000000E1	1.665641421E1	3.188964224E1
3.388000000E1	1.619091781E1	3.173970396E1
3.392000000E1	1.571524827E1	3.154624749E1
3.396000000E1	1.514917639E1	3.130930450E1
3.400000000E1	1.457842042E1	3.105341279E1
3.404000000E1	1.401204695E1	3.076561091E1
3.408000000E1	1.348698815E1	3.046011096E1
3.412000000E1	1.291043820E1	3.012027042E1
3.416000000E1	1.228373192E1	2.978689144E1
3.420000000E1	1.170472461E1	2.952203447E1
3.424000000E1	1.125839651E1	2.936499310E1
3.428000000E1	1.093031943E1	2.930311709E1
3.432000000E1	1.066566361E1	2.924396838E1
3.436000000E1	1.041240444E1	2.919022407E1
3.440000000E1	1.017551001E1	2.909447022E1
3.444000000E1	1.003203797E1	2.895936149E1
3.448000000E1	9.896341022E0	2.879941771E1
3.452000000E1	9.808347323E0	2.874970064E1
3.456000000E1	9.751521476E0	2.866888647E1
3.460000000E1	9.766403105E0	2.862635339E1
3.464000000E1	9.842924544E0	2.857538661E1
3.468000000E1	9.884621380E0	2.854891207E1
3.472000000E1	9.897025601E0	2.851858513E1
3.476000000E1	9.897715231E0	2.851308206E1
3.480000000E1	9.897974777E0	2.851072907E1
3.484000000E1	9.900176726E0	2.852629807E1
3.488000000E1	9.907481770E0	2.855945670E1
3.492000000E1	9.917617169E0	2.860428432E1
3.496000000E1	9.930287763E0	2.866816924E1
3.500000000E1	1.003583507E1	2.876404140E1
3.504000000E1	1.019639929E1	2.885370906E1
3.508000000E1	1.047840725E1	2.902751945E1
3.512000000E1	1.079029938E1	2.914414980E1
3.516000000E1	1.110579806E1	2.929046211E1
3.520000000E1	1.148251370E1	2.950940857E1
3.524000000E1	1.196789511E1	2.980113790E1
3.528000000E1	1.247949703E1	3.012228422E1
3.532000000E1	1.296641202E1	3.041684854E1
3.536000000E1	1.343298643E1	3.071270127E1
3.540000000E1	1.395596579E1	3.096546921E1
3.544000000E1	1.440684690E1	3.113239800E1
3.548000000E1	1.489739118E1	3.135610892E1
3.552000000E1	1.535509185E1	3.153371981E1
3.556000000E1	1.578173511E1	3.164562454E1
3.560000000E1	1.624760514E1	3.177528556E1
3.564000000E1	1.676473792E1	3.193666156E1
3.568000000E1	1.724814656E1	3.203414604E1
3.572000000E1	1.766822463E1	3.218569784E1
3.576000000E1	1.798327343E1	3.229431265E1
3.580000000E1	1.812113239E1	3.238780640E1
3.584000000E1	1.800239513E1	3.240002447E1
3.588000000E1	1.770704410E1	3.233145957E1
3.592000000E1	1.726615498E1	3.219814985E1
3.596000000E1	1.671926804E1	3.196731136E1
3.600000000E1	1.607841053E1	3.167342307E1
3.604000000E1	1.537066089E1	3.137167795E1
3.608000000E1	1.448902185E1	3.104555726E1
3.612000000E1	1.359977403E1	3.071619614E1
3.616000000E1	1.274685911E1	3.032337186E1
3.620000000E1	1.196419803E1	2.996386881E1
3.624000000E1	1.127023230E1	2.966629524E1
3.628000000E1	1.077096077E1	2.941217303E1
3.632000000E1	1.050329373E1	2.928586818E1
3.636000000E1	1.031756567E1	2.916848208E1
3.640000000E1	1.022936882E1	2.903058372E1
3.644000000E1	1.020461816E1	2.892372154E1
3.648000000E1	1.023478236E1	2.891159419E1
3.652000000E1	1.027956015E1	2.884810970E1
3.656000000E1	1.034184078E1	2.878625120E1
3.660000000E1	1.029521267E1	2.874602027E1
3.664000000E1	1.021596484E1	2.872347161E1
3.668000000E1	1.015425657E1	2.865358610E1
3.672000000E1	1.006573615E1	2.863444741E1
3.676000000E1	1.004887878E1	2.863003290E1
3.680000000E1	1.004749312E1	2.862820529E1
3.684000000E1	1.004695817E1	2.863577230E1
3.688000000E1	1.004657444E1	2.863920303E1
3.692000000E1	1.004180896E1	2.863204147E1
3.696000000E1	1.003526199E1	2.862863109E1
3.700000000E1	1.000925357E1	2.860166648E1
3.704000000E1	1.002318936E1	2.858805003E1
3.708000000E1	1.003590341E1	2.862335883E1
3.712000000E1	1.004042781E1	2.863178654E1
3.716000000E1	1.004308476E1	2.863651569E1
3.720000000E1	1.004520659E1	2.864514284E1
3.724000000E1	1.004599261E1	2.864860843E1
3.728000000E1	1.004618530E1	2.864779865E1
3.732000000E1	1.004856253E1	2.864814084E1
3.736000000E1	1.004879038E1	2.864377561E1
3.740000000E1	1.004917925E1	2.864427899E1
3.744000000E1	1.005423910E1	2.864456738E1
3.748000000E1	1.005708006E1	2.864762350E1
