axel
t	x	y
0.000000000E0	6.538577265E0	2.618242130E1
4.000000000E-2	6.532924249E0	2.618275938E1
8.000000000E-2	6.532007592E0	2.617301686E1
1.200000000E-1	6.528879964E0	2.616522486E1
1.600000000E-1	6.533406115E0	2.617802147E1
2.000000000E-1	6.535525594E0	2.617126224E1
2.400000000E-1	6.534843996E0	2.617410977E1
2.800000000E-1	6.535222208E0	2.617089909E1
3.200000000E-1	6.535451505E0	2.617869181E1
3.600000000E-1	6.532391731E0	2.617523219E1
4.000000000E-1	6.528124326E0	2.617109299E1
4.400000000E-1	6.527058471E0	2.616662104E1
4.800000000E-1	6.529450535E0	2.617119992E1
5.200000000E-1	6.531110640E0	2.617239130E1
5.600000000E-1	6.504882118E0	2.610599631E1
6.000000000E-1	6.470719240E0	2.605878323E1
6.400000000E-1	6.488394458E0	2.605521259E1
6.800000000E-1	6.518812945E0	2.605037592E1
7.200000000E-1	6.530843290E0	2.604356027E1
7.600000000E-1	6.595829275E0	2.606887459E1
8.000000000E-1	6.664227272E0	2.602346885E1
8.400000000E-1	6.803913137E0	2.604654694E1
8.800000000E-1	6.847031563E0	2.604780870E1
9.200000000E-1	6.839336786E0	2.604346672E1
9.600000000E-1	6.813415767E0	2.616645517E1
1.000000000E0	6.814888667E0	2.616728926E1
1.040000000E0	6.816986094E0	2.621492734E1
1.080000000E0	6.815370504E0	2.620867437E1
1.120000000E0	6.816671606E0	2.621372317E1
1.160000000E0	6.823207770E0	2.619872947E1
1.200000000E0	6.724021380E0	2.618024993E1
1.240000000E0	6.677617011E0	2.615638651E1
1.280000000E0	6.643166297E0	2.610798225E1
1.320000000E0	6.652329121E0	2.613823075E1
1.360000000E0	6.677808998E0	2.615707867E1
1.400000000E0	6.687877960E0	2.616538090E1
1.440000000E0	6.736508206E0	2.617629097E1
1.480000000E0	6.724730265E0	2.617959192E1
1.520000000E0	6.707820039E0	2.618094250E1
1.560000000E0	6.734379910E0	2.618590330E1
1.600000000E0	6.710683207E0	2.618385326E1
1.640000000E0	6.791918823E0	2.619789662E1
1.680000000E0	6.840225400E0	2.622042059E1
1.720000000E0	6.888621544E0	2.619701493E1
1.760000000E0	6.864532638E0	2.619209799E1
1.800000000E0	6.848824906E0	2.619929716E1
1.840000000E0	6.838745291E0	2.627793096E1
1.880000000E0	6.835377121E0	2.633404565E1
1.920000000E0	6.835022443E0	2.634729109E1
1.960000000E0	6.837056731E0	2.635055067E1
2.000000000E0	6.823455533E0	2.634228396E1
2.040000000E0	6.816462395E0	2.633193892E1
2.080000000E0	6.803590841E0	2.632094943E1
2.120000000E0	6.784554597E0	2.630744800E1
2.160000000E0	6.764495666E0	2.628945788E1
2.200000000E0	6.775240579E0	2.628313213E1
2.240000000E0	6.781328374E0	2.627510801E1
2.280000000E0	6.802961780E0	2.624951124E1
2.320000000E0	6.816931032E0	2.621661489E1
2.360000000E0	6.820155121E0	2.620011556E1
2.400000000E0	6.681974767E0	2.616488096E1
2.440000000E0	6.488241890E0	2.618801178E1
2.480000000E0	6.337859936E0	2.628083804E1
2.520000000E0	6.089061990E0	2.633895052E1
2.560000000E0	5.814300627E0	2.640303844E1
2.600000000E0	5.641771238E0	2.638384728E1
2.640000000E0	5.567592458E0	2.632351905E1
2.680000000E0	5.576874278E0	2.622940878E1
2.720000000E0	5.654423976E0	2.619924022E1
2.760000000E0	5.823992114E0	2.615571674E1
2.800000000E0	6.092653547E0	2.607915895E1
2.840000000E0	6.409664317E0	2.606733316E1
2.880000000E0	6.702656318E0	2.615979112E1
2.920000000E0	6.948316034E0	2.621112774E1
2.960000000E0	7.131242749E0	2.630513790E1
3.000000000E0	7.309924008E0	2.648733425E1
3.040000000E0	7.577395596E0	2.663255848E1
3.080000000E0	7.880815335E0	2.681477153E1
3.120000000E0	8.287591134E0	2.698746581E1
3.160000000E0	8.752813289E0	2.719484969E1
3.200000000E0	9.253583439E0	2.740778736E1
3.240000000E0	9.921161036E0	2.767426630E1
3.280000000E0	1.074706976E1	2.801450565E1
3.320000000E0	1.178694020E1	2.847946607E1
3.360000000E0	1.305951826E1	2.903886501E1
3.400000000E0	1.448861813E1	2.961805597E1
3.440000000E0	1.592101282E1	3.021802069E1
3.480000000E0	1.729099795E1	3.072262663E1
3.520000000E0	1.858589845E1	3.112002388E1
3.560000000E0	1.970047710E1	3.146712728E1
3.600000000E0	2.076722682E1	3.186414358E1
3.640000000E0	2.196929151E1	3.232818288E1
3.680000000E0	2.355458876E1	3.283240138E1
3.720000000E0	2.556632861E1	3.326222282E1
3.760000000E0	2.795345655E1	3.367144217E1
3.800000000E0	3.074253837E1	3.397684043E1
3.840000000E0	3.380549167E1	3.417303461E1
3.880000000E0	3.639358981E1	3.432423708E1
3.920000000E0	3.807720792E1	3.464916779E1
3.960000000E0	3.871454148E1	3.499814611E1
4.000000000E0	3.874286566E1	3.553822731E1
4.040000000E0	3.835416424E1	3.576529163E1
4.080000000E0	3.775362625E1	3.581428597E1
4.120000000E0	3.709299018E1	3.589405963E1
4.160000000E0	3.632620985E1	3.602239262E1
4.200000000E0	3.554879980E1	3.622774062E1
4.240000000E0	3.470685168E1	3.632345088E1
4.280000000E0	3.372796843E1	3.642037618E1
4.320000000E0	3.267006266E1	3.643301424E1
4.360000000E0	3.151842551E1	3.627478463E1
4.400000000E0	3.027325574E1	3.605023165E1
4.440000000E0	2.890414590E1	3.572941916E1
4.480000000E0	2.756392420E1	3.537441439E1
4.520000000E0	2.620655497E1	3.509358603E1
4.560000000E0	2.481635914E1	3.471047191E1
4.600000000E0	2.354419198E1	3.435919512E1
4.640000000E0	2.222432332E1	3.400051798E1
4.680000000E0	2.098236041E1	3.348979344E1
4.720000000E0	1.965376684E1	3.289955309E1
4.760000000E0	1.839497870E1	3.223247331E1
4.800000000E0	1.735953868E1	3.150805826E1
4.840000000E0	1.652219426E1	3.084410588E1
4.880000000E0	1.566152766E1	3.029268730E1
4.920000000E0	1.492566925E1	2.969881185E1
4.960000000E0	1.440533881E1	2.927112063E1
5.000000000E0	1.412482268E1	2.885405162E1
5.040000000E0	1.386951860E1	2.850878260E1
5.080000000E0	1.384820316E1	2.832767445E1
5.120000000E0	1.398797566E1	2.823110672E1
5.160000000E0	1.422335673E1	2.824185790E1
5.200000000E0	1.460108482E1	2.846969481E1
5.240000000E0	1.521547005E1	2.881475984E1
5.280000000E0	1.610399326E1	2.929102235E1
5.320000000E0	1.723674356E1	2.987865351E1
5.360000000E0	1.870510942E1	3.052092517E1
5.400000000E0	2.048046679E1	3.122708706E1
5.440000000E0	2.256049001E1	3.191836612E1
5.480000000E0	2.489897406E1	3.258997249E1
5.520000000E0	2.765641923E1	3.314215478E1
5.560000000E0	3.080412500E1	3.348329681E1
5.600000000E0	3.398996530E1	3.375750018E1
5.640000000E0	3.650544291E1	3.393684382E1
5.680000000E0	3.788426390E1	3.405943314E1
5.720000000E0	3.841368215E1	3.434972562E1
5.760000000E0	3.852786431E1	3.470384078E1
5.800000000E0	3.820195103E1	3.483301992E1
5.840000000E0	3.755459634E1	3.491838163E1
5.880000000E0	3.683448935E1	3.499406212E1
5.920000000E0	3.599447419E1	3.509866448E1
5.960000000E0	3.516888233E1	3.514841643E1
6.000000000E0	3.430622062E1	3.522193768E1
6.040000000E0	3.328389714E1	3.514320227E1
6.080000000E0	3.221870710E1	3.497750696E1
6.120000000E0	3.105299468E1	3.479892682E1
6.160000000E0	2.980945056E1	3.460369069E1
6.200000000E0	2.834437983E1	3.465150179E1
6.240000000E0	2.660469645E1	3.465291251E1
6.280000000E0	2.502433793E1	3.440865709E1
6.320000000E0	2.365976423E1	3.403444988E1
6.360000000E0	2.244778511E1	3.359151749E1
6.400000000E0	2.136487335E1	3.313638147E1
6.440000000E0	2.032728520E1	3.262807563E1
6.480000000E0	1.944594118E1	3.214439307E1
6.520000000E0	1.865076361E1	3.155362422E1
6.560000000E0	1.761191067E1	3.093282055E1
6.600000000E0	1.649104808E1	3.029903539E1
6.640000000E0	1.546215575E1	2.977582837E1
6.680000000E0	1.446924133E1	2.924328290E1
6.720000000E0	1.343012541E1	2.880441495E1
6.760000000E0	1.206483857E1	2.828085930E1
6.800000000E0	1.204975517E1	2.822472105E1
6.840000000E0	1.183039223E1	2.821416541E1
6.880000000E0	1.196637311E1	2.835742569E1
6.920000000E0	1.247104057E1	2.851120350E1
6.960000000E0	1.321045821E1	2.870729864E1
7.000000000E0	1.417471795E1	2.902724493E1
7.040000000E0	1.533713601E1	2.937191410E1
7.080000000E0	1.665703288E1	2.984046595E1
7.120000000E0	1.814085860E1	3.029531969E1
7.160000000E0	1.967978145E1	3.073448646E1
7.200000000E0	2.130603228E1	3.121436455E1
7.240000000E0	2.312932504E1	3.176118376E1
7.280000000E0	2.518797292E1	3.213031229E1
7.320000000E0	2.745865615E1	3.240505077E1
7.360000000E0	2.999598973E1	3.266243637E1
7.400000000E0	3.269671295E1	3.288141858E1
7.440000000E0	3.531229810E1	3.309162086E1
7.480000000E0	3.749962958E1	3.363516185E1
7.520000000E0	3.877828710E1	3.406492388E1
7.560000000E0	3.927019776E1	3.436234515E1
7.600000000E0	3.924790558E1	3.468999875E1
7.640000000E0	3.891987812E1	3.474777749E1
7.680000000E0	3.843169684E1	3.469598983E1
7.720000000E0	3.772443505E1	3.465861882E1
7.760000000E0	3.690188964E1	3.462963046E1
7.800000000E0	3.592748381E1	3.460050583E1
7.840000000E0	3.484160919E1	3.449452554E1
7.880000000E0	3.361755295E1	3.430873564E1
7.920000000E0	3.232968120E1	3.413850222E1
7.960000000E0	3.100725547E1	3.405331043E1
8.000000000E0	2.831498469E1	3.356652883E1
8.040000000E0	2.831502070E1	3.358688461E1
8.080000000E0	2.691124956E1	3.319420187E1
8.120000000E0	2.552541930E1	3.294339971E1
8.160000000E0	2.402378198E1	3.270570210E1
8.200000000E0	2.266488026E1	3.230969478E1
8.240000000E0	2.148007895E1	3.186696125E1
8.280000000E0	2.039686415E1	3.137056207E1
8.320000000E0	1.941043891E1	3.088940421E1
8.360000000E0	1.845627221E1	3.035877310E1
8.400000000E0	1.762687210E1	2.997127551E1
8.440000000E0	1.688036218E1	2.967507117E1
8.480000000E0	1.624648543E1	2.942135921E1
8.520000000E0	1.568889248E1	2.917195505E1
8.560000000E0	1.519010484E1	2.894275177E1
8.600000000E0	1.486585718E1	2.863293422E1
8.640000000E0	1.456826354E1	2.837357600E1
8.680000000E0	1.441783041E1	2.809133707E1
8.720000000E0	1.428372192E1	2.802213486E1
8.760000000E0	1.426873758E1	2.783141614E1
8.800000000E0	1.416968299E1	2.776457935E1
8.840000000E0	1.400201582E1	2.756502767E1
8.880000000E0	1.400058459E1	2.751722260E1
8.920000000E0	1.396160117E1	2.747775857E1
8.960000000E0	1.385349332E1	2.747675211E1
9.000000000E0	1.382168262E1	2.746788196E1
9.040000000E0	1.376338790E1	2.746180338E1
9.080000000E0	1.369888449E1	2.746563592E1
9.120000000E0	1.367443478E1	2.745992170E1
9.160000000E0	1.360234131E1	2.745945490E1
9.200000000E0	1.354312948E1	2.745775683E1
9.240000000E0	1.353259652E1	2.745341084E1
9.280000000E0	1.351307450E1	2.742860453E1
9.320000000E0	1.350179702E1	2.741209296E1
9.360000000E0	1.351578959E1	2.736569122E1
9.400000000E0	1.352051383E1	2.732877084E1
9.440000000E0	1.352616763E1	2.732089066E1
9.480000000E0	1.353154305E1	2.733422334E1
9.520000000E0	1.355843098E1	2.735279691E1
9.560000000E0	1.361626513E1	2.734588942E1
9.600000000E0	1.368172575E1	2.733193715E1
9.640000000E0	1.372800992E1	2.734382268E1
9.680000000E0	1.374432126E1	2.735629712E1
9.720000000E0	1.370709349E1	2.733525388E1
9.760000000E0	1.373691251E1	2.734194004E1
9.800000000E0	1.378171243E1	2.733033314E1
9.840000000E0	1.397461481E1	2.744967270E1
9.880000000E0	1.397724274E1	2.744968720E1
9.920000000E0	1.410334412E1	2.749022856E1
9.960000000E0	1.416906005E1	2.761029513E1
1.000000000E1	1.427718658E1	2.764087243E1
1.004000000E1	1.436906868E1	2.769279931E1
1.008000000E1	1.457400883E1	2.781202588E1
1.012000000E1	1.479162323E1	2.793692983E1
1.016000000E1	1.515413147E1	2.814286413E1
1.020000000E1	1.565089348E1	2.846769355E1
1.024000000E1	1.633797903E1	2.879485060E1
1.028000000E1	1.713167066E1	2.916155880E1
1.032000000E1	1.804240781E1	2.959684883E1
1.036000000E1	1.909950194E1	3.012353547E1
1.040000000E1	2.039913095E1	3.073712059E1
1.044000000E1	2.191613285E1	3.134960871E1
1.048000000E1	2.363579510E1	3.193134714E1
1.052000000E1	2.577886321E1	3.234589356E1
1.056000000E1	2.831795989E1	3.271795033E1
1.060000000E1	3.100960460E1	3.303263459E1
1.064000000E1	3.325333033E1	3.321795045E1
1.068000000E1	3.486769924E1	3.317243321E1
1.072000000E1	3.572933339E1	3.314899139E1
1.076000000E1	3.607342313E1	3.324533005E1
1.080000000E1	3.601558780E1	3.342744352E1
1.084000000E1	3.551625777E1	3.336093979E1
1.088000000E1	3.463602039E1	3.337949123E1
1.092000000E1	3.374372032E1	3.357976341E1
1.096000000E1	3.283058230E1	3.368451141E1
1.100000000E1	3.181018961E1	3.375239787E1
1.104000000E1	3.074773382E1	3.370278617E1
1.108000000E1	2.969795829E1	3.367757059E1
1.112000000E1	2.869009858E1	3.360291185E1
1.116000000E1	2.777240756E1	3.341540087E1
1.120000000E1	2.686225917E1	3.315311021E1
1.124000000E1	2.600971605E1	3.288607067E1
1.128000000E1	2.521366040E1	3.262085803E1
1.132000000E1	2.432696030E1	3.227161314E1
1.136000000E1	2.340720630E1	3.182574486E1
1.140000000E1	2.238516199E1	3.137212818E1
1.144000000E1	2.132133160E1	3.088959315E1
1.148000000E1	2.030947530E1	3.048197108E1
1.152000000E1	1.930443997E1	3.013902448E1
1.156000000E1	1.854157300E1	2.984868459E1
1.160000000E1	1.778158933E1	2.957423119E1
1.164000000E1	1.716313680E1	2.936338234E1
1.168000000E1	1.628524918E1	2.916998331E1
1.172000000E1	1.624983979E1	2.911992441E1
1.176000000E1	1.598452668E1	2.901738805E1
1.180000000E1	1.577815272E1	2.892848533E1
1.184000000E1	1.562826593E1	2.891797723E1
1.188000000E1	1.562973375E1	2.894978603E1
1.192000000E1	1.578921077E1	2.901581385E1
1.196000000E1	1.607252074E1	2.912795925E1
1.200000000E1	1.653979905E1	2.926638579E1
1.204000000E1	1.715476014E1	2.948352419E1
1.208000000E1	1.789355723E1	2.969883937E1
1.212000000E1	1.888965692E1	2.992202143E1
1.216000000E1	1.998652402E1	3.014254745E1
1.220000000E1	2.124545430E1	3.033226962E1
1.224000000E1	2.276940003E1	3.062024541E1
1.228000000E1	2.442919233E1	3.093865480E1
1.232000000E1	2.629376154E1	3.132450740E1
1.236000000E1	2.850458852E1	3.174892722E1
1.240000000E1	3.099444543E1	3.220709477E1
1.244000000E1	3.349859769E1	3.257501062E1
1.248000000E1	3.569392744E1	3.290389903E1
1.252000000E1	3.715876738E1	3.320565969E1
1.256000000E1	3.821818514E1	3.381555072E1
1.260000000E1	3.823275416E1	3.379760338E1
1.264000000E1	3.797291496E1	3.418106343E1
1.268000000E1	3.750459764E1	3.438625605E1
1.272000000E1	3.684898647E1	3.453182556E1
1.276000000E1	3.600851475E1	3.463674551E1
1.280000000E1	3.496209136E1	3.452060964E1
1.284000000E1	3.369449852E1	3.435351637E1
1.288000000E1	3.228166409E1	3.415766328E1
1.292000000E1	3.076505002E1	3.393191054E1
1.296000000E1	2.920248822E1	3.359229144E1
1.300000000E1	2.640074358E1	3.303232946E1
1.304000000E1	2.639729658E1	3.301481216E1
1.308000000E1	2.519209922E1	3.284970120E1
1.312000000E1	2.416581334E1	3.263280898E1
1.316000000E1	2.312766425E1	3.229344766E1
1.320000000E1	2.218846433E1	3.184780025E1
1.324000000E1	2.129851300E1	3.133169901E1
1.328000000E1	2.043522165E1	3.078931156E1
1.332000000E1	1.969354795E1	3.030996776E1
1.336000000E1	1.902673214E1	2.990239999E1
1.340000000E1	1.847565226E1	2.957130384E1
1.344000000E1	1.801300313E1	2.930002228E1
1.348000000E1	1.756600080E1	2.899079207E1
1.352000000E1	1.710969207E1	2.868903784E1
1.356000000E1	1.680333524E1	2.850792901E1
1.360000000E1	1.652646624E1	2.836633787E1
1.364000000E1	1.625287496E1	2.823608734E1
1.368000000E1	1.608425160E1	2.811514757E1
1.372000000E1	1.597261159E1	2.806901212E1
1.376000000E1	1.594143224E1	2.806677578E1
1.380000000E1	1.599401066E1	2.808827658E1
1.384000000E1	1.608172984E1	2.819497527E1
1.388000000E1	1.625125348E1	2.834658642E1
1.392000000E1	1.650158549E1	2.843446655E1
1.396000000E1	1.682537053E1	2.867188836E1
1.400000000E1	1.725901473E1	2.892673534E1
1.404000000E1	1.777019707E1	2.918259221E1
1.408000000E1	1.844824601E1	2.943902440E1
1.412000000E1	1.921783122E1	2.970799950E1
1.416000000E1	1.997035957E1	2.997377880E1
1.420000000E1	2.158387410E1	3.047455661E1
1.424000000E1	2.159216920E1	3.047746802E1
1.428000000E1	2.277515444E1	3.081103897E1
1.432000000E1	2.439426166E1	3.133846338E1
1.436000000E1	2.643674921E1	3.193780007E1
1.440000000E1	2.880889786E1	3.254510428E1
1.444000000E1	3.130121418E1	3.298964472E1
1.448000000E1	3.361942862E1	3.316306560E1
1.452000000E1	3.549794377E1	3.331710762E1
1.456000000E1	3.675596048E1	3.337525112E1
1.460000000E1	3.743412313E1	3.345186008E1
1.464000000E1	3.763972207E1	3.365914880E1
1.468000000E1	3.739222481E1	3.377141155E1
1.472000000E1	3.697314857E1	3.376545913E1
1.476000000E1	3.655293778E1	3.375878471E1
1.480000000E1	3.608971170E1	3.377289601E1
1.484000000E1	3.554844713E1	3.379396625E1
1.488000000E1	3.480230046E1	3.375181533E1
1.492000000E1	3.398598171E1	3.357291240E1
1.496000000E1	3.302430235E1	3.333072012E1
1.500000000E1	3.194388590E1	3.306536374E1
1.504000000E1	3.073145662E1	3.271294077E1
1.508000000E1	2.954843769E1	3.238679034E1
1.512000000E1	2.823640856E1	3.190843775E1
1.516000000E1	2.711009661E1	3.140609800E1
1.520000000E1	2.586883007E1	3.096972585E1
1.524000000E1	2.460292456E1	3.054391116E1
1.528000000E1	2.342397237E1	3.013591242E1
1.532000000E1	2.228746897E1	2.975613627E1
1.536000000E1	2.116684608E1	2.940022708E1
1.540000000E1	2.019428157E1	2.907640877E1
1.544000000E1	1.938573924E1	2.880623466E1
1.548000000E1	1.864226596E1	2.848105964E1
1.552000000E1	1.797834260E1	2.830396219E1
1.556000000E1	1.753032908E1	2.820704901E1
1.560000000E1	1.727027386E1	2.808597103E1
1.564000000E1	1.700063507E1	2.797984199E1
1.568000000E1	1.682337817E1	2.791793566E1
1.572000000E1	1.680026115E1	2.791912541E1
1.576000000E1	1.693935453E1	2.800856009E1
1.580000000E1	1.695642582E1	2.803438997E1
1.584000000E1	1.708612903E1	2.812675277E1
1.588000000E1	1.728236016E1	2.821023539E1
1.592000000E1	1.757158439E1	2.828528067E1
1.596000000E1	1.799415794E1	2.838435454E1
1.600000000E1	1.848791295E1	2.852301939E1
1.604000000E1	1.909666248E1	2.876927530E1
1.608000000E1	1.996679949E1	2.900528781E1
1.612000000E1	2.115720332E1	2.939400321E1
1.616000000E1	2.258594078E1	2.985726426E1
1.620000000E1	2.422091079E1	3.048335823E1
1.624000000E1	2.600654126E1	3.120481320E1
1.628000000E1	2.800087195E1	3.195199034E1
1.632000000E1	3.019279270E1	3.254465325E1
1.636000000E1	3.255081961E1	3.309327813E1
1.640000000E1	3.487395809E1	3.356910111E1
1.644000000E1	3.672619241E1	3.394373381E1
1.648000000E1	3.789566309E1	3.430055721E1
1.652000000E1	3.838388639E1	3.449978397E1
1.656000000E1	3.835397489E1	3.460930751E1
1.660000000E1	3.801283222E1	3.465090469E1
1.664000000E1	3.737328475E1	3.474950663E1
1.668000000E1	3.661419121E1	3.491133238E1
1.672000000E1	3.584662959E1	3.507240367E1
1.676000000E1	3.485916335E1	3.511712022E1
1.680000000E1	3.365031267E1	3.493538927E1
1.684000000E1	3.224391174E1	3.447457224E1
1.688000000E1	3.080646928E1	3.387343820E1
1.692000000E1	2.935056929E1	3.329782776E1
1.696000000E1	2.795840531E1	3.272232294E1
1.700000000E1	2.636643859E1	3.203956808E1
1.704000000E1	2.490141981E1	3.143515848E1
1.708000000E1	2.335850918E1	3.072274207E1
1.712000000E1	2.206957677E1	3.018849943E1
1.716000000E1	2.083938959E1	2.961947482E1
1.720000000E1	1.978874792E1	2.927365778E1
1.724000000E1	1.904877928E1	2.901817992E1
1.728000000E1	1.839529472E1	2.888158958E1
1.732000000E1	1.777881077E1	2.859520536E1
1.736000000E1	1.745333675E1	2.859948530E1
1.740000000E1	1.728755463E1	2.863428457E1
1.744000000E1	1.716238754E1	2.865265581E1
1.748000000E1	1.715575312E1	2.867740072E1
1.752000000E1	1.718461016E1	2.877219534E1
1.756000000E1	1.727451608E1	2.891846160E1
1.760000000E1	1.741265847E1	2.896844078E1
1.764000000E1	1.756473312E1	2.907830700E1
1.768000000E1	1.772241905E1	2.922749466E1
1.772000000E1	1.790062833E1	2.927531868E1
1.776000000E1	1.818209555E1	2.939669403E1
1.780000000E1	1.852197249E1	2.956750305E1
1.784000000E1	1.908531840E1	2.969406439E1
1.788000000E1	1.992857042E1	2.985962505E1
1.792000000E1	2.101843605E1	3.011287811E1
1.796000000E1	2.227046615E1	3.028166240E1
1.800000000E1	2.378358211E1	3.052983006E1
1.804000000E1	2.559473535E1	3.092861322E1
1.808000000E1	2.773548770E1	3.150280186E1
1.812000000E1	3.005888715E1	3.213952190E1
1.816000000E1	3.253550205E1	3.282815581E1
1.820000000E1	3.507918912E1	3.343770875E1
1.824000000E1	3.706294919E1	3.389345953E1
1.828000000E1	3.862620489E1	3.430697023E1
1.832000000E1	3.865004144E1	3.432274281E1
1.836000000E1	3.859325892E1	3.464247340E1
1.840000000E1	3.832422067E1	3.465986923E1
1.844000000E1	3.788840011E1	3.466066126E1
1.848000000E1	3.743600509E1	3.468494014E1
1.852000000E1	3.690809817E1	3.476987372E1
1.856000000E1	3.627904620E1	3.479479103E1
1.860000000E1	3.550022918E1	3.472423045E1
1.864000000E1	3.458328885E1	3.462988895E1
1.868000000E1	3.348240102E1	3.435674232E1
1.872000000E1	3.234044217E1	3.404208973E1
1.876000000E1	3.100930834E1	3.351891558E1
1.880000000E1	2.822701567E1	3.211293002E1
1.884000000E1	2.821907486E1	3.209427941E1
1.888000000E1	2.683318123E1	3.148223329E1
1.892000000E1	2.552023692E1	3.089885575E1
1.896000000E1	2.418002036E1	3.038801578E1
1.900000000E1	2.296224886E1	2.996980737E1
1.904000000E1	2.194854350E1	2.965532494E1
1.908000000E1	2.102071778E1	2.939516182E1
1.912000000E1	2.023660835E1	2.917110823E1
1.916000000E1	1.956672035E1	2.898947960E1
1.920000000E1	1.890524293E1	2.867528123E1
1.924000000E1	1.837140540E1	2.840252815E1
1.928000000E1	1.787166755E1	2.812766871E1
1.932000000E1	1.740908099E1	2.794154362E1
1.936000000E1	1.712011362E1	2.781328244E1
1.940000000E1	1.693714380E1	2.775037413E1
1.944000000E1	1.681383155E1	2.775852180E1
1.948000000E1	1.682022721E1	2.776784537E1
1.952000000E1	1.685718016E1	2.782447853E1
1.956000000E1	1.706446944E1	2.792446165E1
1.960000000E1	1.741174025E1	2.805933616E1
1.964000000E1	1.782020400E1	2.829062436E1
1.968000000E1	1.833858286E1	2.854161773E1
1.972000000E1	1.892642848E1	2.882615660E1
1.976000000E1	1.965473702E1	2.908290282E1
1.980000000E1	2.047349159E1	2.944378836E1
1.984000000E1	2.148778899E1	2.981536832E1
1.988000000E1	2.274341607E1	3.036162920E1
1.992000000E1	2.434090163E1	3.090547910E1
1.996000000E1	2.616252579E1	3.147317453E1
2.000000000E1	2.824416377E1	3.207867147E1
2.004000000E1	3.059742025E1	3.256294029E1
2.008000000E1	3.332571568E1	3.274154357E1
2.012000000E1	3.325350503E1	3.389978129E1
2.016000000E1	3.807720792E1	3.359082448E1
2.020000000E1	3.930135156E1	3.374482995E1
2.024000000E1	3.985137321E1	3.404159264E1
2.028000000E1	3.985802936E1	3.431219481E1
2.032000000E1	3.973593640E1	3.434861240E1
2.036000000E1	3.937777219E1	3.441950062E1
2.040000000E1	3.899740172E1	3.448863957E1
2.044000000E1	3.849544551E1	3.458950739E1
2.048000000E1	3.805874710E1	3.467041296E1
2.052000000E1	3.745786649E1	3.475639768E1
2.056000000E1	3.675860647E1	3.483339946E1
2.060000000E1	3.586391519E1	3.483722085E1
2.064000000E1	3.478118226E1	3.472562527E1
2.068000000E1	3.364107360E1	3.462605679E1
2.072000000E1	3.233612595E1	3.438682492E1
2.076000000E1	3.108050388E1	3.415105269E1
2.080000000E1	2.971336954E1	3.385731621E1
2.084000000E1	2.839324897E1	3.347734723E1
2.088000000E1	2.704245560E1	3.302141708E1
2.092000000E1	2.565860599E1	3.261028753E1
2.096000000E1	2.456701454E1	3.235498111E1
2.100000000E1	2.359158772E1	3.213219034E1
2.104000000E1	2.261490106E1	3.183447878E1
2.108000000E1	2.169115140E1	3.162734052E1
2.112000000E1	2.105677744E1	3.148164998E1
2.116000000E1	2.046247624E1	3.125653652E1
2.120000000E1	1.991745982E1	3.104968870E1
2.124000000E1	1.961476242E1	3.084307191E1
2.128000000E1	1.947594886E1	3.065254300E1
2.132000000E1	1.947252047E1	3.051929696E1
2.136000000E1	1.957508509E1	3.043698506E1
2.140000000E1	1.969393947E1	3.043124107E1
2.144000000E1	1.996589088E1	3.045192273E1
2.148000000E1	2.027635691E1	3.050652232E1
2.152000000E1	2.066700090E1	3.059466693E1
2.156000000E1	2.116196180E1	3.074375226E1
2.160000000E1	2.170565814E1	3.088620542E1
2.164000000E1	2.245030011E1	3.107688115E1
2.168000000E1	2.339328336E1	3.136926415E1
2.172000000E1	2.451423127E1	3.166646643E1
2.176000000E1	2.582413291E1	3.195887315E1
2.180000000E1	2.737093459E1	3.224907592E1
2.184000000E1	2.920762909E1	3.266641080E1
2.188000000E1	3.135570166E1	3.313595181E1
2.192000000E1	3.357947534E1	3.347464385E1
2.196000000E1	3.582246078E1	3.364710938E1
2.200000000E1	3.775212159E1	3.373243335E1
2.204000000E1	3.906582877E1	3.399304410E1
2.208000000E1	3.995783808E1	3.419523159E1
2.212000000E1	4.031208283E1	3.450787601E1
2.216000000E1	4.034035450E1	3.483694672E1
2.220000000E1	3.990669989E1	3.507101995E1
2.224000000E1	3.957756103E1	3.512562980E1
2.228000000E1	3.906125550E1	3.522818881E1
2.232000000E1	3.847704824E1	3.536224015E1
2.236000000E1	3.784339362E1	3.541204432E1
2.240000000E1	3.701558786E1	3.536378776E1
2.244000000E1	3.613083605E1	3.528315095E1
2.248000000E1	3.500245123E1	3.507500799E1
2.252000000E1	3.383679504E1	3.477711707E1
2.256000000E1	3.269300088E1	3.456261117E1
2.260000000E1	3.146683433E1	3.429398474E1
2.264000000E1	3.027629604E1	3.407724693E1
2.268000000E1	2.907945658E1	3.386560375E1
2.272000000E1	2.787737981E1	3.366355089E1
2.276000000E1	2.670019425E1	3.336686744E1
2.280000000E1	2.561324951E1	3.309300872E1
2.284000000E1	2.460398744E1	3.270956506E1
2.288000000E1	2.369759566E1	3.239868375E1
2.292000000E1	2.299078778E1	3.203118742E1
2.296000000E1	2.239670702E1	3.176465756E1
2.300000000E1	2.142103927E1	3.084928575E1
2.304000000E1	2.144629016E1	3.086438585E1
2.308000000E1	2.104031278E1	3.036157387E1
2.312000000E1	2.058660992E1	3.000083540E1
2.316000000E1	2.021369091E1	2.969124523E1
2.320000000E1	1.986434719E1	2.945529969E1
2.324000000E1	1.954626264E1	2.924855597E1
2.328000000E1	1.934204298E1	2.911500031E1
2.332000000E1	1.923356094E1	2.899373432E1
2.336000000E1	1.933639434E1	2.893404399E1
2.340000000E1	1.950966766E1	2.894221883E1
2.344000000E1	1.980029334E1	2.895990129E1
2.348000000E1	2.012432467E1	2.908991940E1
2.352000000E1	2.056750882E1	2.924958441E1
2.356000000E1	2.119009331E1	2.955732455E1
2.360000000E1	2.206968153E1	3.007769187E1
2.364000000E1	2.325022174E1	3.069863115E1
2.368000000E1	2.462914423E1	3.131069952E1
2.372000000E1	2.629948322E1	3.188533363E1
2.376000000E1	2.831102320E1	3.241345686E1
2.380000000E1	3.052377525E1	3.281277463E1
2.384000000E1	3.299232293E1	3.319093932E1
2.388000000E1	3.550938622E1	3.338345266E1
2.392000000E1	3.784790646E1	3.349513360E1
2.396000000E1	3.958246863E1	3.344960589E1
2.400000000E1	4.091299876E1	3.345519770E1
2.404000000E1	4.150701299E1	3.358007641E1
2.408000000E1	4.181271676E1	3.376141996E1
2.412000000E1	4.152332837E1	3.402037023E1
2.416000000E1	4.122142374E1	3.417604748E1
2.420000000E1	4.075324845E1	3.431501563E1
2.424000000E1	4.021034710E1	3.435377107E1
2.428000000E1	3.949015709E1	3.433512989E1
2.432000000E1	3.860245006E1	3.421055995E1
2.436000000E1	3.627032381E1	3.386681483E1
2.440000000E1	3.626556967E1	3.388041225E1
2.444000000E1	3.492641149E1	3.364959501E1
2.448000000E1	3.347682433E1	3.339903200E1
2.452000000E1	3.194575276E1	3.303874885E1
2.456000000E1	3.033680309E1	3.257679803E1
2.460000000E1	2.884194952E1	3.213005801E1
2.464000000E1	2.725938691E1	3.178657769E1
2.468000000E1	2.555779834E1	3.121324285E1
2.472000000E1	2.400545297E1	3.071268961E1
2.476000000E1	2.264991545E1	3.043823257E1
2.480000000E1	2.134708506E1	3.027736203E1
2.484000000E1	2.018834258E1	3.006137754E1
2.488000000E1	1.925338779E1	2.978673479E1
2.492000000E1	1.849297274E1	2.950962870E1
2.496000000E1	1.797116465E1	2.921550550E1
2.500000000E1	1.759022563E1	2.896747550E1
2.504000000E1	1.728640660E1	2.870384824E1
2.508000000E1	1.710327258E1	2.849055921E1
2.512000000E1	1.697602724E1	2.835106732E1
2.516000000E1	1.696967694E1	2.830613063E1
2.520000000E1	1.712327450E1	2.834913227E1
2.524000000E1	1.742066704E1	2.843772675E1
2.528000000E1	1.787038818E1	2.864808861E1
2.532000000E1	1.836249941E1	2.890152296E1
2.536000000E1	1.893848574E1	2.922748107E1
2.540000000E1	1.970548982E1	2.963173509E1
2.544000000E1	2.077793355E1	3.019087671E1
2.548000000E1	2.218694916E1	3.076413893E1
2.552000000E1	2.397176702E1	3.144796197E1
2.556000000E1	2.610990351E1	3.215397735E1
2.560000000E1	2.863183969E1	3.276234050E1
2.564000000E1	3.138517309E1	3.319571691E1
2.568000000E1	3.419430710E1	3.341305451E1
2.572000000E1	3.669781920E1	3.341363118E1
2.576000000E1	3.867704896E1	3.331572937E1
2.580000000E1	3.986089404E1	3.344180116E1
2.584000000E1	4.029681958E1	3.372473668E1
2.588000000E1	4.029413868E1	3.388739121E1
2.592000000E1	3.996729378E1	3.388654081E1
2.596000000E1	3.944914580E1	3.390383892E1
2.600000000E1	3.889621946E1	3.391802214E1
2.604000000E1	3.823684767E1	3.392428173E1
2.608000000E1	3.644068161E1	3.394292926E1
2.612000000E1	3.643611695E1	3.390957546E1
2.616000000E1	3.523799462E1	3.374267932E1
2.620000000E1	3.410156890E1	3.355051843E1
2.624000000E1	3.284846026E1	3.335434117E1
2.628000000E1	3.146491910E1	3.313568933E1
2.632000000E1	3.011425537E1	3.287608567E1
2.636000000E1	2.881868060E1	3.265282560E1
2.640000000E1	2.738643704E1	3.232638051E1
2.644000000E1	2.603749846E1	3.197226332E1
2.648000000E1	2.467831206E1	3.159214329E1
2.652000000E1	2.328525334E1	3.131717291E1
2.656000000E1	2.117577376E1	3.094355105E1
2.660000000E1	2.117142061E1	3.092760548E1
2.664000000E1	2.015776153E1	3.060926193E1
2.668000000E1	1.924276038E1	3.019202631E1
2.672000000E1	1.848523196E1	2.971293219E1
2.676000000E1	1.776913743E1	2.934431053E1
2.680000000E1	1.717637492E1	2.910496615E1
2.684000000E1	1.671513971E1	2.895181979E1
2.688000000E1	1.645363947E1	2.886061704E1
2.692000000E1	1.639078527E1	2.878725919E1
2.696000000E1	1.641810446E1	2.877606711E1
2.700000000E1	1.660673417E1	2.875283445E1
2.704000000E1	1.687249655E1	2.879714232E1
2.708000000E1	1.714541988E1	2.880979884E1
2.712000000E1	1.752061410E1	2.884772626E1
2.716000000E1	1.792429631E1	2.892609946E1
2.720000000E1	1.843608183E1	2.905740886E1
2.724000000E1	1.918797407E1	2.925314040E1
2.728000000E1	2.013916091E1	2.954159142E1
2.732000000E1	2.142746291E1	2.992861671E1
2.736000000E1	2.307235105E1	3.050152562E1
2.740000000E1	2.507854324E1	3.118610526E1
2.744000000E1	2.745022012E1	3.190148766E1
2.748000000E1	3.018122310E1	3.251986470E1
2.752000000E1	3.532551531E1	3.337915581E1
2.756000000E1	3.532320154E1	3.338144157E1
2.760000000E1	3.767196077E1	3.366641010E1
2.764000000E1	3.934527370E1	3.394497410E1
2.768000000E1	4.049089000E1	3.409476569E1
2.772000000E1	4.094009968E1	3.438437805E1
2.776000000E1	4.088885435E1	3.470715374E1
2.780000000E1	4.059796153E1	3.474082970E1
2.784000000E1	4.013869841E1	3.472394081E1
2.788000000E1	3.966539982E1	3.469876723E1
2.792000000E1	3.857559531E1	3.472203097E1
2.796000000E1	3.859377048E1	3.472209584E1
2.800000000E1	3.788174822E1	3.473142059E1
2.804000000E1	3.707343045E1	3.468281225E1
2.808000000E1	3.623612523E1	3.465554734E1
2.812000000E1	3.526285878E1	3.456459672E1
2.816000000E1	3.425959781E1	3.448879323E1
2.820000000E1	3.316043403E1	3.429118918E1
2.824000000E1	3.211361810E1	3.409826682E1
2.828000000E1	3.089048912E1	3.380419847E1
2.832000000E1	2.951745091E1	3.348659020E1
2.836000000E1	2.802336276E1	3.304727249E1
2.840000000E1	2.663817866E1	3.262764687E1
2.844000000E1	2.541930697E1	3.231206864E1
2.848000000E1	2.431582119E1	3.198789572E1
2.852000000E1	2.314041859E1	3.165722893E1
2.856000000E1	2.198120488E1	3.103661908E1
2.860000000E1	2.095128821E1	3.046842733E1
2.864000000E1	2.003362577E1	3.004356011E1
2.868000000E1	1.922516806E1	2.968014710E1
2.872000000E1	1.857901690E1	2.941752821E1
2.876000000E1	1.806113841E1	2.919601783E1
2.880000000E1	1.768277515E1	2.898447121E1
2.884000000E1	1.736600685E1	2.874976668E1
2.888000000E1	1.718015644E1	2.859203808E1
2.892000000E1	1.708652092E1	2.845936827E1
2.896000000E1	1.711511367E1	2.842595353E1
2.900000000E1	1.733507121E1	2.844667990E1
2.904000000E1	1.770362184E1	2.856694025E1
2.908000000E1	1.828531807E1	2.875147917E1
2.912000000E1	1.903571074E1	2.901279456E1
2.916000000E1	1.994124356E1	2.923353768E1
2.920000000E1	2.106355773E1	2.957429851E1
2.924000000E1	2.245242704E1	3.003065525E1
2.928000000E1	2.407320325E1	3.056737611E1
2.932000000E1	2.590042623E1	3.112719290E1
2.936000000E1	3.013564036E1	3.207475947E1
2.940000000E1	3.011128335E1	3.205862832E1
2.944000000E1	3.237198444E1	3.248618356E1
2.948000000E1	3.460139582E1	3.267763362E1
2.952000000E1	3.665903653E1	3.278249137E1
2.956000000E1	3.845427370E1	3.295041935E1
2.960000000E1	3.972025707E1	3.325007410E1
2.964000000E1	4.045264115E1	3.351736393E1
2.968000000E1	4.067991528E1	3.382853952E1
2.972000000E1	4.048004101E1	3.413344716E1
2.976000000E1	4.006822815E1	3.424221834E1
2.980000000E1	3.964892857E1	3.430529273E1
2.984000000E1	3.907902324E1	3.443267078E1
2.988000000E1	3.844294794E1	3.454814268E1
2.992000000E1	3.770938229E1	3.459554885E1
2.996000000E1	3.671764398E1	3.455948298E1
3.000000000E1	3.572966539E1	3.446132522E1
3.004000000E1	3.443621084E1	3.420374938E1
3.008000000E1	3.311745111E1	3.384938389E1
3.012000000E1	3.173301541E1	3.351573756E1
3.016000000E1	3.025114308E1	3.317435100E1
3.020000000E1	2.873811286E1	3.281542460E1
3.024000000E1	2.724040022E1	3.233815962E1
3.028000000E1	2.582703805E1	3.190436018E1
3.032000000E1	2.443090127E1	3.147880622E1
3.036000000E1	2.309813803E1	3.105898655E1
3.040000000E1	2.187303523E1	3.062456042E1
3.044000000E1	2.079817964E1	3.035886727E1
3.048000000E1	1.989941990E1	3.002672958E1
3.052000000E1	1.916761996E1	2.982071637E1
3.056000000E1	1.856772594E1	2.957503357E1
3.060000000E1	1.811028599E1	2.938416217E1
3.064000000E1	1.780170545E1	2.919902192E1
3.068000000E1	1.755869232E1	2.903250259E1
3.072000000E1	1.736095105E1	2.889624392E1
3.076000000E1	1.714796282E1	2.864307095E1
3.080000000E1	1.718847038E1	2.861194152E1
3.084000000E1	1.708729682E1	2.853245282E1
3.088000000E1	1.706121678E1	2.845187068E1
3.092000000E1	1.705700917E1	2.842248279E1
3.096000000E1	1.705407564E1	2.841186224E1
3.100000000E1	1.704284503E1	2.838681279E1
3.104000000E1	1.702208959E1	2.839448373E1
3.108000000E1	1.696534301E1	2.839324909E1
3.112000000E1	1.691602175E1	2.839369965E1
3.116000000E1	1.689645459E1	2.839533676E1
3.120000000E1	1.686612654E1	2.841339000E1
3.124000000E1	1.680302287E1	2.841699473E1
3.128000000E1	1.677135202E1	2.842942122E1
3.132000000E1	1.676817588E1	2.843303301E1
3.136000000E1	1.677645363E1	2.844049980E1
3.140000000E1	1.682872384E1	2.846613017E1
3.144000000E1	1.692108308E1	2.851602732E1
3.148000000E1	1.706870108E1	2.859370674E1
3.152000000E1	1.724421988E1	2.866608564E1
3.156000000E1	1.749943667E1	2.876780496E1
3.160000000E1	1.781265144E1	2.888160057E1
3.164000000E1	1.824754506E1	2.904039196E1
3.168000000E1	1.879842807E1	2.922110760E1
3.172000000E1	1.958025790E1	2.949622534E1
3.176000000E1	2.052566098E1	2.988003092E1
3.180000000E1	2.171163655E1	3.036286314E1
3.184000000E1	2.304846990E1	3.082935754E1
3.188000000E1	2.446152870E1	3.130658448E1
3.192000000E1	2.595759413E1	3.189718831E1
3.196000000E1	2.777991359E1	3.248090683E1
3.200000000E1	2.978899704E1	3.301825879E1
3.204000000E1	3.192075474E1	3.338814758E1
3.208000000E1	3.406343662E1	3.361036108E1
3.212000000E1	3.632856327E1	3.368134998E1
3.216000000E1	4.019389454E1	3.422583046E1
3.220000000E1	4.019249541E1	3.421942233E1
3.224000000E1	4.097414173E1	3.425135680E1
3.228000000E1	4.100710149E1	3.452345463E1
3.232000000E1	4.063926333E1	3.467210655E1
3.236000000E1	3.990558988E1	3.480042315E1
3.240000000E1	3.922885244E1	3.480506104E1
3.244000000E1	3.852311913E1	3.484197088E1
3.248000000E1	3.762710239E1	3.496911704E1
3.252000000E1	3.659485894E1	3.497535197E1
3.256000000E1	3.544029028E1	3.492545514E1
3.260000000E1	3.423727076E1	3.469487274E1
3.264000000E1	3.301729017E1	3.441332205E1
3.268000000E1	3.177713358E1	3.408750488E1
3.272000000E1	3.050531503E1	3.378200126E1
3.276000000E1	2.931136980E1	3.342652065E1
3.280000000E1	2.801352824E1	3.290579369E1
3.284000000E1	2.679217461E1	3.240858627E1
3.288000000E1	2.572004400E1	3.200111457E1
3.292000000E1	2.463683226E1	3.158745613E1
3.296000000E1	2.354366299E1	3.111710224E1
3.300000000E1	2.249463642E1	3.064659825E1
3.304000000E1	2.156913083E1	3.032255011E1
3.308000000E1	2.075264418E1	3.000424153E1
3.312000000E1	1.996243212E1	2.979742678E1
3.316000000E1	1.922343516E1	2.957537211E1
3.320000000E1	1.859222750E1	2.927132898E1
3.324000000E1	1.811156339E1	2.904375321E1
3.328000000E1	1.773539123E1	2.875269858E1
3.332000000E1	1.747224383E1	2.869654988E1
3.336000000E1	1.745517946E1	2.868734268E1
3.340000000E1	1.768031246E1	2.869858707E1
3.344000000E1	1.805366132E1	2.873454465E1
3.348000000E1	1.948130672E1	2.941300244E1
3.352000000E1	1.951334662E1	2.940661540E1
3.356000000E1	2.075092023E1	3.000906269E1
3.360000000E1	2.244624350E1	3.090497654E1
3.364000000E1	2.462440087E1	3.193330242E1
3.368000000E1	2.711623895E1	3.287102161E1
3.372000000E1	2.959962428E1	3.354142152E1
3.376000000E1	3.206717431E1	3.391960516E1
3.380000000E1	3.419647665E1	3.406594253E1
3.384000000E1	3.569338890E1	3.403284502E1
3.388000000E1	3.653632037E1	3.394312626E1
3.392000000E1	3.659921606E1	3.403488341E1
3.396000000E1	3.629978276E1	3.419454177E1
3.400000000E1	3.573430160E1	3.424329880E1
3.404000000E1	3.510675334E1	3.422700861E1
3.408000000E1	3.453014260E1	3.424617063E1
3.412000000E1	3.393388252E1	3.425318166E1
3.416000000E1	3.319771943E1	3.424395124E1
3.420000000E1	3.231832760E1	3.419529829E1
3.424000000E1	3.143478873E1	3.399798042E1
3.428000000E1	3.039200851E1	3.374745785E1
3.432000000E1	2.947220136E1	3.348194633E1
3.436000000E1	2.841133979E1	3.318730397E1
3.440000000E1	2.755455931E1	3.306721765E1
3.444000000E1	2.673519102E1	3.290784480E1
3.448000000E1	2.571970773E1	3.244385844E1
3.452000000E1	2.467293789E1	3.169102461E1
3.456000000E1	2.283233995E1	3.075334373E1
3.460000000E1	2.282988025E1	3.078136386E1
3.464000000E1	2.210586405E1	3.053268243E1
3.468000000E1	2.148143481E1	3.035505783E1
3.472000000E1	2.092059031E1	3.024361482E1
3.476000000E1	2.041017502E1	3.017664500E1
3.480000000E1	1.999740290E1	3.017981977E1
3.484000000E1	1.968042343E1	3.020111650E1
3.488000000E1	1.938296115E1	3.025105338E1
3.492000000E1	1.910351621E1	3.030848477E1
3.496000000E1	1.894975631E1	3.035655360E1
3.500000000E1	1.887377688E1	3.039157338E1
3.504000000E1	1.893491375E1	3.041731375E1
3.508000000E1	1.901455896E1	3.048171585E1
3.512000000E1	1.919339492E1	3.070217482E1
3.516000000E1	1.948014317E1	3.076392227E1
3.520000000E1	1.985345117E1	3.093682329E1
3.524000000E1	2.034127324E1	3.106849948E1
3.528000000E1	2.089742479E1	3.135104007E1
3.532000000E1	2.156109835E1	3.156553253E1
3.536000000E1	2.345775166E1	3.219657939E1
3.540000000E1	2.343811264E1	3.213200549E1
3.544000000E1	2.487752885E1	3.248211081E1
3.548000000E1	2.659169610E1	3.278327122E1
3.552000000E1	3.079137026E1	3.359560489E1
3.556000000E1	3.077672025E1	3.361822098E1
3.560000000E1	3.312199361E1	3.389724394E1
3.564000000E1	3.230128454E1	3.513800785E1
3.568000000E1	3.391882265E1	3.503401765E1
3.572000000E1	3.680719594E1	3.401416180E1
3.576000000E1	3.679789822E1	3.401075268E1
3.580000000E1	3.661668394E1	3.398877870E1
3.584000000E1	3.614530413E1	3.387370343E1
3.588000000E1	3.558164032E1	3.375658730E1
3.592000000E1	3.444072383E1	3.385337632E1
3.596000000E1	3.443195757E1	3.385636243E1
3.600000000E1	3.383501802E1	3.393835540E1
3.604000000E1	3.324356246E1	3.400569833E1
3.608000000E1	3.262102074E1	3.408863927E1
3.612000000E1	3.201454541E1	3.406496930E1
3.616000000E1	3.140070219E1	3.401153318E1
3.620000000E1	3.081003519E1	3.391756849E1
3.624000000E1	3.019935855E1	3.379565641E1
3.628000000E1	2.959830535E1	3.365036262E1
3.632000000E1	2.898247916E1	3.351404639E1
3.636000000E1	2.794335160E1	3.331618696E1
3.640000000E1	2.795428247E1	3.328164424E1
3.644000000E1	2.751588444E1	3.325832930E1
3.648000000E1	2.714991856E1	3.326125194E1
3.652000000E1	2.683456964E1	3.326988023E1
3.656000000E1	2.660101081E1	3.326394314E1
3.660000000E1	2.633530424E1	3.325540927E1
3.664000000E1	2.606567774E1	3.321309702E1
3.668000000E1	2.577723527E1	3.312192404E1
3.672000000E1	2.545209034E1	3.295253418E1
3.676000000E1	2.509020372E1	3.268820905E1
3.680000000E1	2.464410464E1	3.249225284E1
3.684000000E1	2.419652850E1	3.227064043E1
3.688000000E1	2.372812109E1	3.204005507E1
3.692000000E1	2.325771857E1	3.189852609E1
3.696000000E1	2.270786325E1	3.167912720E1
3.700000000E1	2.207971817E1	3.145994878E1
3.704000000E1	2.155240576E1	3.131817845E1
3.708000000E1	2.090820642E1	3.117475688E1
3.712000000E1	2.027878121E1	3.091121331E1
3.716000000E1	1.971768262E1	3.076943415E1
3.720000000E1	1.918714313E1	3.057944795E1
3.724000000E1	1.879422022E1	3.035391411E1
3.728000000E1	1.850698233E1	3.026734254E1
3.732000000E1	1.824471978E1	3.013207644E1
3.736000000E1	1.802533808E1	3.010334492E1
3.740000000E1	1.783479797E1	3.012168028E1
3.744000000E1	1.765437450E1	3.013258954E1
3.748000000E1	1.747933767E1	3.020841292E1
3.752000000E1	1.720077436E1	3.023439692E1
3.756000000E1	1.690064679E1	3.018122019E1
3.760000000E1	1.662421672E1	3.023026548E1
3.764000000E1	1.640888371E1	3.024683756E1
3.768000000E1	1.616242103E1	3.027668783E1
3.772000000E1	1.597546824E1	3.027878655E1
3.776000000E1	1.577272403E1	3.030155356E1
3.780000000E1	1.558127592E1	3.030683709E1
3.784000000E1	1.543364131E1	3.033872055E1
3.788000000E1	1.525636782E1	3.037192564E1
3.792000000E1	1.509848753E1	3.039169628E1
3.796000000E1	1.495600794E1	3.038824774E1
3.800000000E1	1.482196681E1	3.040954264E1
3.804000000E1	1.474690346E1	3.039702533E1
3.808000000E1	1.460816788E1	3.040417179E1
3.812000000E1	1.463428625E1	3.041027717E1
3.816000000E1	1.450601285E1	3.038062965E1
3.820000000E1	1.436280362E1	3.035564961E1
3.824000000E1	1.421982167E1	3.035795410E1
3.828000000E1	1.406071369E1	3.031553625E1
3.832000000E1	1.389189141E1	3.026909847E1
3.836000000E1	1.370933949E1	3.020768327E1
3.840000000E1	1.358887895E1	3.018973843E1
3.844000000E1	1.337385215E1	3.014357765E1
3.848000000E1	1.315175634E1	3.004950502E1
3.852000000E1	1.299872504E1	2.997492070E1
3.856000000E1	1.279418007E1	2.993698124E1
3.860000000E1	1.260291523E1	2.985414743E1
3.864000000E1	1.241528101E1	2.977365495E1
3.868000000E1	1.233756899E1	2.969887545E1
3.872000000E1	1.240107281E1	2.962930543E1
3.876000000E1	1.259337392E1	2.949907404E1
3.880000000E1	1.312148564E1	2.908033634E1
