axel
t	x	y
0.000000000E0	9.538300195E0	2.726368168E1
4.000000000E-2	9.536765958E0	2.726091260E1
8.000000000E-2	9.525679262E0	2.725873732E1
1.200000000E-1	9.501020521E0	2.724304599E1
1.600000000E-1	9.479332398E0	2.724614512E1
2.000000000E-1	9.476949168E0	2.724265763E1
2.400000000E-1	9.455722467E0	2.723479853E1
2.800000000E-1	9.401590271E0	2.725563801E1
3.200000000E-1	9.396795263E0	2.725912469E1
3.600000000E-1	9.389891076E0	2.726149397E1
4.000000000E-1	9.386237588E0	2.726252601E1
4.400000000E-1	9.385767636E0	2.726439420E1
4.800000000E-1	9.384925384E0	2.726594823E1
5.200000000E-1	9.385960323E0	2.726526633E1
5.600000000E-1	9.386647867E0	2.726480435E1
6.000000000E-1	9.388621988E0	2.726375470E1
6.400000000E-1	9.390177668E0	2.726286011E1
6.800000000E-1	9.389678291E0	2.726321996E1
7.200000000E-1	9.389340661E0	2.726345735E1
7.600000000E-1	9.389129791E0	2.726261793E1
8.000000000E-1	9.383282058E0	2.724443155E1
8.400000000E-1	9.382898006E0	2.726214635E1
8.800000000E-1	9.381593175E0	2.725056374E1
9.200000000E-1	9.383731895E0	2.725478161E1
9.600000000E-1	9.385554371E0	2.726452466E1
1.000000000E0	9.382786043E0	2.725530669E1
1.040000000E0	9.384520558E0	2.725709799E1
1.080000000E0	9.385665888E0	2.726030784E1
1.120000000E0	9.387228143E0	2.726179823E1
1.160000000E0	9.440763267E0	2.730039369E1
1.200000000E0	9.525755444E0	2.734054117E1
1.240000000E0	9.634898037E0	2.749037321E1
1.280000000E0	9.806990293E0	2.754075205E1
1.320000000E0	9.981617168E0	2.775217849E1
1.360000000E0	1.022990157E1	2.795196199E1
1.400000000E0	1.054881664E1	2.830633604E1
1.440000000E0	1.095342502E1	2.875241451E1
1.480000000E0	1.141514010E1	2.926644717E1
1.520000000E0	1.204403281E1	2.975699578E1
1.560000000E0	1.269267753E1	3.025195647E1
1.600000000E0	1.396973891E1	3.103693595E1
1.640000000E0	1.400064731E1	3.102536336E1
1.680000000E0	1.463308592E1	3.130064918E1
1.720000000E0	1.530671799E1	3.158532682E1
1.760000000E0	1.611727362E1	3.186095070E1
1.800000000E0	1.701950447E1	3.208779791E1
1.840000000E0	1.805735460E1	3.231540905E1
1.880000000E0	1.916547918E1	3.254074064E1
1.920000000E0	2.027730919E1	3.275398083E1
1.960000000E0	2.136729899E1	3.293899316E1
2.000000000E0	2.237605307E1	3.310281952E1
2.040000000E0	2.328020378E1	3.324853364E1
2.080000000E0	2.407448671E1	3.327686742E1
2.120000000E0	2.478258537E1	3.337817893E1
2.160000000E0	2.538973680E1	3.341178531E1
2.200000000E0	2.594606040E1	3.338965900E1
2.240000000E0	2.633260572E1	3.339145851E1
2.280000000E0	2.673833561E1	3.339519113E1
2.320000000E0	2.674096740E1	3.339480660E1
2.360000000E0	2.675319063E1	3.341675710E1
2.400000000E0	2.667831279E1	3.341076424E1
2.440000000E0	2.639356813E1	3.342240696E1
2.480000000E0	2.595344299E1	3.342779806E1
2.520000000E0	2.536491734E1	3.342210787E1
2.560000000E0	2.461493358E1	3.342995107E1
2.600000000E0	2.363191682E1	3.329815113E1
2.640000000E0	2.253900396E1	3.307424852E1
2.680000000E0	2.140649198E1	3.282014631E1
2.720000000E0	2.017635781E1	3.249817314E1
2.760000000E0	1.890009577E1	3.216095960E1
2.800000000E0	1.758494737E1	3.180253021E1
2.840000000E0	1.630297094E1	3.144882073E1
2.880000000E0	1.519669194E1	3.113525341E1
2.920000000E0	1.418234709E1	3.073530873E1
2.960000000E0	1.322877298E1	3.036408942E1
3.000000000E0	1.257393425E1	2.992679224E1
3.040000000E0	1.206568453E1	2.961957040E1
3.080000000E0	1.179307469E1	2.934217402E1
3.120000000E0	1.175513713E1	2.924423654E1
3.160000000E0	1.176731264E1	2.916681020E1
3.200000000E0	1.177275239E1	2.909227788E1
3.240000000E0	1.177948757E1	2.906175617E1
3.280000000E0	1.171247016E1	2.893984989E1
3.320000000E0	1.162609033E1	2.884165120E1
3.360000000E0	1.149909339E1	2.882057934E1
3.400000000E0	1.147956671E1	2.879557534E1
3.440000000E0	1.152472130E1	2.889543838E1
3.480000000E0	1.160542399E1	2.901020704E1
3.520000000E0	1.169177749E1	2.909963948E1
3.560000000E0	1.179344232E1	2.920688967E1
3.600000000E0	1.203864078E1	2.937112491E1
3.640000000E0	1.237704073E1	2.960840506E1
3.680000000E0	1.333884083E1	3.014840242E1
3.720000000E0	1.330489721E1	3.016495461E1
3.760000000E0	1.395163715E1	3.042668851E1
3.800000000E0	1.465687378E1	3.076753348E1
3.840000000E0	1.540901025E1	3.112201392E1
3.880000000E0	1.618749685E1	3.145720124E1
3.920000000E0	1.707837063E1	3.176453097E1
3.960000000E0	1.810195615E1	3.199400432E1
4.000000000E0	2.023480194E1	3.237508318E1
4.040000000E0	2.019389349E1	3.236197074E1
4.080000000E0	2.120151509E1	3.258520829E1
4.120000000E0	2.210029472E1	3.278130440E1
4.160000000E0	2.284837172E1	3.292509166E1
4.200000000E0	2.346423422E1	3.303735904E1
4.240000000E0	2.410733010E1	3.315318380E1
4.280000000E0	2.470922281E1	3.320066114E1
4.320000000E0	2.523961904E1	3.323360954E1
4.360000000E0	2.556553411E1	3.324237714E1
4.400000000E0	2.570684823E1	3.324777262E1
4.440000000E0	2.571478605E1	3.324687121E1
4.480000000E0	2.561866752E1	3.325343690E1
4.520000000E0	2.537267712E1	3.323440752E1
4.560000000E0	2.497512310E1	3.320265508E1
4.600000000E0	2.447728680E1	3.311082880E1
4.640000000E0	2.375498757E1	3.298130261E1
4.680000000E0	2.286818003E1	3.279619416E1
4.720000000E0	2.193516054E1	3.264288440E1
4.760000000E0	2.082688628E1	3.249030436E1
4.800000000E0	1.959981296E1	3.222772128E1
4.840000000E0	1.833257473E1	3.192834194E1
4.880000000E0	1.722067210E1	3.167058080E1
4.920000000E0	1.614892011E1	3.134805554E1
4.960000000E0	1.521281451E1	3.109748042E1
5.000000000E0	1.437932655E1	3.073559388E1
5.040000000E0	1.355886228E1	3.039767497E1
5.080000000E0	1.308804170E1	3.010061202E1
5.120000000E0	1.271886733E1	2.981923750E1
5.160000000E0	1.241875751E1	2.964934037E1
5.200000000E0	1.231916450E1	2.950377024E1
5.240000000E0	1.238317892E1	2.935595164E1
5.280000000E0	1.237670981E1	2.921095973E1
5.320000000E0	1.234002899E1	2.916194201E1
5.360000000E0	1.226322581E1	2.909142795E1
5.400000000E0	1.217874569E1	2.905103804E1
5.440000000E0	1.207997431E1	2.905876070E1
5.480000000E0	1.201336275E1	2.907572458E1
5.520000000E0	1.204621024E1	2.918998685E1
5.560000000E0	1.206833790E1	2.925167858E1
5.600000000E0	1.211780689E1	2.947159539E1
5.640000000E0	1.230651644E1	2.970282648E1
5.680000000E0	1.269044254E1	2.998565835E1
5.720000000E0	1.323963869E1	3.030769217E1
5.760000000E0	1.396530225E1	3.062619160E1
5.800000000E0	1.476067665E1	3.092321607E1
5.840000000E0	1.553103071E1	3.118881711E1
5.880000000E0	1.628771032E1	3.143157451E1
5.920000000E0	1.704846584E1	3.167705760E1
5.960000000E0	1.787331388E1	3.186096918E1
6.000000000E0	1.875451116E1	3.203193637E1
6.040000000E0	1.966163433E1	3.219454118E1
6.080000000E0	2.056913127E1	3.231285277E1
6.120000000E0	2.144201977E1	3.247789663E1
6.160000000E0	2.225335917E1	3.261403145E1
6.200000000E0	2.291641378E1	3.267201907E1
6.240000000E0	2.344108638E1	3.274514579E1
6.280000000E0	2.390277268E1	3.278734723E1
6.320000000E0	2.428696443E1	3.283056154E1
6.360000000E0	2.450517673E1	3.281626446E1
6.400000000E0	2.466606373E1	3.282725783E1
6.440000000E0	2.477322735E1	3.280452251E1
6.480000000E0	2.476239575E1	3.280045960E1
6.520000000E0	2.463435407E1	3.279804384E1
6.560000000E0	2.445479352E1	3.279296799E1
6.600000000E0	2.411867467E1	3.278324934E1
6.640000000E0	2.369754527E1	3.265196303E1
6.680000000E0	2.311446593E1	3.251710824E1
6.720000000E0	2.238587612E1	3.231493308E1
6.760000000E0	2.162390797E1	3.218700862E1
6.800000000E0	2.067750640E1	3.203612559E1
6.840000000E0	1.958713999E1	3.188848227E1
6.880000000E0	1.858436055E1	3.168300354E1
6.920000000E0	1.748069441E1	3.141482906E1
6.960000000E0	1.637168484E1	3.100952549E1
7.000000000E0	1.536886678E1	3.059518784E1
7.040000000E0	1.374115788E1	3.008460462E1
7.080000000E0	1.372819420E1	3.010290049E1
7.120000000E0	1.326030275E1	2.993481222E1
7.160000000E0	1.297354868E1	2.988957471E1
7.200000000E0	1.284636261E1	2.973182851E1
7.240000000E0	1.279136214E1	2.950568010E1
7.280000000E0	1.274911271E1	2.923678458E1
7.320000000E0	1.271429515E1	2.906335162E1
7.360000000E0	1.269015444E1	2.889929156E1
7.400000000E0	1.254119255E1	2.877889979E1
7.440000000E0	1.253470532E1	2.876181127E1
7.480000000E0	1.252029849E1	2.876993176E1
7.520000000E0	1.248842654E1	2.888166993E1
7.560000000E0	1.245385355E1	2.892964297E1
7.600000000E0	1.242972863E1	2.905753751E1
7.640000000E0	1.249822782E1	2.916170423E1
7.680000000E0	1.253918385E1	2.933759022E1
7.720000000E0	1.266009904E1	2.947486957E1
7.760000000E0	1.282102390E1	2.965658462E1
7.800000000E0	1.311167630E1	2.983811894E1
7.840000000E0	1.354548985E1	3.003357595E1
7.880000000E0	1.405723321E1	3.027949514E1
7.920000000E0	1.512084557E1	3.074785385E1
7.960000000E0	1.509641118E1	3.071686258E1
8.000000000E0	1.568963023E1	3.101263423E1
8.040000000E0	1.633294289E1	3.132689577E1
8.080000000E0	1.702500868E1	3.162813067E1
8.120000000E0	1.782773040E1	3.189530850E1
8.160000000E0	1.877431386E1	3.206296872E1
8.200000000E0	1.988241197E1	3.223572071E1
8.240000000E0	2.092082583E1	3.240066799E1
8.280000000E0	2.183227800E1	3.250300127E1
8.320000000E0	2.254917881E1	3.264520880E1
8.360000000E0	2.316307673E1	3.279876038E1
8.400000000E0	2.371777040E1	3.285055704E1
8.440000000E0	2.422882923E1	3.294578534E1
8.480000000E0	2.421359537E1	3.294638964E1
8.520000000E0	2.436552103E1	3.299899550E1
8.560000000E0	2.437066383E1	3.303159005E1
8.600000000E0	2.436102776E1	3.306615821E1
8.640000000E0	2.433899129E1	3.301848551E1
8.680000000E0	2.419467465E1	3.298904104E1
8.720000000E0	2.392115769E1	3.297983292E1
8.760000000E0	2.351159339E1	3.295342666E1
8.800000000E0	2.297571895E1	3.286857291E1
8.840000000E0	2.225235642E1	3.277115682E1
8.880000000E0	2.142640973E1	3.269314601E1
8.920000000E0	1.946619721E1	3.240499556E1
8.960000000E0	1.944317845E1	3.239480467E1
9.000000000E0	1.832502554E1	3.213442162E1
9.040000000E0	1.719538791E1	3.189868354E1
9.080000000E0	1.605504884E1	3.158510246E1
9.120000000E0	1.506003660E1	3.120338463E1
9.160000000E0	1.406216122E1	3.075390671E1
9.200000000E0	1.316902873E1	3.034944801E1
9.240000000E0	1.250554421E1	3.005674346E1
9.280000000E0	1.203283412E1	2.992517627E1
9.320000000E0	1.176667043E1	2.976060812E1
9.360000000E0	1.155930811E1	2.946900142E1
9.400000000E0	1.160119177E1	2.944317578E1
9.440000000E0	1.161534463E1	2.939769050E1
9.480000000E0	1.162559461E1	2.934489440E1
9.520000000E0	1.162652475E1	2.926910727E1
9.560000000E0	1.162929560E1	2.921424659E1
9.600000000E0	1.162552392E1	2.921128474E1
9.640000000E0	1.157748372E1	2.920725098E1
9.680000000E0	1.158713275E1	2.921123916E1
9.720000000E0	1.159211366E1	2.923859594E1
9.760000000E0	1.163546450E1	2.935088758E1
9.800000000E0	1.166303721E1	2.938438628E1
9.840000000E0	1.192331426E1	2.963047047E1
9.880000000E0	1.192850492E1	2.967597464E1
9.920000000E0	1.223457180E1	2.982954362E1
9.960000000E0	1.269363019E1	3.011225627E1
1.000000000E1	1.317320171E1	3.040402365E1
1.004000000E1	1.375247154E1	3.082227564E1
1.008000000E1	1.444182146E1	3.122293895E1
1.012000000E1	1.517006009E1	3.152164735E1
1.016000000E1	1.594172208E1	3.177354085E1
1.020000000E1	1.674337068E1	3.198684646E1
1.024000000E1	1.770773767E1	3.219000234E1
1.028000000E1	1.882482665E1	3.237155489E1
1.032000000E1	2.094570446E1	3.261979536E1
1.036000000E1	2.092856945E1	3.263585233E1
1.040000000E1	2.184108386E1	3.280180692E1
1.044000000E1	2.271557009E1	3.296803835E1
1.048000000E1	2.345983557E1	3.304816793E1
1.052000000E1	2.411779202E1	3.313123790E1
1.056000000E1	2.463732105E1	3.316162216E1
1.060000000E1	2.509269366E1	3.314377714E1
1.064000000E1	2.538229642E1	3.318357362E1
1.068000000E1	2.556917383E1	3.324275561E1
1.072000000E1	2.558695618E1	3.327785970E1
1.076000000E1	2.537360473E1	3.326802035E1
1.080000000E1	2.494594096E1	3.324481170E1
1.084000000E1	2.437617683E1	3.315828938E1
1.088000000E1	2.361277984E1	3.297778847E1
1.092000000E1	2.274923703E1	3.292913684E1
1.096000000E1	2.180151018E1	3.279912657E1
1.100000000E1	2.081157200E1	3.264842901E1
1.104000000E1	1.975177803E1	3.240698395E1
1.108000000E1	1.863266954E1	3.206659055E1
1.112000000E1	1.762222268E1	3.167392665E1
1.116000000E1	1.651747439E1	3.126483516E1
1.120000000E1	1.559749834E1	3.093208909E1
1.124000000E1	1.481716257E1	3.057050834E1
1.128000000E1	1.416348157E1	3.021607523E1
1.132000000E1	1.363988878E1	2.992410203E1
1.136000000E1	1.326946634E1	2.970056515E1
1.140000000E1	1.304645632E1	2.947688330E1
1.144000000E1	1.286070013E1	2.936660542E1
1.148000000E1	1.282199663E1	2.924253923E1
1.152000000E1	1.272380271E1	2.913727256E1
1.156000000E1	1.266736283E1	2.907497730E1
1.160000000E1	1.262897310E1	2.906822742E1
1.164000000E1	1.254302446E1	2.907277389E1
1.168000000E1	1.238156645E1	2.907632149E1
1.172000000E1	1.238362848E1	2.905816250E1
1.176000000E1	1.237308933E1	2.905787664E1
1.180000000E1	1.237694986E1	2.905890775E1
1.184000000E1	1.238821258E1	2.907342370E1
1.188000000E1	1.240057860E1	2.918758281E1
1.192000000E1	1.248480033E1	2.932840539E1
1.196000000E1	1.256107413E1	2.946825978E1
1.200000000E1	1.269026744E1	2.956056739E1
1.204000000E1	1.282865621E1	2.968027239E1
1.208000000E1	1.299064178E1	2.981301676E1
1.212000000E1	1.326268142E1	3.001483493E1
1.216000000E1	1.358518110E1	3.022448457E1
1.220000000E1	1.399121538E1	3.045190095E1
1.224000000E1	1.448008289E1	3.071203356E1
1.228000000E1	1.504954039E1	3.102233659E1
1.232000000E1	1.571991597E1	3.132277761E1
1.236000000E1	1.646783713E1	3.165527225E1
1.240000000E1	1.729132897E1	3.194161788E1
1.244000000E1	1.823744345E1	3.222144196E1
1.248000000E1	1.924355164E1	3.236524600E1
1.252000000E1	2.028497287E1	3.247308420E1
1.256000000E1	2.133724653E1	3.251727018E1
1.260000000E1	2.231130333E1	3.263651066E1
1.264000000E1	2.315509915E1	3.278161745E1
1.268000000E1	2.390184113E1	3.280761017E1
1.272000000E1	2.449672584E1	3.282731092E1
1.276000000E1	2.495008255E1	3.287050106E1
1.280000000E1	2.523068981E1	3.287532789E1
1.284000000E1	2.544634383E1	3.294615627E1
1.288000000E1	2.549140757E1	3.295533899E1
1.292000000E1	2.535008223E1	3.296333428E1
1.296000000E1	2.507360665E1	3.295746307E1
1.300000000E1	2.459743473E1	3.294468448E1
1.304000000E1	2.392411850E1	3.290796949E1
1.308000000E1	2.309038821E1	3.279180322E1
1.312000000E1	2.224718244E1	3.264434305E1
1.316000000E1	2.133959294E1	3.248813342E1
1.320000000E1	2.025622027E1	3.225389670E1
1.324000000E1	1.923111682E1	3.192591105E1
1.328000000E1	1.814451016E1	3.156458497E1
1.332000000E1	1.700940346E1	3.104968900E1
1.336000000E1	1.593892650E1	3.059646890E1
1.340000000E1	1.492232076E1	3.014644798E1
1.344000000E1	1.391724260E1	2.982220405E1
1.348000000E1	1.315476665E1	2.954013056E1
1.352000000E1	1.268365146E1	2.943640032E1
1.356000000E1	1.222200966E1	2.917857477E1
1.360000000E1	1.222436793E1	2.920328018E1
1.364000000E1	1.215015709E1	2.901166261E1
1.368000000E1	1.210637713E1	2.892636372E1
1.372000000E1	1.210260156E1	2.887141514E1
1.376000000E1	1.207269740E1	2.882390414E1
1.380000000E1	1.206047613E1	2.876682006E1
1.384000000E1	1.203947065E1	2.876105476E1
1.388000000E1	1.199295888E1	2.874371295E1
1.392000000E1	1.193981527E1	2.873706954E1
1.396000000E1	1.192427942E1	2.873313239E1
1.400000000E1	1.190267748E1	2.865034874E1
1.404000000E1	1.191490570E1	2.864766738E1
1.408000000E1	1.192281962E1	2.862435712E1
1.412000000E1	1.192090894E1	2.861791006E1
1.416000000E1	1.191834537E1	2.861511860E1
1.420000000E1	1.193095515E1	2.861864197E1
1.424000000E1	1.192956192E1	2.862889157E1
1.428000000E1	1.195437668E1	2.863874216E1
1.432000000E1	1.205214383E1	2.872607081E1
1.436000000E1	1.209387244E1	2.878547821E1
1.440000000E1	1.225503514E1	2.891505300E1
1.444000000E1	1.254707247E1	2.902021607E1
1.448000000E1	1.291676503E1	2.923638385E1
1.452000000E1	1.334073999E1	2.944260895E1
1.456000000E1	1.372512948E1	2.977269506E1
1.460000000E1	1.416944740E1	3.001438389E1
1.464000000E1	1.476919666E1	3.013505964E1
1.468000000E1	1.541035341E1	3.038455729E1
1.472000000E1	1.594847672E1	3.068128428E1
1.476000000E1	1.652264396E1	3.106560668E1
1.480000000E1	1.718691146E1	3.149651055E1
1.484000000E1	1.790640390E1	3.187150085E1
1.488000000E1	1.870457232E1	3.218370011E1
1.492000000E1	1.956061676E1	3.237732921E1
1.496000000E1	2.045323479E1	3.249142046E1
1.500000000E1	2.226597472E1	3.271092047E1
1.504000000E1	2.226106392E1	3.268274189E1
1.508000000E1	2.309304197E1	3.280060786E1
1.512000000E1	2.386355267E1	3.290697843E1
1.516000000E1	2.449576018E1	3.295914794E1
1.520000000E1	2.506921367E1	3.300881572E1
1.524000000E1	2.556961961E1	3.307231961E1
1.528000000E1	2.600110690E1	3.311418700E1
1.532000000E1	2.627421249E1	3.310486610E1
1.536000000E1	2.632288093E1	3.310222566E1
1.540000000E1	2.616950467E1	3.309589110E1
1.544000000E1	2.583317489E1	3.305616122E1
1.548000000E1	2.536423650E1	3.297152204E1
1.552000000E1	2.465308055E1	3.284069169E1
1.556000000E1	2.379266418E1	3.273623465E1
1.560000000E1	2.196774564E1	3.255812961E1
1.564000000E1	2.195193453E1	3.252981207E1
1.568000000E1	2.099884943E1	3.235686876E1
1.572000000E1	1.998623792E1	3.214352928E1
1.576000000E1	1.897490202E1	3.190733700E1
1.580000000E1	1.797616624E1	3.159841696E1
1.584000000E1	1.697285018E1	3.128307341E1
1.588000000E1	1.611358942E1	3.103534253E1
1.592000000E1	1.535859143E1	3.070993064E1
1.596000000E1	1.466578712E1	3.046516400E1
1.600000000E1	1.411995612E1	3.026108361E1
1.604000000E1	1.372038859E1	3.004191470E1
1.608000000E1	1.341023631E1	2.990371566E1
1.612000000E1	1.318059558E1	2.979644146E1
1.616000000E1	1.300795190E1	2.959155402E1
1.620000000E1	1.292708299E1	2.949796826E1
1.624000000E1	1.286532690E1	2.937285854E1
1.628000000E1	1.281990251E1	2.929368898E1
1.632000000E1	1.271074873E1	2.923640727E1
1.636000000E1	1.267296463E1	2.920433211E1
1.640000000E1	1.257672868E1	2.915091566E1
1.644000000E1	1.252125244E1	2.915158904E1
1.648000000E1	1.249379268E1	2.918322624E1
1.652000000E1	1.250474235E1	2.921192968E1
1.656000000E1	1.252146094E1	2.924116312E1
1.660000000E1	1.253159906E1	2.923778659E1
1.664000000E1	1.253960016E1	2.924191875E1
1.668000000E1	1.255839341E1	2.925001964E1
1.672000000E1	1.262991648E1	2.931728465E1
1.676000000E1	1.271212924E1	2.936366816E1
1.680000000E1	1.284548399E1	2.947559622E1
1.684000000E1	1.307229788E1	2.954645517E1
1.688000000E1	1.346569862E1	2.967245701E1
1.692000000E1	1.393457072E1	2.982745202E1
1.696000000E1	1.448600953E1	3.010091697E1
1.700000000E1	1.518403374E1	3.042879309E1
1.704000000E1	1.594783743E1	3.073826319E1
1.708000000E1	1.672257122E1	3.104935588E1
1.712000000E1	1.750724357E1	3.137470998E1
1.716000000E1	1.835608851E1	3.165012010E1
1.720000000E1	1.928776473E1	3.190387746E1
1.724000000E1	2.028205219E1	3.204735379E1
1.728000000E1	2.131604260E1	3.212660310E1
1.732000000E1	2.224234927E1	3.221726327E1
1.736000000E1	2.311643175E1	3.234541808E1
1.740000000E1	2.381145673E1	3.249853346E1
1.744000000E1	2.432218777E1	3.260687375E1
1.748000000E1	2.475938838E1	3.265936374E1
1.752000000E1	2.510694328E1	3.266060937E1
1.756000000E1	2.537892546E1	3.266080702E1
1.760000000E1	2.562611411E1	3.269366452E1
1.764000000E1	2.582943397E1	3.276388233E1
1.768000000E1	2.588869190E1	3.279214805E1
1.772000000E1	2.572841940E1	3.281446519E1
1.776000000E1	2.541853187E1	3.281168653E1
1.780000000E1	2.497848355E1	3.278067257E1
1.784000000E1	2.438312028E1	3.267294478E1
1.788000000E1	2.363169485E1	3.261383556E1
1.792000000E1	2.279710849E1	3.249341639E1
1.796000000E1	2.195919827E1	3.236643106E1
1.800000000E1	2.108095271E1	3.218472276E1
1.804000000E1	1.999805652E1	3.202321783E1
1.808000000E1	1.898067457E1	3.185743385E1
1.812000000E1	1.800711499E1	3.161835473E1
1.816000000E1	1.702487653E1	3.132370036E1
1.820000000E1	1.615143210E1	3.098440301E1
1.824000000E1	1.531886356E1	3.059436948E1
1.828000000E1	1.460675079E1	3.008623744E1
1.832000000E1	1.402278253E1	2.976442533E1
1.836000000E1	1.361839595E1	2.947389027E1
1.840000000E1	1.326388878E1	2.919405770E1
1.844000000E1	1.294468256E1	2.887882096E1
1.848000000E1	1.266686880E1	2.861780218E1
1.852000000E1	1.248349470E1	2.846092693E1
1.856000000E1	1.234518124E1	2.832710223E1
1.860000000E1	1.226454765E1	2.830230114E1
1.864000000E1	1.223689838E1	2.830033852E1
1.868000000E1	1.223033539E1	2.830117381E1
1.872000000E1	1.223404258E1	2.830279997E1
1.876000000E1	1.223675485E1	2.830828268E1
1.880000000E1	1.224195025E1	2.831791694E1
1.884000000E1	1.233073292E1	2.846137124E1
1.888000000E1	1.251842948E1	2.862328953E1
1.892000000E1	1.284133686E1	2.889027703E1
1.896000000E1	1.330634998E1	2.918634629E1
1.900000000E1	1.383300309E1	2.946132906E1
1.904000000E1	1.435600763E1	2.979024788E1
1.908000000E1	1.480902303E1	3.010484730E1
1.912000000E1	1.527959100E1	3.043497029E1
1.916000000E1	1.577133737E1	3.074594748E1
1.920000000E1	1.630747172E1	3.109127588E1
1.924000000E1	1.685519214E1	3.145564298E1
1.928000000E1	1.748784296E1	3.175340396E1
1.932000000E1	1.822768285E1	3.203158371E1
1.936000000E1	1.902065530E1	3.221549996E1
1.940000000E1	1.988437005E1	3.233986665E1
1.944000000E1	2.078131285E1	3.243192995E1
1.948000000E1	2.169116343E1	3.255406767E1
1.952000000E1	2.256370078E1	3.267404138E1
1.956000000E1	2.332129253E1	3.278899623E1
1.960000000E1	2.404053338E1	3.283464674E1
1.964000000E1	2.461252222E1	3.287666512E1
1.968000000E1	2.509685882E1	3.294344541E1
1.972000000E1	2.543057347E1	3.300672412E1
1.976000000E1	2.559058257E1	3.304365979E1
1.980000000E1	2.568788459E1	3.306936743E1
1.984000000E1	2.566963378E1	3.309158201E1
1.988000000E1	2.544380987E1	3.316218746E1
1.992000000E1	2.500248906E1	3.309513814E1
1.996000000E1	2.450126017E1	3.302195731E1
2.000000000E1	2.384223968E1	3.295249715E1
2.004000000E1	2.311427369E1	3.295128762E1
2.008000000E1	2.141368426E1	3.279851620E1
2.012000000E1	2.138744648E1	3.279578646E1
2.016000000E1	2.050657430E1	3.269868193E1
2.020000000E1	1.953729524E1	3.242993604E1
2.024000000E1	1.859371175E1	3.206130675E1
2.028000000E1	1.770364721E1	3.165518069E1
2.032000000E1	1.686673441E1	3.127991131E1
2.036000000E1	1.606823926E1	3.095833232E1
2.040000000E1	1.537041556E1	3.066363215E1
2.044000000E1	1.474740535E1	3.037230320E1
2.048000000E1	1.417797938E1	3.004349468E1
2.052000000E1	1.370703245E1	2.983462122E1
2.056000000E1	1.344070290E1	2.958778938E1
2.060000000E1	1.320451515E1	2.948854054E1
2.064000000E1	1.308827926E1	2.937318333E1
2.068000000E1	1.311230745E1	2.930288273E1
2.072000000E1	1.316063908E1	2.933229438E1
2.076000000E1	1.326602858E1	2.928031407E1
2.080000000E1	1.335793456E1	2.921226018E1
2.084000000E1	1.340015045E1	2.919508872E1
2.088000000E1	1.333376763E1	2.920544678E1
2.092000000E1	1.326516574E1	2.924323182E1
2.096000000E1	1.325478988E1	2.932068792E1
2.100000000E1	1.329590718E1	2.950999435E1
2.104000000E1	1.329086186E1	2.950981275E1
2.108000000E1	1.344120301E1	2.967805425E1
2.112000000E1	1.371693493E1	2.995742200E1
2.116000000E1	1.404834104E1	3.014718497E1
2.120000000E1	1.450737317E1	3.039146436E1
2.124000000E1	1.501642974E1	3.067619050E1
2.128000000E1	1.554692106E1	3.092953257E1
2.132000000E1	1.613428510E1	3.120863818E1
2.136000000E1	1.675771120E1	3.143121678E1
2.140000000E1	1.736432273E1	3.167059845E1
2.144000000E1	1.802781322E1	3.187752030E1
2.148000000E1	1.873136313E1	3.205687460E1
2.152000000E1	1.954894333E1	3.222088995E1
2.156000000E1	2.040606131E1	3.223905862E1
2.160000000E1	2.133100673E1	3.224863912E1
2.164000000E1	2.226945412E1	3.231364076E1
2.168000000E1	2.314240385E1	3.248240314E1
2.172000000E1	2.397467734E1	3.262694014E1
2.176000000E1	2.467202420E1	3.269589509E1
2.180000000E1	2.523582131E1	3.280342747E1
2.184000000E1	2.568100437E1	3.285153725E1
2.188000000E1	2.594409034E1	3.292717077E1
2.192000000E1	2.599300312E1	3.296973661E1
2.196000000E1	2.599065713E1	3.296055955E1
2.200000000E1	2.575096250E1	3.297943959E1
2.204000000E1	2.537023166E1	3.294986640E1
2.208000000E1	2.483838675E1	3.286199648E1
2.212000000E1	2.414375265E1	3.271152594E1
2.216000000E1	2.335774280E1	3.258704747E1
2.220000000E1	2.252923376E1	3.254018772E1
2.224000000E1	2.162507926E1	3.242336775E1
2.228000000E1	2.071243328E1	3.225437611E1
2.232000000E1	1.978318197E1	3.205192554E1
2.236000000E1	1.876658005E1	3.187308129E1
2.240000000E1	1.790606222E1	3.165420719E1
2.244000000E1	1.707318170E1	3.129587044E1
2.248000000E1	1.616947447E1	3.096218018E1
2.252000000E1	1.531168053E1	3.055026203E1
2.256000000E1	1.466544502E1	3.015159813E1
2.260000000E1	1.417727315E1	2.993484910E1
2.264000000E1	1.380128844E1	2.967541713E1
2.268000000E1	1.346963844E1	2.950316560E1
2.272000000E1	1.327263119E1	2.942620283E1
2.276000000E1	1.324880538E1	2.934617667E1
2.280000000E1	1.326994555E1	2.925902798E1
2.284000000E1	1.327783715E1	2.920701718E1
2.288000000E1	1.328134937E1	2.918825051E1
2.292000000E1	1.327943717E1	2.919447702E1
2.296000000E1	1.326937006E1	2.921030511E1
2.300000000E1	1.326232087E1	2.923548921E1
2.304000000E1	1.340389670E1	2.947236766E1
2.308000000E1	1.341783233E1	2.948580582E1
2.312000000E1	1.357850048E1	2.955866054E1
2.316000000E1	1.387886041E1	2.968387191E1
2.320000000E1	1.421482970E1	2.983850106E1
2.324000000E1	1.463122158E1	3.003762751E1
2.328000000E1	1.509286074E1	3.023847883E1
2.332000000E1	1.554284698E1	3.041157207E1
2.336000000E1	1.599239737E1	3.060372428E1
2.340000000E1	1.645753427E1	3.084949427E1
2.344000000E1	1.699072612E1	3.113324552E1
2.348000000E1	1.758382254E1	3.143254417E1
2.352000000E1	1.826133133E1	3.171134090E1
2.356000000E1	1.908267769E1	3.190114524E1
2.360000000E1	2.005694470E1	3.205594921E1
2.364000000E1	2.105259941E1	3.210349721E1
2.368000000E1	2.199814400E1	3.214027506E1
2.372000000E1	2.293407318E1	3.232912434E1
2.376000000E1	2.390909328E1	3.253191256E1
2.380000000E1	2.471269780E1	3.265436626E1
2.384000000E1	2.530206960E1	3.278286746E1
2.388000000E1	2.573661201E1	3.282603011E1
2.392000000E1	2.597027176E1	3.292895093E1
2.396000000E1	2.606208767E1	3.299595569E1
2.400000000E1	2.596535869E1	3.299741358E1
2.404000000E1	2.571278884E1	3.299389508E1
2.408000000E1	2.526792100E1	3.295875554E1
2.412000000E1	2.468229499E1	3.295181789E1
2.416000000E1	2.399199085E1	3.292559555E1
2.420000000E1	2.320079319E1	3.289130784E1
2.424000000E1	2.240104748E1	3.286924386E1
2.428000000E1	2.161247612E1	3.277244174E1
2.432000000E1	2.069371292E1	3.258048598E1
2.436000000E1	1.979312179E1	3.235815534E1
2.440000000E1	1.891442611E1	3.202936713E1
2.444000000E1	1.797751783E1	3.171733493E1
2.448000000E1	1.705629528E1	3.138449342E1
2.452000000E1	1.610324781E1	3.106703044E1
2.456000000E1	1.518595842E1	3.071534271E1
2.460000000E1	1.448632064E1	3.044816671E1
2.464000000E1	1.338611240E1	3.009463778E1
2.468000000E1	1.340922853E1	3.009160896E1
2.472000000E1	1.304458537E1	2.989916912E1
2.476000000E1	1.277853649E1	2.978313002E1
2.480000000E1	1.267847073E1	2.965129311E1
2.484000000E1	1.263094613E1	2.950448576E1
2.488000000E1	1.266794370E1	2.936736412E1
2.492000000E1	1.272552823E1	2.932106902E1
2.496000000E1	1.282924657E1	2.934865763E1
2.500000000E1	1.296100635E1	2.937672798E1
2.504000000E1	1.309097278E1	2.947781161E1
2.508000000E1	1.325928359E1	2.962458571E1
2.512000000E1	1.340276073E1	2.967095704E1
2.516000000E1	1.356266706E1	2.981756869E1
2.520000000E1	1.371820677E1	2.992941540E1
2.524000000E1	1.387845565E1	3.009425555E1
2.528000000E1	1.410440778E1	3.022807234E1
2.532000000E1	1.443903360E1	3.044676460E1
2.536000000E1	1.479959178E1	3.056188245E1
2.540000000E1	1.523082741E1	3.073306057E1
2.544000000E1	1.568147919E1	3.089524046E1
2.548000000E1	1.619949792E1	3.110517843E1
2.552000000E1	1.679961901E1	3.129144735E1
2.556000000E1	1.791548592E1	3.165677255E1
2.560000000E1	1.793230835E1	3.168728260E1
2.564000000E1	1.852181141E1	3.189112762E1
2.568000000E1	1.916716364E1	3.205102408E1
2.572000000E1	1.986785268E1	3.220308200E1
2.576000000E1	2.068364790E1	3.229396991E1
2.580000000E1	2.148276925E1	3.236496647E1
2.584000000E1	2.229483238E1	3.245012319E1
2.588000000E1	2.302821032E1	3.251527686E1
2.592000000E1	2.369650697E1	3.260644354E1
2.596000000E1	2.431003319E1	3.263634269E1
2.600000000E1	2.477477902E1	3.267993779E1
2.604000000E1	2.507603099E1	3.276116789E1
2.608000000E1	2.526813740E1	3.282149707E1
2.612000000E1	2.534467007E1	3.282386557E1
2.616000000E1	2.504864562E1	3.295125263E1
2.620000000E1	2.507456274E1	3.295253765E1
2.624000000E1	2.470625015E1	3.300490710E1
2.628000000E1	2.417291233E1	3.296820505E1
2.632000000E1	2.347874592E1	3.292932919E1
2.636000000E1	2.273398457E1	3.286887829E1
2.640000000E1	2.197438588E1	3.280635379E1
2.644000000E1	2.118193585E1	3.270271670E1
2.648000000E1	2.035882578E1	3.247063202E1
2.652000000E1	1.942683113E1	3.220094067E1
2.656000000E1	1.853767920E1	3.189473730E1
2.660000000E1	1.762135375E1	3.160237318E1
2.664000000E1	1.670817912E1	3.133948596E1
2.668000000E1	1.518274136E1	3.089328122E1
2.672000000E1	1.520230843E1	3.087955095E1
2.676000000E1	1.455026061E1	3.057461816E1
2.680000000E1	1.395533414E1	3.031341989E1
2.684000000E1	1.355591088E1	3.010910733E1
2.688000000E1	1.326250515E1	2.992486344E1
2.692000000E1	1.300204449E1	2.979180165E1
2.696000000E1	1.283563072E1	2.965284920E1
2.700000000E1	1.278142563E1	2.951121272E1
2.704000000E1	1.279645524E1	2.945804485E1
2.708000000E1	1.280624359E1	2.936532479E1
2.712000000E1	1.287134390E1	2.929408067E1
2.716000000E1	1.289167544E1	2.925064802E1
2.720000000E1	1.290730567E1	2.924772138E1
2.724000000E1	1.300841117E1	2.921529559E1
2.728000000E1	1.315877317E1	2.920011607E1
2.732000000E1	1.331331336E1	2.920576278E1
2.736000000E1	1.344415522E1	2.921830597E1
2.740000000E1	1.358670794E1	2.927873183E1
2.744000000E1	1.376333316E1	2.936217675E1
2.748000000E1	1.397709076E1	2.950011870E1
2.752000000E1	1.429276373E1	2.975582110E1
2.756000000E1	1.464225835E1	2.995239189E1
2.760000000E1	1.509448626E1	3.023859961E1
2.764000000E1	1.564870653E1	3.053280256E1
2.768000000E1	1.624122846E1	3.083029942E1
2.772000000E1	1.686326957E1	3.109098350E1
2.776000000E1	1.824203806E1	3.167852435E1
2.780000000E1	1.822654624E1	3.171908093E1
2.784000000E1	1.895276166E1	3.195084904E1
2.788000000E1	1.978593394E1	3.214207685E1
2.792000000E1	2.063867990E1	3.225355147E1
2.796000000E1	2.150889218E1	3.227913481E1
2.800000000E1	2.234280023E1	3.233051414E1
2.804000000E1	2.309901666E1	3.240252194E1
2.808000000E1	2.379276823E1	3.249015039E1
2.812000000E1	2.436975145E1	3.250705617E1
2.816000000E1	2.478990173E1	3.255093017E1
2.820000000E1	2.506336304E1	3.260287548E1
2.824000000E1	2.523910561E1	3.265593108E1
2.828000000E1	2.527001796E1	3.265769637E1
2.832000000E1	2.522963083E1	3.264879324E1
2.836000000E1	2.505474699E1	3.265603231E1
2.840000000E1	2.476084345E1	3.268916938E1
2.844000000E1	2.434614101E1	3.266493612E1
2.848000000E1	2.378141070E1	3.261575055E1
2.852000000E1	2.313817009E1	3.255844832E1
2.856000000E1	2.241578542E1	3.248904695E1
2.860000000E1	2.164648541E1	3.243740354E1
2.864000000E1	2.084439032E1	3.230775703E1
2.868000000E1	2.000260481E1	3.214166790E1
2.872000000E1	1.904324625E1	3.189305730E1
2.876000000E1	1.813742134E1	3.155961390E1
2.880000000E1	1.728237681E1	3.121910835E1
2.884000000E1	1.649268741E1	3.078101654E1
2.888000000E1	1.564349094E1	3.052052689E1
2.892000000E1	1.499865556E1	3.023273807E1
2.896000000E1	1.447828935E1	3.007726274E1
2.900000000E1	1.405477957E1	2.990946661E1
2.904000000E1	1.374108493E1	2.966754795E1
2.908000000E1	1.355781554E1	2.963165061E1
2.912000000E1	1.342475022E1	2.956326671E1
2.916000000E1	1.341396939E1	2.951657974E1
2.920000000E1	1.341736283E1	2.937569631E1
2.924000000E1	1.342130593E1	2.938182863E1
2.928000000E1	1.341312151E1	2.935900556E1
2.932000000E1	1.339722736E1	2.934965750E1
2.936000000E1	1.330264887E1	2.934917716E1
2.940000000E1	1.327299489E1	2.935693965E1
2.944000000E1	1.327037429E1	2.936086672E1
2.948000000E1	1.327936777E1	2.938861552E1
2.952000000E1	1.333584044E1	2.948105463E1
2.956000000E1	1.343060707E1	2.963590550E1
2.960000000E1	1.358938767E1	2.970537113E1
2.964000000E1	1.387854564E1	2.992695409E1
2.968000000E1	1.420946061E1	3.000954194E1
2.972000000E1	1.466011453E1	3.019576411E1
2.976000000E1	1.514774452E1	3.035259666E1
2.980000000E1	1.563455930E1	3.055779700E1
2.984000000E1	1.625660787E1	3.081785285E1
2.988000000E1	1.690271199E1	3.111457949E1
2.992000000E1	1.756740569E1	3.141838190E1
2.996000000E1	1.833271679E1	3.170996604E1
3.000000000E1	1.920927408E1	3.192171068E1
3.004000000E1	2.010665987E1	3.205297007E1
3.008000000E1	2.100886699E1	3.213770486E1
3.012000000E1	2.191995616E1	3.223271986E1
3.016000000E1	2.270904097E1	3.231891745E1
3.020000000E1	2.344130355E1	3.241988007E1
3.024000000E1	2.414604327E1	3.251241491E1
3.028000000E1	2.475578953E1	3.259954540E1
3.032000000E1	2.527357959E1	3.265512230E1
3.036000000E1	2.567414317E1	3.267029800E1
3.040000000E1	2.592712235E1	3.268765497E1
3.044000000E1	2.603608487E1	3.276235225E1
3.048000000E1	2.601852619E1	3.287643361E1
3.052000000E1	2.587797883E1	3.297168343E1
3.056000000E1	2.559725034E1	3.297757667E1
3.060000000E1	2.514555563E1	3.296203841E1
3.064000000E1	2.458488844E1	3.293122589E1
3.068000000E1	2.394410069E1	3.283480903E1
3.072000000E1	2.316824851E1	3.274322088E1
3.076000000E1	2.238952754E1	3.263920988E1
3.080000000E1	2.153916911E1	3.251790823E1
3.084000000E1	2.063693456E1	3.234137843E1
3.088000000E1	1.980599124E1	3.219059694E1
3.092000000E1	1.903920438E1	3.202156125E1
3.096000000E1	1.829713325E1	3.178124807E1
3.100000000E1	1.766729254E1	3.147190446E1
3.104000000E1	1.698423998E1	3.118495136E1
3.108000000E1	1.644002103E1	3.088460614E1
3.112000000E1	1.591967795E1	3.059748941E1
3.116000000E1	1.540990040E1	3.027203661E1
3.120000000E1	1.503262983E1	3.002359603E1
3.124000000E1	1.476056545E1	2.976547715E1
3.128000000E1	1.455192879E1	2.967291980E1
3.132000000E1	1.446885515E1	2.961202713E1
3.136000000E1	1.444633441E1	2.955637084E1
3.140000000E1	1.446224156E1	2.950021382E1
3.144000000E1	1.446397551E1	2.947175799E1
3.148000000E1	1.445422544E1	2.940119996E1
3.152000000E1	1.443712457E1	2.937193863E1
3.156000000E1	1.444962039E1	2.936637104E1
3.160000000E1	1.443972748E1	2.937184777E1
3.164000000E1	1.445993717E1	2.938070243E1
3.168000000E1	1.445938943E1	2.941935542E1
3.172000000E1	1.447421833E1	2.947342166E1
3.176000000E1	1.450577212E1	2.954351605E1
3.180000000E1	1.462225497E1	2.965220679E1
3.184000000E1	1.477681420E1	2.979267300E1
3.188000000E1	1.504441722E1	2.996161734E1
3.192000000E1	1.536813508E1	3.018342699E1
3.196000000E1	1.575863969E1	3.050818275E1
3.200000000E1	1.624983413E1	3.082365713E1
3.204000000E1	1.680846081E1	3.119321912E1
3.208000000E1	1.734661566E1	3.158409851E1
3.212000000E1	1.791039325E1	3.199383009E1
3.216000000E1	1.854584129E1	3.232034358E1
3.220000000E1	1.917454138E1	3.251867530E1
3.224000000E1	1.979213037E1	3.263939647E1
3.228000000E1	2.048225765E1	3.270503375E1
3.232000000E1	2.119288104E1	3.268128724E1
3.236000000E1	2.196577474E1	3.269944747E1
3.240000000E1	2.274587125E1	3.275361593E1
3.244000000E1	2.345775227E1	3.282585067E1
3.248000000E1	2.415752573E1	3.285137266E1
3.252000000E1	2.477888318E1	3.284300887E1
3.256000000E1	2.523619313E1	3.282903989E1
3.260000000E1	2.556021606E1	3.282798645E1
3.264000000E1	2.582345190E1	3.285622003E1
3.268000000E1	2.594639161E1	3.294155029E1
3.272000000E1	2.594143162E1	3.306258582E1
3.276000000E1	2.584732421E1	3.311638202E1
3.280000000E1	2.553565028E1	3.310802199E1
3.284000000E1	2.508275284E1	3.309261753E1
3.288000000E1	2.449687991E1	3.296510692E1
3.292000000E1	2.377623615E1	3.280763507E1
3.296000000E1	2.303518407E1	3.267763950E1
3.300000000E1	2.224405686E1	3.248624200E1
3.304000000E1	2.141708920E1	3.221237811E1
3.308000000E1	2.049203540E1	3.189136091E1
3.312000000E1	1.961333602E1	3.155642700E1
3.316000000E1	1.866075274E1	3.118039169E1
3.320000000E1	1.701501441E1	3.065384382E1
3.324000000E1	1.701547803E1	3.067320321E1
3.328000000E1	1.621878661E1	3.055687874E1
3.332000000E1	1.563688018E1	3.039982861E1
3.336000000E1	1.509259485E1	3.021126526E1
3.340000000E1	1.458358240E1	3.011709005E1
3.344000000E1	1.427169578E1	2.999139604E1
3.348000000E1	1.405363874E1	2.988719467E1
3.352000000E1	1.390129440E1	2.980615051E1
3.356000000E1	1.387316306E1	2.975597155E1
3.360000000E1	1.389126758E1	2.978936821E1
3.364000000E1	1.394453694E1	2.980356022E1
3.368000000E1	1.400224397E1	2.986431285E1
3.372000000E1	1.409827333E1	2.989378642E1
3.376000000E1	1.414232595E1	2.996232958E1
3.380000000E1	1.426830744E1	3.002207111E1
3.384000000E1	1.449252573E1	3.009607578E1
3.388000000E1	1.477408242E1	3.021842770E1
3.392000000E1	1.512274112E1	3.030240774E1
3.396000000E1	1.558659652E1	3.052159416E1
3.400000000E1	1.609407321E1	3.068836232E1
3.404000000E1	1.663125282E1	3.086293590E1
3.408000000E1	1.713767706E1	3.113864698E1
3.412000000E1	1.763105012E1	3.135248447E1
3.416000000E1	1.816050856E1	3.159667215E1
3.420000000E1	1.868879060E1	3.176467281E1
3.424000000E1	1.927627433E1	3.192838538E1
3.428000000E1	2.059616662E1	3.218038823E1
3.432000000E1	2.059854958E1	3.219597742E1
3.436000000E1	2.127462237E1	3.223670159E1
3.440000000E1	2.190909663E1	3.226527331E1
3.444000000E1	2.255417248E1	3.230468126E1
3.448000000E1	2.316045202E1	3.238606831E1
3.452000000E1	2.371201152E1	3.241625977E1
3.456000000E1	2.417966965E1	3.241355886E1
3.460000000E1	2.454411377E1	3.237080379E1
3.464000000E1	2.482200013E1	3.228194586E1
3.468000000E1	2.502911993E1	3.222183874E1
3.472000000E1	2.509852919E1	3.220116250E1
3.476000000E1	2.508577193E1	3.221053566E1
3.480000000E1	2.493131109E1	3.221894108E1
3.484000000E1	2.465444156E1	3.220892447E1
3.488000000E1	2.432810813E1	3.218756264E1
3.492000000E1	2.388867450E1	3.218418336E1
3.496000000E1	2.332891613E1	3.217303058E1
3.500000000E1	2.269159066E1	3.213932087E1
3.504000000E1	2.202852696E1	3.209603534E1
3.508000000E1	2.123325551E1	3.192189137E1
3.512000000E1	2.039040830E1	3.175161280E1
3.516000000E1	1.964736499E1	3.155620975E1
3.520000000E1	1.882678959E1	3.131354446E1
3.524000000E1	1.803190263E1	3.103905009E1
3.528000000E1	1.732710154E1	3.084069911E1
3.532000000E1	1.655926366E1	3.066838928E1
3.536000000E1	1.582563848E1	3.050188566E1
3.540000000E1	1.525130786E1	3.038807138E1
3.544000000E1	1.431841349E1	3.003341477E1
3.548000000E1	1.432239163E1	3.007239943E1
3.552000000E1	1.404503457E1	2.991765205E1
3.556000000E1	1.374810420E1	2.966542420E1
3.560000000E1	1.355942156E1	2.952515146E1
3.564000000E1	1.342210870E1	2.936460509E1
3.568000000E1	1.332336347E1	2.930900668E1
3.572000000E1	1.327367185E1	2.933067137E1
3.576000000E1	1.327207907E1	2.934281881E1
3.580000000E1	1.332027464E1	2.935106539E1
3.584000000E1	1.330009531E1	2.936449772E1
3.588000000E1	1.330446428E1	2.937467229E1
3.592000000E1	1.327901909E1	2.942302540E1
3.596000000E1	1.336190915E1	2.950649027E1
3.600000000E1	1.343672175E1	2.961762413E1
3.604000000E1	1.357334360E1	2.967597095E1
3.608000000E1	1.385843436E1	2.990863154E1
3.612000000E1	1.416823923E1	3.000748246E1
3.616000000E1	1.460488276E1	3.024477838E1
3.620000000E1	1.507382936E1	3.052385365E1
3.624000000E1	1.564730024E1	3.078441231E1
3.628000000E1	1.685602271E1	3.132496739E1
3.632000000E1	1.686059195E1	3.131268398E1
3.636000000E1	1.747514618E1	3.156425044E1
3.640000000E1	1.808082600E1	3.178922730E1
3.644000000E1	1.882325868E1	3.200281303E1
3.648000000E1	1.965904490E1	3.222700573E1
3.652000000E1	2.056771672E1	3.233002940E1
3.656000000E1	2.149826723E1	3.236221674E1
3.660000000E1	2.242168025E1	3.236193362E1
3.664000000E1	2.330830325E1	3.239494947E1
3.668000000E1	2.482360578E1	3.257594769E1
3.672000000E1	2.481203010E1	3.261075561E1
3.676000000E1	2.538671158E1	3.266587417E1
3.680000000E1	2.583953707E1	3.269377825E1
3.684000000E1	2.613339227E1	3.268655645E1
3.688000000E1	2.625056366E1	3.266625653E1
3.692000000E1	2.626113023E1	3.267821717E1
3.696000000E1	2.610531861E1	3.274570675E1
3.700000000E1	2.584631911E1	3.280104047E1
3.704000000E1	2.543212891E1	3.280700998E1
3.708000000E1	2.491765156E1	3.278063037E1
3.712000000E1	2.424478141E1	3.274196076E1
3.716000000E1	2.345571661E1	3.259074091E1
3.720000000E1	2.258518790E1	3.249383697E1
3.724000000E1	2.165566575E1	3.229065244E1
3.728000000E1	1.958182860E1	3.179100188E1
3.732000000E1	1.957289541E1	3.177578531E1
3.736000000E1	1.850045932E1	3.148969309E1
3.740000000E1	1.744285481E1	3.122220413E1
3.744000000E1	1.644538032E1	3.097476806E1
3.748000000E1	1.552217358E1	3.080747839E1
3.752000000E1	1.402022078E1	3.027834562E1
3.756000000E1	1.401853385E1	3.026212860E1
3.760000000E1	1.338902280E1	2.996849235E1
3.764000000E1	1.285232098E1	2.960967232E1
3.768000000E1	1.240099768E1	2.935513192E1
3.772000000E1	1.208385884E1	2.920689999E1
3.776000000E1	1.189781249E1	2.905421123E1
3.780000000E1	1.176607437E1	2.892850358E1
3.784000000E1	1.168619043E1	2.889956989E1
3.788000000E1	1.160802416E1	2.891329917E1
3.792000000E1	1.147578275E1	2.890005492E1
3.796000000E1	1.131862916E1	2.888178358E1
3.800000000E1	1.116183221E1	2.885597811E1
3.804000000E1	1.100728167E1	2.877457795E1
3.808000000E1	1.088104259E1	2.862815583E1
3.812000000E1	1.083199195E1	2.860425342E1
3.816000000E1	1.077500281E1	2.858427453E1
3.820000000E1	1.075849264E1	2.860082099E1
3.824000000E1	1.084070722E1	2.861382800E1
