hand
t	x	y
0.000000000E0	4.231058116E1	1.051894031E1
4.000000000E-2	4.231067574E1	1.051849356E1
8.000000000E-2	4.231146437E1	1.051026277E1
1.200000000E-1	4.230389237E1	1.050514602E1
1.600000000E-1	4.229479610E1	1.051149771E1
2.000000000E-1	4.229483367E1	1.050000766E1
2.400000000E-1	4.230347918E1	1.050607370E1
2.800000000E-1	4.231116609E1	1.051255152E1
3.200000000E-1	4.231689554E1	1.051798381E1
3.600000000E-1	4.231607033E1	1.051629896E1
4.000000000E-1	4.231441564E1	1.051526278E1
4.400000000E-1	4.231354335E1	1.051451863E1
4.800000000E-1	4.240113861E1	1.049300547E1
5.200000000E-1	4.249928618E1	1.047864895E1
5.600000000E-1	4.260892327E1	1.053203492E1
6.000000000E-1	4.261998635E1	1.052850320E1
6.400000000E-1	4.261557363E1	1.052445547E1
6.800000000E-1	4.262015933E1	1.052532886E1
7.200000000E-1	4.262585208E1	1.052693518E1
7.600000000E-1	4.264799996E1	1.053200557E1
8.000000000E-1	4.266780753E1	1.054088098E1
8.400000000E-1	4.262406739E1	1.051865389E1
8.800000000E-1	4.261602976E1	1.050977826E1
9.200000000E-1	4.261420000E1	1.051268820E1
9.600000000E-1	4.260926140E1	1.041987740E1
1.000000000E0	4.260995246E1	1.040670847E1
1.040000000E0	4.254849893E1	1.036403334E1
1.080000000E0	4.242461468E1	1.034395509E1
1.120000000E0	4.224800425E1	1.027157244E1
1.160000000E0	4.228343281E1	1.024286651E1
1.200000000E0	4.229666679E1	1.022840474E1
1.240000000E0	4.231579764E1	1.026652737E1
1.280000000E0	4.237224644E1	1.027957564E1
1.320000000E0	4.242613344E1	1.025945315E1
1.360000000E0	4.247479212E1	1.023328491E1
1.400000000E0	4.258105183E1	1.022719822E1
1.440000000E0	4.269882406E1	1.022388845E1
1.480000000E0	4.275004178E1	1.022260194E1
1.520000000E0	4.275876793E1	1.022034375E1
1.560000000E0	4.276370962E1	1.022306974E1
1.600000000E0	4.276819297E1	1.022733952E1
1.640000000E0	4.277216908E1	1.022486371E1
1.680000000E0	4.277097500E1	1.022217920E1
1.720000000E0	4.278623481E1	1.023680631E1
1.760000000E0	4.277507796E1	1.025196026E1
1.800000000E0	4.276767571E1	1.022078580E1
1.840000000E0	4.276207753E1	1.017401077E1
1.880000000E0	4.275263563E1	1.010174599E1
1.920000000E0	4.264323044E1	1.006349788E1
1.960000000E0	4.257456148E1	1.004294211E1
2.000000000E0	4.249631844E1	1.005345020E1
2.040000000E0	4.251898784E1	1.008636455E1
2.080000000E0	4.254788135E1	1.014432847E1
2.120000000E0	4.259789289E1	1.018090461E1
2.160000000E0	4.260165914E1	1.022864833E1
2.200000000E0	4.255864855E1	1.032055308E1
2.240000000E0	4.245967059E1	1.040182043E1
2.280000000E0	4.230227597E1	1.055819023E1
2.320000000E0	4.206456891E1	1.085757765E1
2.360000000E0	4.183745012E1	1.124178940E1
2.400000000E0	4.156893029E1	1.169706082E1
2.440000000E0	4.127685478E1	1.196965537E1
2.480000000E0	4.096872808E1	1.207290453E1
2.520000000E0	4.064661814E1	1.203009656E1
2.560000000E0	4.023921654E1	1.202669123E1
2.600000000E0	3.980997108E1	1.199014364E1
2.640000000E0	3.945266496E1	1.175331868E1
2.680000000E0	3.916920549E1	1.152992152E1
2.720000000E0	3.902177301E1	1.128031447E1
2.760000000E0	3.901441239E1	1.108907399E1
2.800000000E0	3.904589993E1	1.098160633E1
2.840000000E0	3.915623527E1	1.090564744E1
2.880000000E0	3.928075453E1	1.085265679E1
2.920000000E0	3.941298009E1	1.093173572E1
2.960000000E0	3.961091471E1	1.114573528E1
3.000000000E0	3.981757207E1	1.158541436E1
3.040000000E0	4.016892648E1	1.220059987E1
3.080000000E0	4.063445952E1	1.280306199E1
3.120000000E0	4.122835303E1	1.334806985E1
3.160000000E0	4.212956594E1	1.368476928E1
3.200000000E0	4.347740627E1	1.394980163E1
3.240000000E0	4.527710159E1	1.424220221E1
3.280000000E0	4.764180595E1	1.429570479E1
3.320000000E0	4.999371606E1	1.443170167E1
3.360000000E0	5.256100213E1	1.457414819E1
3.400000000E0	5.487444831E1	1.445695311E1
3.440000000E0	5.692216633E1	1.425749924E1
3.480000000E0	5.863403452E1	1.397154008E1
3.520000000E0	5.992841040E1	1.375867030E1
3.560000000E0	6.095683360E1	1.366135263E1
3.600000000E0	6.195004907E1	1.378903663E1
3.640000000E0	6.322180333E1	1.382569081E1
3.680000000E0	6.522710143E1	1.380372814E1
3.720000000E0	6.817922633E1	1.381118499E1
3.760000000E0	7.194396893E1	1.383823395E1
3.800000000E0	7.661949065E1	1.390618231E1
3.840000000E0	8.141953328E1	1.447157970E1
3.880000000E0	8.482728197E1	1.553319353E1
3.920000000E0	8.669976770E1	1.732204576E1
3.960000000E0	8.777925952E1	1.962175068E1
4.000000000E0	8.816659284E1	2.184742767E1
4.040000000E0	8.815239397E1	2.380806010E1
4.080000000E0	8.785547879E1	2.520302878E1
4.120000000E0	8.745180740E1	2.613120045E1
4.160000000E0	8.690847562E1	2.663136625E1
4.200000000E0	8.628259180E1	2.694988744E1
4.240000000E0	8.544590350E1	2.707243103E1
4.280000000E0	8.449362960E1	2.697331186E1
4.320000000E0	8.333329043E1	2.669941320E1
4.360000000E0	8.206578245E1	2.640112077E1
4.400000000E0	8.055171541E1	2.605539163E1
4.440000000E0	7.893911851E1	2.545761142E1
4.480000000E0	7.714127361E1	2.504679085E1
4.520000000E0	7.508759802E1	2.448575047E1
4.560000000E0	7.290778165E1	2.423981195E1
4.600000000E0	7.058727093E1	2.384437577E1
4.640000000E0	6.816695174E1	2.324006965E1
4.680000000E0	6.567397551E1	2.280447895E1
4.720000000E0	6.326359943E1	2.221341470E1
4.760000000E0	6.104249184E1	2.151126927E1
4.800000000E0	5.904202565E1	2.082115687E1
4.840000000E0	5.706007402E1	1.998166982E1
4.880000000E0	5.544857698E1	1.906654669E1
4.920000000E0	5.413746521E1	1.820880299E1
4.960000000E0	5.311544049E1	1.731197892E1
5.000000000E0	5.245441340E1	1.658597318E1
5.040000000E0	5.212639870E1	1.606573472E1
5.080000000E0	5.205379762E1	1.559479015E1
5.120000000E0	5.219408400E1	1.526333275E1
5.160000000E0	5.261617155E1	1.497671156E1
5.200000000E0	5.333027547E1	1.464829939E1
5.240000000E0	5.440986067E1	1.436045532E1
5.280000000E0	5.589238867E1	1.398319476E1
5.320000000E0	5.760625377E1	1.366014041E1
5.360000000E0	5.967187838E1	1.348013638E1
5.400000000E0	6.209496212E1	1.320362031E1
5.440000000E0	6.486980075E1	1.323887493E1
5.480000000E0	6.800431455E1	1.339382028E1
5.520000000E0	7.178326989E1	1.364632485E1
5.560000000E0	7.659230603E1	1.381241842E1
5.600000000E0	8.184314351E1	1.440592874E1
5.640000000E0	8.536950089E1	1.594229169E1
5.680000000E0	8.707842199E1	1.783356718E1
5.720000000E0	8.804201704E1	2.021402390E1
5.760000000E0	8.844501829E1	2.248789257E1
5.800000000E0	8.841149178E1	2.432621112E1
5.840000000E0	8.808274137E1	2.555838966E1
5.880000000E0	8.753347940E1	2.610258638E1
5.920000000E0	8.686703408E1	2.620017893E1
5.960000000E0	8.617965908E1	2.595526704E1
6.000000000E0	8.530637399E1	2.563604624E1
6.040000000E0	8.421963782E1	2.504830554E1
6.080000000E0	8.302737861E1	2.447274849E1
6.120000000E0	8.167371782E1	2.370283974E1
6.160000000E0	8.015547845E1	2.318805064E1
6.200000000E0	7.812737514E1	2.245336740E1
6.240000000E0	7.575345515E1	2.167137705E1
6.280000000E0	7.350396486E1	2.116521849E1
6.320000000E0	7.124154476E1	2.069181405E1
6.360000000E0	6.905966656E1	2.041897175E1
6.400000000E0	6.701560391E1	2.009577495E1
6.440000000E0	6.488693494E1	1.982657357E1
6.480000000E0	6.256701745E1	1.962405181E1
6.520000000E0	5.994466963E1	1.935380211E1
6.560000000E0	5.727259143E1	1.903296260E1
6.600000000E0	5.463891812E1	1.858180277E1
6.640000000E0	5.210206421E1	1.813199817E1
6.680000000E0	4.976753994E1	1.752285656E1
6.720000000E0	4.785496289E1	1.663396545E1
6.760000000E0	4.555370517E1	1.531153116E1
6.800000000E0	4.558061499E1	1.531350431E1
6.840000000E0	4.524129506E1	1.475849051E1
6.880000000E0	4.554674042E1	1.438315587E1
6.920000000E0	4.625112213E1	1.410452771E1
6.960000000E0	4.737547386E1	1.386940665E1
7.000000000E0	4.882814739E1	1.382953864E1
7.040000000E0	5.068982905E1	1.379502732E1
7.080000000E0	5.267182476E1	1.384384412E1
7.120000000E0	5.487711300E1	1.407096888E1
7.160000000E0	5.726661193E1	1.409480942E1
7.200000000E0	5.988719931E1	1.381473558E1
7.240000000E0	6.268198019E1	1.354019369E1
7.280000000E0	6.565049229E1	1.334910469E1
7.320000000E0	6.900103274E1	1.334304447E1
7.360000000E0	7.314715091E1	1.342061971E1
7.400000000E0	7.804184517E1	1.374165125E1
7.440000000E0	8.259449040E1	1.458513895E1
7.480000000E0	8.538059086E1	1.595047581E1
7.520000000E0	8.683740371E1	1.730674538E1
7.560000000E0	8.766062045E1	1.923108153E1
7.600000000E0	8.784749529E1	2.102659973E1
7.640000000E0	8.774427993E1	2.219062776E1
7.680000000E0	8.745323502E1	2.280524363E1
7.720000000E0	8.691191016E1	2.309848075E1
7.760000000E0	8.614986223E1	2.309312191E1
7.800000000E0	8.515010942E1	2.304728100E1
7.840000000E0	8.403219635E1	2.285992780E1
7.880000000E0	8.270229526E1	2.252054681E1
7.920000000E0	8.122558147E1	2.229669918E1
7.960000000E0	7.962292303E1	2.175825297E1
8.000000000E0	7.572268806E1	2.113624053E1
8.040000000E0	7.569774983E1	2.114218160E1
8.080000000E0	7.342678664E1	2.067559121E1
8.120000000E0	7.102597243E1	2.019523304E1
8.160000000E0	6.862875903E1	1.946200196E1
8.200000000E0	6.625331699E1	1.903674044E1
8.240000000E0	6.394022149E1	1.876595992E1
8.280000000E0	6.173661898E1	1.843746981E1
8.320000000E0	5.963236457E1	1.814692208E1
8.360000000E0	5.773450322E1	1.775522112E1
8.400000000E0	5.608141286E1	1.724192295E1
8.440000000E0	5.469539371E1	1.664335359E1
8.480000000E0	5.342134582E1	1.590369206E1
8.520000000E0	5.237572705E1	1.524285445E1
8.560000000E0	5.154495310E1	1.475542382E1
8.600000000E0	5.092943522E1	1.429662341E1
8.640000000E0	5.053009169E1	1.385885740E1
8.680000000E0	5.025540746E1	1.354072459E1
8.720000000E0	5.012657408E1	1.323968452E1
8.760000000E0	5.008152143E1	1.306043486E1
8.800000000E0	5.005678595E1	1.293133831E1
8.840000000E0	4.996803607E1	1.278969875E1
8.880000000E0	4.995657498E1	1.278271047E1
8.920000000E0	4.993938342E1	1.275754606E1
8.960000000E0	4.992566352E1	1.274616080E1
9.000000000E0	4.992561613E1	1.275395354E1
9.040000000E0	4.993405920E1	1.275810808E1
9.080000000E0	4.993785248E1	1.276032758E1
9.120000000E0	4.994011604E1	1.276132416E1
9.160000000E0	4.994039776E1	1.275802822E1
9.200000000E0	4.994292888E1	1.275035329E1
9.240000000E0	4.994543116E1	1.273971176E1
9.280000000E0	4.994781463E1	1.269490950E1
9.320000000E0	5.000267883E1	1.268737357E1
9.360000000E0	5.005427621E1	1.260229110E1
9.400000000E0	5.010244961E1	1.262329789E1
9.440000000E0	5.020247594E1	1.260433808E1
9.480000000E0	5.028460099E1	1.264817807E1
9.520000000E0	5.039839212E1	1.264965971E1
9.560000000E0	5.053431924E1	1.265239035E1
9.600000000E0	5.067465974E1	1.261717702E1
9.640000000E0	5.070192294E1	1.261186176E1
9.680000000E0	5.080741095E1	1.248264002E1
9.720000000E0	5.083900044E1	1.244362626E1
9.760000000E0	5.094931859E1	1.230403963E1
9.800000000E0	5.101518200E1	1.229019288E1
9.840000000E0	5.143501794E1	1.212660936E1
9.880000000E0	5.143676209E1	1.215323815E1
9.920000000E0	5.170330162E1	1.214055685E1
9.960000000E0	5.201132220E1	1.216478250E1
1.000000000E1	5.224587462E1	1.232193006E1
1.004000000E1	5.249823170E1	1.242341465E1
1.008000000E1	5.292488469E1	1.246509789E1
1.012000000E1	5.341959501E1	1.262101999E1
1.016000000E1	5.416251203E1	1.274744208E1
1.020000000E1	5.515959173E1	1.276729280E1
1.024000000E1	5.624594935E1	1.294632039E1
1.028000000E1	5.754809585E1	1.291667541E1
1.032000000E1	5.890234466E1	1.291460418E1
1.036000000E1	6.045445595E1	1.296792587E1
1.040000000E1	6.218203440E1	1.274100543E1
1.044000000E1	6.398720907E1	1.276573087E1
1.048000000E1	6.618010835E1	1.299564646E1
1.052000000E1	6.912205246E1	1.333991063E1
1.056000000E1	7.295818925E1	1.337682126E1
1.060000000E1	7.724764225E1	1.331507825E1
1.064000000E1	8.081226945E1	1.362899064E1
1.068000000E1	8.270915303E1	1.437122957E1
1.072000000E1	8.361963496E1	1.549342128E1
1.076000000E1	8.407412213E1	1.689954774E1
1.080000000E1	8.407654356E1	1.800712072E1
1.084000000E1	8.374582736E1	1.876815035E1
1.088000000E1	8.314464883E1	1.904954520E1
1.092000000E1	8.240454877E1	1.900504300E1
1.096000000E1	8.155092158E1	1.879472334E1
1.100000000E1	8.054797735E1	1.844196139E1
1.104000000E1	7.957307714E1	1.830849176E1
1.108000000E1	7.848416045E1	1.812652858E1
1.112000000E1	7.738133915E1	1.792069904E1
1.116000000E1	7.625617067E1	1.769486357E1
1.120000000E1	7.505762872E1	1.751569805E1
1.124000000E1	7.377806965E1	1.755061629E1
1.128000000E1	7.223555386E1	1.727693752E1
1.132000000E1	7.046549476E1	1.722458543E1
1.136000000E1	6.865828145E1	1.699758778E1
1.140000000E1	6.661267505E1	1.666621250E1
1.144000000E1	6.456888225E1	1.661729969E1
1.148000000E1	6.254879497E1	1.653411882E1
1.152000000E1	6.070670714E1	1.623368930E1
1.156000000E1	5.904759369E1	1.616145196E1
1.160000000E1	5.759741994E1	1.610254785E1
1.164000000E1	5.639975247E1	1.590255155E1
1.168000000E1	5.457376469E1	1.560155820E1
1.172000000E1	5.457494328E1	1.560351569E1
1.176000000E1	5.390356124E1	1.533464393E1
1.180000000E1	5.328653636E1	1.506636908E1
1.184000000E1	5.295989168E1	1.474259631E1
1.188000000E1	5.291362499E1	1.440401127E1
1.192000000E1	5.311399143E1	1.410636917E1
1.196000000E1	5.356770393E1	1.379155973E1
1.200000000E1	5.430319394E1	1.339846391E1
1.204000000E1	5.531228531E1	1.298473547E1
1.208000000E1	5.658289054E1	1.263411228E1
1.212000000E1	5.804024146E1	1.231169222E1
1.216000000E1	5.954131123E1	1.200806261E1
1.220000000E1	6.130220134E1	1.200572151E1
1.224000000E1	6.326418943E1	1.197961838E1
1.228000000E1	6.552298652E1	1.178393170E1
1.232000000E1	6.834616806E1	1.229705724E1
1.236000000E1	7.180949450E1	1.278943758E1
1.240000000E1	7.590179946E1	1.323117177E1
1.244000000E1	8.011629807E1	1.348472576E1
1.248000000E1	8.324653659E1	1.424897671E1
1.252000000E1	8.502377825E1	1.533727590E1
1.256000000E1	8.674666345E1	1.936805611E1
1.260000000E1	8.675295951E1	1.935902433E1
1.264000000E1	8.691271660E1	2.127108603E1
1.268000000E1	8.673663713E1	2.262859603E1
1.272000000E1	8.628124699E1	2.339371053E1
1.276000000E1	8.554987910E1	2.386368854E1
1.280000000E1	8.448086167E1	2.411669380E1
1.284000000E1	8.314979487E1	2.440669493E1
1.288000000E1	8.146468302E1	2.441911693E1
1.292000000E1	7.942428143E1	2.433306522E1
1.296000000E1	7.713713587E1	2.387548870E1
1.300000000E1	7.217824148E1	2.238877324E1
1.304000000E1	7.220735738E1	2.235829051E1
1.308000000E1	6.962578489E1	2.155954552E1
1.312000000E1	6.697031706E1	2.088221226E1
1.316000000E1	6.461292000E1	2.029591859E1
1.320000000E1	6.245092933E1	1.995463851E1
1.324000000E1	6.043140406E1	1.947880942E1
1.328000000E1	5.863121785E1	1.906339431E1
1.332000000E1	5.709517301E1	1.870429230E1
1.336000000E1	5.582146093E1	1.830200112E1
1.340000000E1	5.488080354E1	1.791728953E1
1.344000000E1	5.403781929E1	1.762706298E1
1.348000000E1	5.333108046E1	1.718640748E1
1.352000000E1	5.273689788E1	1.673421479E1
1.356000000E1	5.217807943E1	1.633758453E1
1.360000000E1	5.170913744E1	1.583611112E1
1.364000000E1	5.129140127E1	1.555144079E1
1.368000000E1	5.100105968E1	1.516903211E1
1.372000000E1	5.084653693E1	1.485759249E1
1.376000000E1	5.084989479E1	1.459022137E1
1.380000000E1	5.096626213E1	1.423653481E1
1.384000000E1	5.114035444E1	1.407717177E1
1.388000000E1	5.146171102E1	1.387679658E1
1.392000000E1	5.188437795E1	1.364916941E1
1.396000000E1	5.247883374E1	1.337517874E1
1.400000000E1	5.309284383E1	1.307895849E1
1.404000000E1	5.383505886E1	1.288836905E1
1.408000000E1	5.459164012E1	1.273906469E1
1.412000000E1	5.535886979E1	1.269152964E1
1.416000000E1	5.622772663E1	1.248802916E1
1.420000000E1	5.834959863E1	1.276727532E1
1.424000000E1	5.833538390E1	1.276160230E1
1.428000000E1	6.027406460E1	1.305116966E1
1.432000000E1	6.308105204E1	1.314962370E1
1.436000000E1	6.692660801E1	1.335561774E1
1.440000000E1	7.155066289E1	1.346620554E1
1.444000000E1	7.612120982E1	1.378900585E1
1.448000000E1	8.022926855E1	1.440033638E1
1.452000000E1	8.273486305E1	1.535229224E1
1.456000000E1	8.427309893E1	1.617329233E1
1.460000000E1	8.514506401E1	1.728521563E1
1.464000000E1	8.544179817E1	1.849704516E1
1.468000000E1	8.540780712E1	1.939246520E1
1.472000000E1	8.523705714E1	1.984208370E1
1.476000000E1	8.496471619E1	1.995745471E1
1.480000000E1	8.457527941E1	1.999377849E1
1.484000000E1	8.403176600E1	1.990999227E1
1.488000000E1	8.331705662E1	1.995867628E1
1.492000000E1	8.239475420E1	2.007887457E1
1.496000000E1	8.124052790E1	2.027493614E1
1.500000000E1	7.976962227E1	2.024356181E1
1.504000000E1	7.802249447E1	2.023414987E1
1.508000000E1	7.590347989E1	2.025011552E1
1.512000000E1	7.345166514E1	2.000769859E1
1.516000000E1	7.078500797E1	1.964897201E1
1.520000000E1	6.809442718E1	1.910095527E1
1.524000000E1	6.525809221E1	1.847779257E1
1.528000000E1	6.250197696E1	1.784432202E1
1.532000000E1	5.997589441E1	1.722074019E1
1.536000000E1	5.774944274E1	1.634103528E1
1.540000000E1	5.578254674E1	1.544719226E1
1.544000000E1	5.411059379E1	1.462840251E1
1.548000000E1	5.264643074E1	1.395057561E1
1.552000000E1	5.146874391E1	1.336307415E1
1.556000000E1	5.068268580E1	1.283703928E1
1.560000000E1	5.012034220E1	1.267329856E1
1.564000000E1	4.980131661E1	1.237235530E1
1.568000000E1	4.964872957E1	1.219375789E1
1.572000000E1	4.963301679E1	1.212278328E1
1.576000000E1	4.993536914E1	1.217019999E1
1.580000000E1	4.993746308E1	1.217328832E1
1.584000000E1	5.011011248E1	1.242772751E1
1.588000000E1	5.053238677E1	1.235294665E1
1.592000000E1	5.086206154E1	1.261841105E1
1.596000000E1	5.144082029E1	1.253685676E1
1.600000000E1	5.205220365E1	1.272816918E1
1.604000000E1	5.306918303E1	1.274727749E1
1.608000000E1	5.443763833E1	1.293251239E1
1.612000000E1	5.633169391E1	1.299496797E1
1.616000000E1	5.865729599E1	1.303788946E1
1.620000000E1	6.144552607E1	1.272929187E1
1.624000000E1	6.450011848E1	1.246899686E1
1.628000000E1	6.773946822E1	1.246931023E1
1.632000000E1	7.146124991E1	1.280612160E1
1.636000000E1	7.583325582E1	1.322947354E1
1.640000000E1	8.022179222E1	1.366983393E1
1.644000000E1	8.350475877E1	1.459553461E1
1.648000000E1	8.517446268E1	1.588360943E1
1.652000000E1	8.592591710E1	1.727239041E1
1.656000000E1	8.634556303E1	1.908345841E1
1.660000000E1	8.631197093E1	2.064328912E1
1.664000000E1	8.601335348E1	2.182994835E1
1.668000000E1	8.558022919E1	2.249906501E1
1.672000000E1	8.495194132E1	2.290793039E1
1.676000000E1	8.387485891E1	2.291431940E1
1.680000000E1	8.240827795E1	2.260019566E1
1.684000000E1	8.047707006E1	2.203773108E1
1.688000000E1	7.806282148E1	2.141201535E1
1.692000000E1	7.521390572E1	2.078274042E1
1.696000000E1	7.200773758E1	1.964737423E1
1.700000000E1	6.864144922E1	1.846997022E1
1.704000000E1	6.522385025E1	1.728753745E1
1.708000000E1	6.218571541E1	1.632401503E1
1.712000000E1	5.951415502E1	1.551344477E1
1.716000000E1	5.724887393E1	1.463360941E1
1.720000000E1	5.545530470E1	1.395676303E1
1.724000000E1	5.401491868E1	1.359873511E1
1.728000000E1	5.293186828E1	1.311189776E1
1.732000000E1	5.219429200E1	1.290537014E1
1.736000000E1	5.174269917E1	1.291439720E1
1.740000000E1	5.156977251E1	1.289192264E1
1.744000000E1	5.147890007E1	1.312093431E1
1.748000000E1	5.144298289E1	1.307829543E1
1.752000000E1	5.144698409E1	1.320828011E1
1.756000000E1	5.158071348E1	1.333551050E1
1.760000000E1	5.174054126E1	1.338161401E1
1.764000000E1	5.190270090E1	1.352998864E1
1.768000000E1	5.218620532E1	1.352341362E1
1.772000000E1	5.248439799E1	1.352587949E1
1.776000000E1	5.292922971E1	1.354053773E1
1.780000000E1	5.354877005E1	1.370924908E1
1.784000000E1	5.457088027E1	1.362383365E1
1.788000000E1	5.591245729E1	1.351847523E1
1.792000000E1	5.753852275E1	1.320346272E1
1.796000000E1	5.937984139E1	1.293560112E1
1.800000000E1	6.175428064E1	1.294925284E1
1.804000000E1	6.479019708E1	1.319805210E1
1.808000000E1	6.847399355E1	1.299687638E1
1.812000000E1	7.272877804E1	1.320729530E1
1.816000000E1	7.732483651E1	1.370348855E1
1.820000000E1	8.152334795E1	1.431198654E1
1.824000000E1	8.428101002E1	1.559869850E1
1.828000000E1	8.638647647E1	1.890110588E1
1.832000000E1	8.633766287E1	1.962069278E1
1.836000000E1	8.654928109E1	2.106568618E1
1.840000000E1	8.646549582E1	2.204735007E1
1.844000000E1	8.617906119E1	2.260474618E1
1.848000000E1	8.577446928E1	2.275510972E1
1.852000000E1	8.529663678E1	2.261761614E1
1.856000000E1	8.467283449E1	2.243625582E1
1.860000000E1	8.380562472E1	2.218638509E1
1.864000000E1	8.274398748E1	2.200565701E1
1.868000000E1	8.140225807E1	2.187268464E1
1.872000000E1	7.969512061E1	2.156440664E1
1.876000000E1	7.766956145E1	2.129902578E1
1.880000000E1	7.275221635E1	2.082503351E1
1.884000000E1	7.277759268E1	2.081661823E1
1.888000000E1	7.005459712E1	2.039539385E1
1.892000000E1	6.743733281E1	1.991557388E1
1.896000000E1	6.495196244E1	1.917035621E1
1.900000000E1	6.259917135E1	1.854752971E1
1.904000000E1	6.040550014E1	1.790053399E1
1.908000000E1	5.850984829E1	1.726037427E1
1.912000000E1	5.674378414E1	1.655977462E1
1.916000000E1	5.519808896E1	1.592371544E1
1.920000000E1	5.385078850E1	1.548926620E1
1.924000000E1	5.265056187E1	1.520920321E1
1.928000000E1	5.161332872E1	1.492301396E1
1.932000000E1	5.086348724E1	1.465013086E1
1.936000000E1	5.035776732E1	1.441787984E1
1.940000000E1	5.007321259E1	1.423235875E1
1.944000000E1	4.997006319E1	1.405848327E1
1.948000000E1	4.998812976E1	1.403019445E1
1.952000000E1	5.026703493E1	1.391612231E1
1.956000000E1	5.071614611E1	1.392091406E1
1.960000000E1	5.131817673E1	1.394234870E1
1.964000000E1	5.207962992E1	1.392600518E1
1.968000000E1	5.297572058E1	1.383456233E1
1.972000000E1	5.397992858E1	1.364734385E1
1.976000000E1	5.517522668E1	1.356861639E1
1.980000000E1	5.674573790E1	1.345273586E1
1.984000000E1	5.866673874E1	1.331858870E1
1.988000000E1	6.115942810E1	1.348087000E1
1.992000000E1	6.400277916E1	1.346685562E1
1.996000000E1	6.715640185E1	1.320851396E1
2.000000000E1	7.043727274E1	1.312986692E1
2.004000000E1	7.412313077E1	1.324119106E1
2.008000000E1	7.857191644E1	1.349094418E1
2.012000000E1	8.268410391E1	1.412384472E1
2.016000000E1	8.530375496E1	1.503414333E1
2.020000000E1	8.679416229E1	1.633570538E1
2.024000000E1	8.776022313E1	1.809782892E1
2.028000000E1	8.824856087E1	1.980287768E1
2.032000000E1	8.831795271E1	2.109569643E1
2.036000000E1	8.815523176E1	2.170738131E1
2.040000000E1	8.780977024E1	2.182611557E1
2.044000000E1	8.738647666E1	2.184115760E1
2.048000000E1	8.694448588E1	2.177914800E1
2.052000000E1	8.635225566E1	2.171287199E1
2.056000000E1	8.556954485E1	2.152003214E1
2.060000000E1	8.453963300E1	2.139405312E1
2.064000000E1	8.327485540E1	2.119340312E1
2.068000000E1	8.184065032E1	2.095337219E1
2.072000000E1	8.016061620E1	2.082119483E1
2.076000000E1	7.798460079E1	2.094321962E1
2.080000000E1	7.574946299E1	2.067887586E1
2.084000000E1	7.330824539E1	2.066585427E1
2.088000000E1	7.055244527E1	2.033491890E1
2.092000000E1	6.807378289E1	1.986825032E1
2.096000000E1	6.555683825E1	1.947116873E1
2.100000000E1	6.315908987E1	1.870883646E1
2.104000000E1	6.087731353E1	1.811703847E1
2.108000000E1	5.897482668E1	1.750052587E1
2.112000000E1	5.730940983E1	1.677918276E1
2.116000000E1	5.586081551E1	1.604077408E1
2.120000000E1	5.468229861E1	1.557238748E1
2.124000000E1	5.376092182E1	1.527710326E1
2.128000000E1	5.321799216E1	1.509458685E1
2.132000000E1	5.302097330E1	1.501013803E1
2.136000000E1	5.307546175E1	1.494647992E1
2.140000000E1	5.337201799E1	1.494898627E1
2.144000000E1	5.383300207E1	1.472525093E1
2.148000000E1	5.431962389E1	1.466629179E1
2.152000000E1	5.502102266E1	1.438790806E1
2.156000000E1	5.580999414E1	1.425012400E1
2.160000000E1	5.682826646E1	1.408673272E1
2.164000000E1	5.805901627E1	1.406115758E1
2.168000000E1	5.971339627E1	1.402397509E1
2.172000000E1	6.179745435E1	1.375210450E1
2.176000000E1	6.432270822E1	1.350257126E1
2.180000000E1	6.723624012E1	1.378391001E1
2.184000000E1	7.064112223E1	1.381999299E1
2.188000000E1	7.434322863E1	1.378579890E1
2.192000000E1	7.802913244E1	1.437370008E1
2.196000000E1	8.166323753E1	1.483909933E1
2.200000000E1	8.459640907E1	1.559012488E1
2.204000000E1	8.653287956E1	1.657533303E1
2.208000000E1	8.762435809E1	1.821719768E1
2.212000000E1	8.824314340E1	1.988594113E1
2.216000000E1	8.843573392E1	2.135956603E1
2.220000000E1	8.830217500E1	2.243356956E1
2.224000000E1	8.797018060E1	2.307445142E1
2.228000000E1	8.753359748E1	2.334755707E1
2.232000000E1	8.700065112E1	2.342424530E1
2.236000000E1	8.621306046E1	2.336784153E1
2.240000000E1	8.530261769E1	2.334949057E1
2.244000000E1	8.412288308E1	2.333719756E1
2.248000000E1	8.264709749E1	2.330012999E1
2.252000000E1	8.107255548E1	2.306760410E1
2.256000000E1	7.918733038E1	2.309543562E1
2.260000000E1	7.703579221E1	2.269258994E1
2.264000000E1	7.477707612E1	2.217626866E1
2.268000000E1	7.243226501E1	2.138104861E1
2.272000000E1	7.016835506E1	2.049498744E1
2.276000000E1	6.809635846E1	1.969894820E1
2.280000000E1	6.610065621E1	1.919602467E1
2.284000000E1	6.429128298E1	1.882321717E1
2.288000000E1	6.272589110E1	1.829198314E1
2.292000000E1	6.136829655E1	1.778302656E1
2.296000000E1	6.026702577E1	1.742455493E1
2.300000000E1	5.835484288E1	1.686027476E1
2.304000000E1	5.835165081E1	1.690241730E1
2.308000000E1	5.719264082E1	1.648252940E1
2.312000000E1	5.597660839E1	1.600284100E1
2.316000000E1	5.480681352E1	1.554955056E1
2.320000000E1	5.372524889E1	1.509616333E1
2.324000000E1	5.281171937E1	1.480687240E1
2.328000000E1	5.217044785E1	1.449137086E1
2.332000000E1	5.178496592E1	1.424533753E1
2.336000000E1	5.163128008E1	1.420261758E1
2.340000000E1	5.179353312E1	1.393924120E1
2.344000000E1	5.221095327E1	1.363359444E1
2.348000000E1	5.282360024E1	1.337392290E1
2.352000000E1	5.375931467E1	1.335279925E1
2.356000000E1	5.505362068E1	1.362158416E1
2.360000000E1	5.687402892E1	1.384779614E1
2.364000000E1	5.904848408E1	1.381222835E1
2.368000000E1	6.148347980E1	1.378045281E1
2.372000000E1	6.430000290E1	1.391410363E1
2.376000000E1	6.735915789E1	1.394949950E1
2.380000000E1	7.076100248E1	1.412169962E1
2.384000000E1	7.470213670E1	1.439508686E1
2.388000000E1	7.904933197E1	1.468310561E1
2.392000000E1	8.318437684E1	1.496744652E1
2.396000000E1	8.632331313E1	1.572246583E1
2.400000000E1	8.807445887E1	1.690864607E1
2.404000000E1	8.906190753E1	1.811365174E1
2.408000000E1	8.947370449E1	1.938012337E1
2.412000000E1	8.951611853E1	2.049203650E1
2.416000000E1	8.934268129E1	2.116543976E1
2.420000000E1	8.894462069E1	2.139382142E1
2.424000000E1	8.829738673E1	2.140045330E1
2.428000000E1	8.742000790E1	2.127324244E1
2.432000000E1	8.621499338E1	2.114919271E1
2.436000000E1	8.287541935E1	2.061629073E1
2.440000000E1	8.287628957E1	2.063739060E1
2.444000000E1	8.051213784E1	2.015984540E1
2.448000000E1	7.765924772E1	1.962069278E1
2.452000000E1	7.479244079E1	1.899505512E1
2.456000000E1	7.185545092E1	1.814581729E1
2.460000000E1	6.857931532E1	1.760888140E1
2.464000000E1	6.464982275E1	1.722411114E1
2.468000000E1	6.072822975E1	1.749678086E1
2.472000000E1	5.723194628E1	1.778874608E1
2.476000000E1	5.431795802E1	1.781598829E1
2.480000000E1	5.202778886E1	1.756312051E1
2.484000000E1	5.016142043E1	1.726503109E1
2.488000000E1	4.876411110E1	1.663492856E1
2.492000000E1	4.784885104E1	1.575812375E1
2.496000000E1	4.714441737E1	1.492343873E1
2.500000000E1	4.670074175E1	1.406680652E1
2.504000000E1	4.631740407E1	1.336129440E1
2.508000000E1	4.610659567E1	1.302275397E1
2.512000000E1	4.607378369E1	1.291298996E1
2.516000000E1	4.623902339E1	1.290665913E1
2.520000000E1	4.654902441E1	1.299826198E1
2.524000000E1	4.710556740E1	1.320504429E1
2.528000000E1	4.775914609E1	1.349275138E1
2.532000000E1	4.862348433E1	1.362042393E1
2.536000000E1	4.985516324E1	1.376621420E1
2.540000000E1	5.165210137E1	1.363787321E1
2.544000000E1	5.382525164E1	1.331330919E1
2.548000000E1	5.659151760E1	1.334499272E1
2.552000000E1	5.988319190E1	1.366143783E1
2.556000000E1	6.374623716E1	1.365505144E1
2.560000000E1	6.810783045E1	1.359510019E1
2.564000000E1	7.300702414E1	1.361677412E1
2.568000000E1	7.839244037E1	1.392183848E1
2.572000000E1	8.334607003E1	1.469976037E1
2.576000000E1	8.635283118E1	1.597230799E1
2.580000000E1	8.742451609E1	1.707329422E1
2.584000000E1	8.795155600E1	1.800194163E1
2.588000000E1	8.803288585E1	1.876615976E1
2.592000000E1	8.778653879E1	1.917121747E1
2.596000000E1	8.739455624E1	1.917385779E1
2.600000000E1	8.682739080E1	1.898487758E1
2.604000000E1	8.619994081E1	1.879247800E1
2.608000000E1	8.428047992E1	1.844688345E1
2.612000000E1	8.426168728E1	1.842738906E1
2.616000000E1	8.300562518E1	1.844059640E1
2.620000000E1	8.156904644E1	1.841928256E1
2.624000000E1	7.984296239E1	1.839220796E1
2.628000000E1	7.768774501E1	1.837557233E1
2.632000000E1	7.538685170E1	1.841948355E1
2.636000000E1	7.259594434E1	1.843288268E1
2.640000000E1	6.971068744E1	1.840276632E1
2.644000000E1	6.685701097E1	1.843429477E1
2.648000000E1	6.398599250E1	1.812361669E1
2.652000000E1	6.135961297E1	1.757622287E1
2.656000000E1	5.620541413E1	1.657671445E1
2.660000000E1	5.623410854E1	1.660321975E1
2.664000000E1	5.355918410E1	1.574994613E1
2.668000000E1	5.117368902E1	1.512625659E1
2.672000000E1	4.921816148E1	1.440700744E1
2.676000000E1	4.771343530E1	1.363252528E1
2.680000000E1	4.653301219E1	1.300651754E1
2.684000000E1	4.578765463E1	1.249933219E1
2.688000000E1	4.533386013E1	1.215246498E1
2.692000000E1	4.507065854E1	1.197364906E1
2.696000000E1	4.504195875E1	1.168806428E1
2.700000000E1	4.515065181E1	1.150857725E1
2.704000000E1	4.531117643E1	1.147080821E1
2.708000000E1	4.549766868E1	1.163578049E1
2.712000000E1	4.579102047E1	1.178768889E1
2.716000000E1	4.624330668E1	1.187827453E1
2.720000000E1	4.695063798E1	1.178889290E1
2.724000000E1	4.801547366E1	1.189556353E1
2.728000000E1	4.950277328E1	1.214913401E1
2.732000000E1	5.148308464E1	1.240679202E1
2.736000000E1	5.417439608E1	1.250722815E1
2.740000000E1	5.762425543E1	1.254557914E1
2.744000000E1	6.204002232E1	1.292965427E1
2.748000000E1	6.723252464E1	1.303892258E1
2.752000000E1	7.903141508E1	1.353868889E1
2.756000000E1	7.871759103E1	1.432897623E1
2.760000000E1	8.365417450E1	1.518136217E1
2.764000000E1	8.667782025E1	1.642804809E1
2.768000000E1	8.809040975E1	1.774875519E1
2.772000000E1	8.880585206E1	1.929946992E1
2.776000000E1	8.894808356E1	2.048332269E1
2.780000000E1	8.869305908E1	2.109448323E1
2.784000000E1	8.836357089E1	2.136157634E1
2.788000000E1	8.793865238E1	2.146176519E1
2.792000000E1	8.679046974E1	2.120518683E1
2.796000000E1	8.679412035E1	2.120811728E1
2.800000000E1	8.605642597E1	2.107408243E1
2.804000000E1	8.529423249E1	2.121884540E1
2.808000000E1	8.428470659E1	2.137829168E1
2.812000000E1	8.306839354E1	2.168714211E1
2.816000000E1	8.152082079E1	2.198103274E1
2.820000000E1	7.960173846E1	2.224515590E1
2.824000000E1	7.720062265E1	2.269204127E1
2.828000000E1	7.447517762E1	2.272476197E1
2.832000000E1	7.151552778E1	2.266625017E1
2.836000000E1	6.853886375E1	2.241309687E1
2.840000000E1	6.566676357E1	2.181367219E1
2.844000000E1	6.299506368E1	2.135984990E1
2.848000000E1	6.030614851E1	2.076774292E1
2.852000000E1	5.777253656E1	2.010009270E1
2.856000000E1	5.552982662E1	1.942001012E1
2.860000000E1	5.358549558E1	1.855463892E1
2.864000000E1	5.195814485E1	1.771883890E1
2.868000000E1	5.052883593E1	1.692633033E1
2.872000000E1	4.936971894E1	1.624108542E1
2.876000000E1	4.837611988E1	1.554775910E1
2.880000000E1	4.760222683E1	1.500149525E1
2.884000000E1	4.707255573E1	1.450451998E1
2.888000000E1	4.672488984E1	1.412566046E1
2.892000000E1	4.653378960E1	1.388835550E1
2.896000000E1	4.658342965E1	1.385379587E1
2.900000000E1	4.698771904E1	1.386201855E1
2.904000000E1	4.770833604E1	1.386129357E1
2.908000000E1	4.865877884E1	1.387245533E1
2.912000000E1	4.995314138E1	1.386972831E1
2.916000000E1	5.156315162E1	1.391211691E1
2.920000000E1	5.361195840E1	1.399779926E1
2.924000000E1	5.600221899E1	1.384997873E1
2.928000000E1	5.869915404E1	1.372311191E1
2.932000000E1	6.177175615E1	1.363559642E1
2.936000000E1	6.894160225E1	1.402309736E1
2.940000000E1	6.876916392E1	1.432897623E1
2.944000000E1	7.317147927E1	1.420626431E1
2.948000000E1	7.829425371E1	1.475231355E1
2.952000000E1	8.288644676E1	1.517949711E1
2.956000000E1	8.622013768E1	1.609336858E1
2.960000000E1	8.816627245E1	1.723143916E1
2.964000000E1	8.912755486E1	1.860466033E1
2.968000000E1	8.951745988E1	2.004372146E1
2.972000000E1	8.950243583E1	2.099056691E1
2.976000000E1	8.921432544E1	2.177275689E1
2.980000000E1	8.880683275E1	2.207882036E1
2.984000000E1	8.830219912E1	2.223441414E1
2.988000000E1	8.763137860E1	2.237026343E1
2.992000000E1	8.673460542E1	2.241682257E1
2.996000000E1	8.559102317E1	2.250265666E1
3.000000000E1	8.411875856E1	2.262190980E1
3.004000000E1	8.214795713E1	2.269226026E1
3.008000000E1	7.971672620E1	2.293229293E1
3.012000000E1	7.685083694E1	2.289720190E1
3.016000000E1	7.382905415E1	2.246619370E1
3.020000000E1	7.076594728E1	2.192443488E1
3.024000000E1	6.772221647E1	2.129290198E1
3.028000000E1	6.479945307E1	2.040931133E1
3.032000000E1	6.215024464E1	1.951894418E1
3.036000000E1	5.964167198E1	1.860695592E1
3.040000000E1	5.744244450E1	1.776990272E1
3.044000000E1	5.551434815E1	1.712072948E1
3.048000000E1	5.392790110E1	1.655935038E1
3.052000000E1	5.265211761E1	1.623630667E1
3.056000000E1	5.162026514E1	1.596898232E1
3.060000000E1	5.075232188E1	1.572779615E1
3.064000000E1	5.010496544E1	1.555293636E1
3.068000000E1	4.959647489E1	1.534366144E1
3.072000000E1	4.924808378E1	1.508425067E1
3.076000000E1	4.874219270E1	1.473435467E1
3.080000000E1	4.878371541E1	1.474294459E1
3.084000000E1	4.865867605E1	1.447245993E1
3.088000000E1	4.863934273E1	1.426133874E1
3.092000000E1	4.863793203E1	1.414405143E1
3.096000000E1	4.862349175E1	1.399029903E1
3.100000000E1	4.860636158E1	1.387633853E1
3.104000000E1	4.854129265E1	1.385032368E1
3.108000000E1	4.850781299E1	1.381140648E1
3.112000000E1	4.844489233E1	1.381628321E1
3.116000000E1	4.838293565E1	1.384393363E1
3.120000000E1	4.835262679E1	1.384989032E1
3.124000000E1	4.827393579E1	1.386363497E1
3.128000000E1	4.822054578E1	1.387998605E1
3.132000000E1	4.819977830E1	1.391446854E1
3.136000000E1	4.822157210E1	1.397284005E1
3.140000000E1	4.835553901E1	1.401978431E1
3.144000000E1	4.852324441E1	1.414192003E1
3.148000000E1	4.875920903E1	1.418360417E1
3.152000000E1	4.906532570E1	1.428413691E1
3.156000000E1	4.945677856E1	1.435643559E1
3.160000000E1	5.000538282E1	1.441320792E1
3.164000000E1	5.076141002E1	1.439791557E1
3.168000000E1	5.179931474E1	1.431704168E1
3.172000000E1	5.314899583E1	1.416600454E1
3.176000000E1	5.481191906E1	1.401134648E1
3.180000000E1	5.676805354E1	1.367406078E1
3.184000000E1	5.870797326E1	1.340402088E1
3.188000000E1	6.072714583E1	1.372486843E1
3.192000000E1	6.304012451E1	1.401266969E1
3.196000000E1	6.561666876E1	1.376669761E1
3.200000000E1	6.854347141E1	1.399342822E1
3.204000000E1	7.216505284E1	1.430378557E1
3.208000000E1	7.661072684E1	1.457239485E1
3.212000000E1	8.153024386E1	1.467388424E1
3.216000000E1	8.640070934E1	1.351928175E1
3.220000000E1	8.640070934E1	1.351928175E1
3.224000000E1	8.732099859E1	1.442257863E1
3.228000000E1	8.761144631E1	1.546597146E1
3.232000000E1	8.740115467E1	1.621303243E1
3.236000000E1	8.691436499E1	1.651017618E1
3.240000000E1	8.626859607E1	1.655092382E1
3.244000000E1	8.552091003E1	1.650768702E1
3.248000000E1	8.460046259E1	1.636033197E1
3.252000000E1	8.353719190E1	1.623499692E1
3.256000000E1	8.295096428E1	1.962069278E1
3.260000000E1	8.149218507E1	1.962882470E1
3.264000000E1	7.979645789E1	2.003506832E1
3.268000000E1	7.783006817E1	2.004359727E1
3.272000000E1	7.575391375E1	1.997989478E1
3.276000000E1	7.318409036E1	1.991955174E1
3.280000000E1	7.050010271E1	1.960049922E1
3.284000000E1	6.799666010E1	1.951788099E1
3.288000000E1	6.544565229E1	1.942155539E1
3.292000000E1	6.303642179E1	1.899882348E1
3.296000000E1	6.084804862E1	1.863914783E1
3.300000000E1	5.891185685E1	1.807301938E1
3.304000000E1	5.733186362E1	1.736383188E1
3.308000000E1	5.586750435E1	1.663578541E1
3.312000000E1	5.462715418E1	1.595897001E1
3.316000000E1	5.367211561E1	1.542659826E1
3.320000000E1	5.298812527E1	1.492501089E1
3.324000000E1	5.260373449E1	1.463301660E1
3.328000000E1	5.243245998E1	1.440978579E1
3.332000000E1	5.245811203E1	1.421112770E1
3.336000000E1	5.274256516E1	1.409130329E1
3.340000000E1	5.319205412E1	1.394489284E1
3.344000000E1	5.390937692E1	1.374307842E1
3.348000000E1	5.601447089E1	1.330862278E1
3.352000000E1	5.601397676E1	1.332479892E1
3.356000000E1	5.766339088E1	1.349145396E1
3.360000000E1	6.007772465E1	1.358410158E1
3.364000000E1	6.321648089E1	1.374451577E1
3.368000000E1	6.730935023E1	1.396050736E1
3.372000000E1	7.187985997E1	1.422385636E1
3.376000000E1	7.667503886E1	1.449054631E1
3.380000000E1	8.068671685E1	1.480899636E1
3.384000000E1	8.289243937E1	1.541186535E1
3.388000000E1	8.385510539E1	1.597680297E1
3.392000000E1	8.421076059E1	1.702957933E1
3.396000000E1	8.418620482E1	1.809432464E1
3.400000000E1	8.390242854E1	1.888157974E1
3.404000000E1	8.352819921E1	1.917399104E1
3.408000000E1	8.309525536E1	1.932766291E1
3.412000000E1	8.251519071E1	1.931969360E1
3.416000000E1	8.176076592E1	1.931472301E1
3.420000000E1	8.084877785E1	1.932444146E1
3.424000000E1	7.965566015E1	1.931029615E1
3.428000000E1	7.833528313E1	1.942444283E1
3.432000000E1	7.679761839E1	1.944567278E1
3.436000000E1	7.518930705E1	1.923179599E1
3.440000000E1	7.350945316E1	1.889716526E1
3.444000000E1	7.144080450E1	1.828627278E1
3.448000000E1	6.921689615E1	1.780359371E1
3.452000000E1	6.704716328E1	1.736746656E1
3.456000000E1	6.311737821E1	1.647996583E1
3.460000000E1	6.307624076E1	1.647517075E1
3.464000000E1	6.124029707E1	1.601992900E1
3.468000000E1	5.967767264E1	1.584944316E1
3.472000000E1	5.828533579E1	1.576370064E1
3.476000000E1	5.718230434E1	1.570839269E1
3.480000000E1	5.630175164E1	1.573402521E1
3.484000000E1	5.549150864E1	1.572412673E1
3.488000000E1	5.488914385E1	1.580197966E1
3.492000000E1	5.440668252E1	1.579003711E1
3.496000000E1	5.420752821E1	1.574725917E1
3.500000000E1	5.410374989E1	1.576143124E1
3.504000000E1	5.420066208E1	1.560383537E1
3.508000000E1	5.437308705E1	1.544752922E1
3.512000000E1	5.468185879E1	1.528349129E1
3.516000000E1	5.525250347E1	1.497811150E1
3.520000000E1	5.586313341E1	1.472320941E1
3.524000000E1	5.647996462E1	1.459118927E1
3.528000000E1	5.722925329E1	1.450331509E1
3.532000000E1	5.816452056E1	1.443018131E1
3.536000000E1	6.108432952E1	1.379781309E1
3.540000000E1	6.108650507E1	1.377425117E1
3.544000000E1	6.317698966E1	1.361895133E1
3.548000000E1	6.592016525E1	1.402188883E1
3.552000000E1	7.338917885E1	1.424718968E1
3.556000000E1	7.338709454E1	1.425583273E1
3.560000000E1	7.768355575E1	1.421488307E1
3.564000000E1	8.114124770E1	1.454642895E1
3.568000000E1	8.327383246E1	1.528074729E1
3.572000000E1	8.443045141E1	1.686846093E1
3.576000000E1	8.444127846E1	1.688659765E1
3.580000000E1	8.429224716E1	1.746603644E1
3.584000000E1	8.399751513E1	1.771828119E1
3.588000000E1	8.355778441E1	1.767258155E1
3.592000000E1	8.267950389E1	1.743581943E1
3.596000000E1	8.266384113E1	1.739417291E1
3.600000000E1	8.220423372E1	1.737808488E1
3.604000000E1	8.174325750E1	1.748548457E1
3.608000000E1	8.116898290E1	1.767591268E1
3.612000000E1	8.057076750E1	1.780228022E1
3.616000000E1	7.995005201E1	1.795389820E1
3.620000000E1	7.921852120E1	1.796613406E1
3.624000000E1	7.846186014E1	1.786156600E1
3.628000000E1	7.769195146E1	1.764023625E1
3.632000000E1	7.693924026E1	1.768404756E1
3.636000000E1	7.545965086E1	1.787624555E1
3.640000000E1	7.546202483E1	1.786629617E1
3.644000000E1	7.486355837E1	1.785032458E1
3.648000000E1	7.441548634E1	1.799585847E1
3.652000000E1	7.410387882E1	1.808983428E1
3.656000000E1	7.368463092E1	1.844209013E1
3.660000000E1	7.336748569E1	1.842949142E1
3.664000000E1	7.278921228E1	1.854438889E1
3.668000000E1	7.214838775E1	1.836583849E1
3.672000000E1	7.127313330E1	1.822534743E1
3.676000000E1	7.022532315E1	1.805409031E1
3.680000000E1	6.916421372E1	1.784843754E1
3.684000000E1	6.784590583E1	1.790033617E1
3.688000000E1	6.662908524E1	1.755388526E1
3.692000000E1	6.515395174E1	1.752131112E1
3.696000000E1	6.377777628E1	1.694861163E1
3.700000000E1	6.230561392E1	1.664423521E1
3.704000000E1	6.093589779E1	1.603820375E1
3.708000000E1	5.959005898E1	1.542515068E1
3.712000000E1	5.835415501E1	1.479647279E1
3.716000000E1	5.721754031E1	1.424718384E1
3.720000000E1	5.632713569E1	1.370886973E1
3.724000000E1	5.568798974E1	1.320305939E1
3.728000000E1	5.514071244E1	1.307562669E1
3.732000000E1	5.493712466E1	1.300796001E1
3.736000000E1	5.482380893E1	1.305622165E1
3.740000000E1	5.482688681E1	1.305793717E1
3.744000000E1	5.487196434E1	1.310125717E1
3.748000000E1	5.483489797E1	1.305292760E1
3.752000000E1	5.480325417E1	1.291142197E1
3.756000000E1	5.467534951E1	1.303758240E1
3.760000000E1	5.467220308E1	1.302468026E1
3.764000000E1	5.467020614E1	1.301847494E1
3.768000000E1	5.466943618E1	1.302841845E1
3.772000000E1	5.466843414E1	1.302266099E1
3.776000000E1	5.466870160E1	1.302539472E1
3.780000000E1	5.466594436E1	1.302359050E1
3.784000000E1	5.466530872E1	1.301177684E1
3.788000000E1	5.466311585E1	1.299632552E1
3.792000000E1	5.466265166E1	1.300003917E1
3.796000000E1	5.466182831E1	1.299946152E1
3.800000000E1	5.464986721E1	1.296283253E1
3.804000000E1	5.465716175E1	1.300373267E1
3.808000000E1	5.467057241E1	1.302852828E1
3.812000000E1	5.466669176E1	1.302490373E1
3.816000000E1	5.466615395E1	1.302460971E1
3.820000000E1	5.466499984E1	1.302280257E1
3.824000000E1	5.466378064E1	1.302006711E1
3.828000000E1	5.465997809E1	1.301771946E1
3.832000000E1	5.466502487E1	1.302932975E1
3.836000000E1	5.466520922E1	1.303074802E1
3.840000000E1	5.466535332E1	1.303144947E1
3.844000000E1	5.466540784E1	1.303257869E1
3.848000000E1	5.463342292E1	1.298988644E1
3.852000000E1	5.452312738E1	1.301497715E1
3.856000000E1	5.449547453E1	1.291912406E1
3.860000000E1	5.438869612E1	1.289521887E1
3.864000000E1	5.436317181E1	1.287874025E1
3.868000000E1	5.435649287E1	1.287923673E1
3.872000000E1	5.434241262E1	1.288544804E1
3.876000000E1	5.420195338E1	1.289687261E1
3.880000000E1	5.347629743E1	1.318981416E1
