armbåge
t	x	y
0.000000000E0	1.301907878E1	9.337671985E0
4.000000000E-2	1.301907878E1	9.337671985E0
8.000000000E-2	1.301161386E1	9.336877785E0
1.200000000E-1	1.299553218E1	9.327129921E0
1.600000000E-1	1.297139488E1	9.320790879E0
2.000000000E-1	1.296974723E1	9.322806668E0
2.400000000E-1	1.297485183E1	9.330834754E0
2.800000000E-1	1.299532936E1	9.333561510E0
3.200000000E-1	1.300670939E1	9.336529778E0
3.600000000E-1	1.299983117E1	9.340398356E0
4.000000000E-1	1.299590263E1	9.339973220E0
4.400000000E-1	1.300258837E1	9.342150515E0
4.800000000E-1	1.300679235E1	9.342596243E0
5.200000000E-1	1.301103171E1	9.340888246E0
5.600000000E-1	1.301341153E1	9.339855910E0
6.000000000E-1	1.301563196E1	9.338694568E0
6.400000000E-1	1.301667305E1	9.338072786E0
6.800000000E-1	1.301665802E1	9.337690413E0
7.200000000E-1	1.301648550E1	9.337389923E0
7.600000000E-1	1.301494170E1	9.334500246E0
8.000000000E-1	1.301322829E1	9.329519608E0
8.400000000E-1	1.301364655E1	9.333100093E0
8.800000000E-1	1.301516723E1	9.333823580E0
9.200000000E-1	1.301561650E1	9.335014817E0
9.600000000E-1	1.301583277E1	9.335956714E0
1.000000000E0	1.301340904E1	9.336119932E0
1.040000000E0	1.301424473E1	9.337051822E0
1.080000000E0	1.301466549E1	9.337636196E0
1.120000000E0	1.301660693E1	9.347507634E0
1.160000000E0	1.315439530E1	9.460641775E0
1.200000000E0	1.331307896E1	9.555432623E0
1.240000000E0	1.359568572E1	9.698039565E0
1.280000000E0	1.393582453E1	9.827556275E0
1.320000000E0	1.446210636E1	1.013337069E1
1.360000000E0	1.517793849E1	1.050046788E1
1.400000000E0	1.609749203E1	1.119513349E1
1.440000000E0	1.731518948E1	1.201332812E1
1.480000000E0	1.858231816E1	1.288503997E1
1.520000000E0	1.997924517E1	1.386492794E1
1.560000000E0	2.136885341E1	1.475491007E1
1.600000000E0	2.404859974E1	1.636422122E1
1.640000000E0	2.406436925E1	1.636531669E1
1.680000000E0	2.528458471E1	1.697904936E1
1.720000000E0	2.661355145E1	1.758374064E1
1.760000000E0	2.797823253E1	1.815498094E1
1.800000000E0	2.950354915E1	1.863636209E1
1.840000000E0	3.114072521E1	1.907382436E1
1.880000000E0	3.281876121E1	1.947303676E1
1.920000000E0	3.443930758E1	1.986309831E1
1.960000000E0	3.601373080E1	2.024018915E1
2.000000000E0	3.741709683E1	2.054122042E1
2.040000000E0	3.868291599E1	2.069324693E1
2.080000000E0	3.977989337E1	2.083835427E1
2.120000000E0	4.073871229E1	2.100470551E1
2.160000000E0	4.156835550E1	2.114463517E1
2.200000000E0	4.222574969E1	2.111085247E1
2.240000000E0	4.275865853E1	2.114156692E1
2.280000000E0	4.326960162E1	2.124714203E1
2.320000000E0	4.325312689E1	2.128574053E1
2.360000000E0	4.326173532E1	2.130714160E1
2.400000000E0	4.309553387E1	2.130281586E1
2.440000000E0	4.267182918E1	2.129388818E1
2.480000000E0	4.204469832E1	2.123892365E1
2.520000000E0	4.114545675E1	2.102755675E1
2.560000000E0	3.988206352E1	2.058925896E1
2.600000000E0	3.826949584E1	1.991973390E1
2.640000000E0	3.628722620E1	1.907843809E1
2.680000000E0	3.413602252E1	1.809190202E1
2.720000000E0	3.169446980E1	1.709548254E1
2.760000000E0	2.917087406E1	1.617591350E1
2.800000000E0	2.649109769E1	1.529811543E1
2.840000000E0	2.399419523E1	1.456106496E1
2.880000000E0	2.169508651E1	1.382615902E1
2.920000000E0	1.977977460E1	1.321145586E1
2.960000000E0	1.826850754E1	1.264171367E1
3.000000000E0	1.716938065E1	1.208253577E1
3.040000000E0	1.658759908E1	1.165848385E1
3.080000000E0	1.634218279E1	1.139828217E1
3.120000000E0	1.640829998E1	1.132133812E1
3.160000000E0	1.657744452E1	1.125327515E1
3.200000000E0	1.671600738E1	1.119143319E1
3.240000000E0	1.681760028E1	1.106621831E1
3.280000000E0	1.676820296E1	1.097575785E1
3.320000000E0	1.674803373E1	1.092839327E1
3.360000000E0	1.673555743E1	1.093594415E1
3.400000000E0	1.675550785E1	1.097472304E1
3.440000000E0	1.689831806E1	1.110653545E1
3.480000000E0	1.706993863E1	1.126563246E1
3.520000000E0	1.735509904E1	1.144305646E1
3.560000000E0	1.782095614E1	1.171629257E1
3.600000000E0	1.855690483E1	1.211771468E1
3.640000000E0	1.953736254E1	1.260613058E1
3.680000000E0	2.201193635E1	1.387302042E1
3.720000000E0	2.200892578E1	1.385082051E1
3.760000000E0	2.350721035E1	1.460354530E1
3.800000000E0	2.511725655E1	1.540209608E1
3.840000000E0	2.668007690E1	1.624552996E1
3.880000000E0	2.833284575E1	1.709073071E1
3.920000000E0	3.005678950E1	1.785526734E1
3.960000000E0	3.186451680E1	1.846286358E1
4.000000000E0	3.533606453E1	1.946701826E1
4.040000000E0	3.532630149E1	1.948305846E1
4.080000000E0	3.687055212E1	1.994011424E1
4.120000000E0	3.817227328E1	2.034826476E1
4.160000000E0	3.922544649E1	2.068079512E1
4.200000000E0	4.014268784E1	2.103558378E1
4.240000000E0	4.098234284E1	2.129333551E1
4.280000000E0	4.176884865E1	2.144180004E1
4.320000000E0	4.234708030E1	2.145990410E1
4.360000000E0	4.273787214E1	2.145524952E1
4.400000000E0	4.294754228E1	2.148779584E1
4.440000000E0	4.303367104E1	2.147344058E1
4.480000000E0	4.292627784E1	2.146208763E1
4.520000000E0	4.259252081E1	2.139073762E1
4.560000000E0	4.200499412E1	2.113230907E1
4.600000000E0	4.098708115E1	2.055934042E1
4.640000000E0	3.966321483E1	1.993845628E1
4.680000000E0	3.812391776E1	1.923376281E1
4.720000000E0	3.625933525E1	1.845150074E1
4.760000000E0	3.409337118E1	1.756394910E1
4.800000000E0	3.183626385E1	1.679835725E1
4.840000000E0	2.950493681E1	1.606734876E1
4.880000000E0	2.712719453E1	1.527987551E1
4.920000000E0	2.488448986E1	1.462877187E1
4.960000000E0	2.275093816E1	1.389263824E1
5.000000000E0	2.090478901E1	1.330214397E1
5.040000000E0	1.944683112E1	1.278451268E1
5.080000000E0	1.842534770E1	1.232162165E1
5.120000000E0	1.780616194E1	1.197719882E1
5.160000000E0	1.749559288E1	1.172333701E1
5.200000000E0	1.744912470E1	1.156930156E1
5.240000000E0	1.750619137E1	1.141133929E1
5.280000000E0	1.752812286E1	1.127806613E1
5.320000000E0	1.754333912E1	1.115246092E1
5.360000000E0	1.752032141E1	1.112638437E1
5.400000000E0	1.750552106E1	1.112608301E1
5.440000000E0	1.749860318E1	1.113549392E1
5.480000000E0	1.751347810E1	1.123381807E1
5.520000000E0	1.766036094E1	1.140786031E1
5.560000000E0	1.793134137E1	1.167381910E1
5.600000000E0	1.828880977E1	1.202541451E1
5.640000000E0	1.900334364E1	1.258821477E1
5.680000000E0	2.003798099E1	1.322309197E1
5.720000000E0	2.132404794E1	1.396502954E1
5.760000000E0	2.285390789E1	1.469247031E1
5.800000000E0	2.442473593E1	1.543020494E1
5.840000000E0	2.601583339E1	1.617886795E1
5.880000000E0	2.757366857E1	1.687065373E1
5.920000000E0	2.916865075E1	1.757226381E1
5.960000000E0	3.080132131E1	1.818587905E1
6.000000000E0	3.242644845E1	1.873003363E1
6.040000000E0	3.396579570E1	1.911019155E1
6.080000000E0	3.542041634E1	1.950040849E1
6.120000000E0	3.683053634E1	1.979905241E1
6.160000000E0	3.801160575E1	2.012421226E1
6.200000000E0	3.903654763E1	2.038382854E1
6.240000000E0	3.992927337E1	2.070222756E1
6.280000000E0	4.065270774E1	2.099704484E1
6.320000000E0	4.119653796E1	2.117120075E1
6.360000000E0	4.158532633E1	2.130968296E1
6.400000000E0	4.188579011E1	2.145453373E1
6.440000000E0	4.206712264E1	2.150989513E1
6.480000000E0	4.206693819E1	2.150999310E1
6.520000000E0	4.192224293E1	2.147366978E1
6.560000000E0	4.162989355E1	2.138508351E1
6.600000000E0	4.115091163E1	2.115157967E1
6.640000000E0	4.038233049E1	2.068720072E1
6.680000000E0	3.919215080E1	1.995188677E1
6.720000000E0	3.786168983E1	1.923734216E1
6.760000000E0	3.617694157E1	1.838629232E1
6.800000000E0	3.428488014E1	1.761297055E1
6.840000000E0	3.217268044E1	1.684783913E1
6.880000000E0	2.979773297E1	1.585344821E1
6.920000000E0	2.737288502E1	1.495981335E1
6.960000000E0	2.498889866E1	1.411249118E1
7.000000000E0	2.288765744E1	1.342011415E1
7.040000000E0	1.992781743E1	1.263263710E1
7.080000000E0	1.883993807E1	1.262236775E1
7.120000000E0	1.892156646E1	1.238717174E1
7.160000000E0	1.834577943E1	1.217721123E1
7.200000000E0	1.809907137E1	1.188791744E1
7.240000000E0	1.801906372E1	1.156820782E1
7.280000000E0	1.806971792E1	1.130195441E1
7.320000000E0	1.812042273E1	1.102485370E1
7.360000000E0	1.813789059E1	1.084315853E1
7.400000000E0	1.810350905E1	1.073992151E1
7.440000000E0	1.809969934E1	1.073059458E1
7.480000000E0	1.807445219E1	1.077381149E1
7.520000000E0	1.805300466E1	1.087349547E1
7.560000000E0	1.808497089E1	1.098836619E1
7.600000000E0	1.813633257E1	1.113146465E1
7.640000000E0	1.825957928E1	1.129046948E1
7.680000000E0	1.841441130E1	1.152955707E1
7.720000000E0	1.871615910E1	1.175545058E1
7.760000000E0	1.925581604E1	1.212827555E1
7.800000000E0	2.001623605E1	1.252508558E1
7.840000000E0	2.095994605E1	1.293530292E1
7.880000000E0	2.204540475E1	1.339227821E1
7.920000000E0	2.453271069E1	1.454364936E1
7.960000000E0	2.453532082E1	1.455698147E1
8.000000000E0	2.588566728E1	1.522951128E1
8.040000000E0	2.733210928E1	1.598526205E1
8.080000000E0	2.888173688E1	1.678513769E1
8.120000000E0	3.056212383E1	1.754708942E1
8.160000000E0	3.229903798E1	1.817005884E1
8.200000000E0	3.407313854E1	1.870177767E1
8.240000000E0	3.575954711E1	1.917072136E1
8.280000000E0	3.720920314E1	1.961466032E1
8.320000000E0	3.841641015E1	2.006111425E1
8.360000000E0	3.944879460E1	2.043700363E1
8.400000000E0	4.021374484E1	2.073091589E1
8.440000000E0	4.104412648E1	2.111022714E1
8.480000000E0	4.101873493E1	2.113491118E1
8.520000000E0	4.127493166E1	2.129996143E1
8.560000000E0	4.142846041E1	2.143557957E1
8.600000000E0	4.146774421E1	2.146933454E1
8.640000000E0	4.144254391E1	2.146538133E1
8.680000000E0	4.129203445E1	2.146499238E1
8.720000000E0	4.086091485E1	2.136349925E1
8.760000000E0	4.019190219E1	2.104587548E1
8.800000000E0	3.915022401E1	2.048783164E1
8.840000000E0	3.783904753E1	1.990792287E1
8.880000000E0	3.622423905E1	1.919351175E1
8.920000000E0	3.214744712E1	1.765453195E1
8.960000000E0	3.213446843E1	1.763465733E1
9.000000000E0	2.975782375E1	1.676089114E1
9.040000000E0	2.728386254E1	1.597879774E1
9.080000000E0	2.499132962E1	1.476436858E1
9.120000000E0	2.269619380E1	1.391350677E1
9.160000000E0	2.063128258E1	1.323029100E1
9.200000000E0	1.890482792E1	1.260990771E1
9.240000000E0	1.760250480E1	1.218586298E1
9.280000000E0	1.681029981E1	1.184731705E1
9.320000000E0	1.632747709E1	1.158358355E1
9.360000000E0	1.606448050E1	1.111158911E1
9.400000000E0	1.603524546E1	1.112108788E1
9.440000000E0	1.612723345E1	1.099744166E1
9.480000000E0	1.618581832E1	1.085845440E1
9.520000000E0	1.630724741E1	1.083707822E1
9.560000000E0	1.632075246E1	1.081981806E1
9.600000000E0	1.631893831E1	1.082303002E1
9.640000000E0	1.631233626E1	1.082439677E1
9.680000000E0	1.630864928E1	1.083750855E1
9.720000000E0	1.631342196E1	1.085697306E1
9.760000000E0	1.644982569E1	1.098543708E1
9.800000000E0	1.661136503E1	1.113940160E1
9.840000000E0	1.749537956E1	1.167274847E1
9.880000000E0	1.750035848E1	1.170016394E1
9.920000000E0	1.837017595E1	1.209146245E1
9.960000000E0	1.945735557E1	1.260932873E1
1.000000000E1	2.068964552E1	1.323402899E1
1.004000000E1	2.208636227E1	1.400753698E1
1.008000000E1	2.352988746E1	1.472903802E1
1.012000000E1	2.504084918E1	1.546550564E1
1.016000000E1	2.660659710E1	1.620114875E1
1.020000000E1	2.820585407E1	1.680427541E1
1.024000000E1	2.994986102E1	1.740023990E1
1.028000000E1	3.188805166E1	1.800326872E1
1.032000000E1	3.550223690E1	1.903332453E1
1.036000000E1	3.548665628E1	1.903484498E1
1.040000000E1	3.708963890E1	1.944110442E1
1.044000000E1	3.849733967E1	1.981663534E1
1.048000000E1	3.969309392E1	2.024716720E1
1.052000000E1	4.068163640E1	2.060564993E1
1.056000000E1	4.150994563E1	2.085236154E1
1.060000000E1	4.217772877E1	2.110837342E1
1.064000000E1	4.264958247E1	2.128433168E1
1.068000000E1	4.293814069E1	2.143157157E1
1.072000000E1	4.296169080E1	2.147787158E1
1.076000000E1	4.265192562E1	2.144413084E1
1.080000000E1	4.204203430E1	2.117124770E1
1.084000000E1	4.110935844E1	2.079926197E1
1.088000000E1	3.994115650E1	2.039267192E1
1.092000000E1	3.848168292E1	1.976432611E1
1.096000000E1	3.671756636E1	1.903834997E1
1.100000000E1	3.471923109E1	1.819241591E1
1.104000000E1	3.246788512E1	1.717738095E1
1.108000000E1	3.013460883E1	1.611427724E1
1.112000000E1	2.773432437E1	1.506199193E1
1.116000000E1	2.555722261E1	1.423195225E1
1.120000000E1	2.365314021E1	1.349794933E1
1.124000000E1	2.207362461E1	1.282450491E1
1.128000000E1	2.087465937E1	1.229906893E1
1.132000000E1	1.991136864E1	1.185685161E1
1.136000000E1	1.917268637E1	1.149277052E1
1.140000000E1	1.871620538E1	1.120517047E1
1.144000000E1	1.851890848E1	1.097746637E1
1.148000000E1	1.841106665E1	1.079003801E1
1.152000000E1	1.839687692E1	1.070024158E1
1.156000000E1	1.840189015E1	1.068944682E1
1.160000000E1	1.840347398E1	1.069464434E1
1.164000000E1	1.840108921E1	1.069954536E1
1.168000000E1	1.839615284E1	1.076554148E1
1.172000000E1	1.840068843E1	1.080463799E1
1.176000000E1	1.840995969E1	1.081509145E1
1.180000000E1	1.842285940E1	1.081611662E1
1.184000000E1	1.850658949E1	1.088459790E1
1.188000000E1	1.859107164E1	1.099048674E1
1.192000000E1	1.872194542E1	1.116818395E1
1.196000000E1	1.889421507E1	1.133493202E1
1.200000000E1	1.915708013E1	1.156370410E1
1.204000000E1	1.947469726E1	1.177890084E1
1.208000000E1	1.996162311E1	1.204378602E1
1.212000000E1	2.059624099E1	1.244068934E1
1.216000000E1	2.137843535E1	1.285454185E1
1.220000000E1	2.228711197E1	1.336950018E1
1.224000000E1	2.335282303E1	1.392840931E1
1.228000000E1	2.459754974E1	1.457529025E1
1.232000000E1	2.599159647E1	1.532131494E1
1.236000000E1	2.750532803E1	1.607599682E1
1.240000000E1	2.913714784E1	1.683252241E1
1.244000000E1	3.083235662E1	1.754998365E1
1.248000000E1	3.262233173E1	1.815418809E1
1.252000000E1	3.440806064E1	1.862769185E1
1.256000000E1	3.617056637E1	1.905546561E1
1.260000000E1	3.778978199E1	1.949784304E1
1.264000000E1	3.923593999E1	1.982744301E1
1.268000000E1	4.041947202E1	2.020060199E1
1.272000000E1	4.140302619E1	2.055315268E1
1.276000000E1	4.216774391E1	2.088911180E1
1.280000000E1	4.266336175E1	2.108547687E1
1.284000000E1	4.298418171E1	2.131612756E1
1.288000000E1	4.305400278E1	2.135328635E1
1.292000000E1	4.283828810E1	2.136839419E1
1.296000000E1	4.234860075E1	2.118945815E1
1.300000000E1	4.157651130E1	2.089880405E1
1.304000000E1	4.041588476E1	2.039652301E1
1.308000000E1	3.901550372E1	1.980356975E1
1.312000000E1	3.734442009E1	1.904369422E1
1.316000000E1	3.524919376E1	1.804695289E1
1.320000000E1	3.304613139E1	1.712815764E1
1.324000000E1	3.055434846E1	1.605973662E1
1.328000000E1	2.802255823E1	1.504703576E1
1.332000000E1	2.558915914E1	1.408957678E1
1.336000000E1	2.323912602E1	1.315631750E1
1.340000000E1	2.113691509E1	1.250102102E1
1.344000000E1	1.932333559E1	1.200550669E1
1.348000000E1	1.793339706E1	1.167127404E1
1.352000000E1	1.698778103E1	1.145251310E1
1.356000000E1	1.614119337E1	1.096422635E1
1.360000000E1	1.615109207E1	1.097130030E1
1.364000000E1	1.612776335E1	1.079863618E1
1.368000000E1	1.617059589E1	1.065191706E1
1.372000000E1	1.624872071E1	1.056829032E1
1.376000000E1	1.630739855E1	1.051999004E1
1.380000000E1	1.630995858E1	1.051233675E1
1.384000000E1	1.629922587E1	1.049951451E1
1.388000000E1	1.628634700E1	1.048053558E1
1.392000000E1	1.625242850E1	1.043980527E1
1.396000000E1	1.627861384E1	1.038599598E1
1.400000000E1	1.632274250E1	1.033801462E1
1.404000000E1	1.631770521E1	1.035644118E1
1.408000000E1	1.634169400E1	1.034589189E1
1.412000000E1	1.634949356E1	1.035765063E1
1.416000000E1	1.636445043E1	1.036483300E1
1.420000000E1	1.643020901E1	1.040034060E1
1.424000000E1	1.646835272E1	1.043035536E1
1.428000000E1	1.660191078E1	1.052982147E1
1.432000000E1	1.675056805E1	1.065247572E1
1.436000000E1	1.692714185E1	1.079822103E1
1.440000000E1	1.735933822E1	1.099171091E1
1.444000000E1	1.797408756E1	1.124941002E1
1.448000000E1	1.878786964E1	1.158146676E1
1.452000000E1	1.971743738E1	1.200120655E1
1.456000000E1	2.065822642E1	1.251837537E1
1.460000000E1	2.168670531E1	1.296609716E1
1.464000000E1	2.276208063E1	1.336670773E1
1.468000000E1	2.393104410E1	1.381760495E1
1.472000000E1	2.510641412E1	1.442216079E1
1.476000000E1	2.635218001E1	1.518078440E1
1.480000000E1	2.769463378E1	1.606769056E1
1.484000000E1	2.918932139E1	1.693346297E1
1.488000000E1	3.079412459E1	1.769495707E1
1.492000000E1	3.247242350E1	1.836186186E1
1.496000000E1	3.423140515E1	1.892110108E1
1.500000000E1	3.757187421E1	1.998501929E1
1.504000000E1	3.756855796E1	1.996615294E1
1.508000000E1	3.903361318E1	2.041842858E1
1.512000000E1	4.024973481E1	2.082039081E1
1.516000000E1	4.126871224E1	2.112720341E1
1.520000000E1	4.217480838E1	2.145501335E1
1.524000000E1	4.290231514E1	2.165141781E1
1.528000000E1	4.344966561E1	2.174649907E1
1.532000000E1	4.379710309E1	2.178327626E1
1.536000000E1	4.390427421E1	2.180160553E1
1.540000000E1	4.368853487E1	2.175117034E1
1.544000000E1	4.319680208E1	2.156618441E1
1.548000000E1	4.235183531E1	2.117615053E1
1.552000000E1	4.117468313E1	2.074303303E1
1.556000000E1	3.976580335E1	2.016147254E1
1.560000000E1	3.631194766E1	1.881894464E1
1.564000000E1	3.633367466E1	1.879554336E1
1.568000000E1	3.419782468E1	1.791614529E1
1.572000000E1	3.200345270E1	1.711639908E1
1.576000000E1	2.964901450E1	1.622443172E1
1.580000000E1	2.734741324E1	1.542728956E1
1.584000000E1	2.525553957E1	1.482340914E1
1.588000000E1	2.332470526E1	1.424021382E1
1.592000000E1	2.168322123E1	1.374038387E1
1.596000000E1	2.033852198E1	1.330985508E1
1.600000000E1	1.929872167E1	1.295681968E1
1.604000000E1	1.855814460E1	1.266670258E1
1.608000000E1	1.809180910E1	1.243035996E1
1.612000000E1	1.779142441E1	1.220596341E1
1.616000000E1	1.765180045E1	1.196930210E1
1.620000000E1	1.766909325E1	1.181967238E1
1.624000000E1	1.774985729E1	1.171655782E1
1.628000000E1	1.780138536E1	1.159500333E1
1.632000000E1	1.779759080E1	1.154678726E1
1.636000000E1	1.777532303E1	1.146141970E1
1.640000000E1	1.774803261E1	1.141393004E1
1.644000000E1	1.770263040E1	1.139368077E1
1.648000000E1	1.767776355E1	1.142384054E1
1.652000000E1	1.771441024E1	1.145681196E1
1.656000000E1	1.778525105E1	1.156444601E1
1.660000000E1	1.781158755E1	1.159184051E1
1.664000000E1	1.784101299E1	1.163144005E1
1.668000000E1	1.791939149E1	1.170752328E1
1.672000000E1	1.796007424E1	1.174817103E1
1.676000000E1	1.814708919E1	1.184903577E1
1.680000000E1	1.852017968E1	1.202963723E1
1.684000000E1	1.910987649E1	1.225653885E1
1.688000000E1	1.991212849E1	1.252269309E1
1.692000000E1	2.100675911E1	1.290319412E1
1.696000000E1	2.230077369E1	1.344488545E1
1.700000000E1	2.380439241E1	1.408752103E1
1.704000000E1	2.539012310E1	1.484467509E1
1.708000000E1	2.701249571E1	1.558703246E1
1.712000000E1	2.862514687E1	1.632763688E1
1.716000000E1	3.029959148E1	1.710099057E1
1.720000000E1	3.206698251E1	1.779248050E1
1.724000000E1	3.387733719E1	1.837092975E1
1.728000000E1	3.566077915E1	1.887797062E1
1.732000000E1	3.734979638E1	1.934271937E1
1.736000000E1	3.880404355E1	1.978699812E1
1.740000000E1	3.994940554E1	2.016475267E1
1.744000000E1	4.088894712E1	2.065341482E1
1.748000000E1	4.168491123E1	2.102109295E1
1.752000000E1	4.234864333E1	2.131152902E1
1.756000000E1	4.288205060E1	2.161432477E1
1.760000000E1	4.333837548E1	2.187766890E1
1.764000000E1	4.365505364E1	2.201737260E1
1.768000000E1	4.374321058E1	2.208191472E1
1.772000000E1	4.356642590E1	2.208193662E1
1.776000000E1	4.322138345E1	2.203620131E1
1.780000000E1	4.264760292E1	2.179274857E1
1.784000000E1	4.174442471E1	2.144936512E1
1.788000000E1	4.051517413E1	2.085207402E1
1.792000000E1	3.901016298E1	2.011252012E1
1.796000000E1	3.732585402E1	1.931671721E1
1.800000000E1	3.526243443E1	1.834569244E1
1.804000000E1	3.322288976E1	1.765739206E1
1.808000000E1	3.102213837E1	1.686471596E1
1.812000000E1	2.883306421E1	1.610692718E1
1.816000000E1	2.681619903E1	1.546433808E1
1.820000000E1	2.496319770E1	1.475957491E1
1.824000000E1	2.325556241E1	1.400668981E1
1.828000000E1	2.181472306E1	1.333500171E1
1.832000000E1	2.062827939E1	1.273840392E1
1.836000000E1	1.962612717E1	1.217501077E1
1.840000000E1	1.875363445E1	1.162465800E1
1.844000000E1	1.806051875E1	1.114768365E1
1.848000000E1	1.753313426E1	1.079030493E1
1.852000000E1	1.720136880E1	1.055474980E1
1.856000000E1	1.705783866E1	1.046384846E1
1.860000000E1	1.696542306E1	1.038682278E1
1.864000000E1	1.693933339E1	1.036090365E1
1.868000000E1	1.702706229E1	1.037070824E1
1.872000000E1	1.707006292E1	1.036385601E1
1.876000000E1	1.717868075E1	1.038694354E1
1.880000000E1	1.735180472E1	1.051857200E1
1.884000000E1	1.765230275E1	1.072277053E1
1.888000000E1	1.816260229E1	1.103419325E1
1.892000000E1	1.892570576E1	1.141317844E1
1.896000000E1	1.991078744E1	1.188341833E1
1.900000000E1	2.097347837E1	1.237529761E1
1.904000000E1	2.203994329E1	1.293634923E1
1.908000000E1	2.314226270E1	1.354565215E1
1.912000000E1	2.422750278E1	1.415087869E1
1.916000000E1	2.527796835E1	1.479465311E1
1.920000000E1	2.642196131E1	1.545601459E1
1.924000000E1	2.760980141E1	1.618624484E1
1.928000000E1	2.892563522E1	1.683667832E1
1.932000000E1	3.038802035E1	1.752377940E1
1.936000000E1	3.196576574E1	1.815555993E1
1.940000000E1	3.363820191E1	1.867497182E1
1.944000000E1	3.531470097E1	1.918036876E1
1.948000000E1	3.693981751E1	1.968190687E1
1.952000000E1	3.840877528E1	2.006971959E1
1.956000000E1	3.970373073E1	2.047239420E1
1.960000000E1	4.078022956E1	2.071183172E1
1.964000000E1	4.168286897E1	2.099136331E1
1.968000000E1	4.239609194E1	2.124929915E1
1.972000000E1	4.290721864E1	2.145020241E1
1.976000000E1	4.325597744E1	2.163852133E1
1.980000000E1	4.344693335E1	2.175327737E1
1.984000000E1	4.339822792E1	2.177327965E1
1.988000000E1	4.307672767E1	2.175089728E1
1.992000000E1	4.248311244E1	2.158501021E1
1.996000000E1	4.171293284E1	2.130148018E1
2.000000000E1	4.070394700E1	2.109212027E1
2.004000000E1	3.949785222E1	2.066056902E1
2.008000000E1	3.648549297E1	1.953950111E1
2.012000000E1	3.649424508E1	1.952402731E1
2.016000000E1	3.468181568E1	1.869881070E1
2.020000000E1	3.278541659E1	1.784110034E1
2.024000000E1	3.085134432E1	1.700638872E1
2.028000000E1	2.894175434E1	1.611779301E1
2.032000000E1	2.704423249E1	1.524593800E1
2.036000000E1	2.519351321E1	1.445431574E1
2.040000000E1	2.347074657E1	1.373061456E1
2.044000000E1	2.195046122E1	1.308829028E1
2.048000000E1	2.074514724E1	1.257032317E1
2.052000000E1	1.974728357E1	1.214050162E1
2.056000000E1	1.902276452E1	1.179513005E1
2.060000000E1	1.858763232E1	1.154037267E1
2.064000000E1	1.841908322E1	1.141972369E1
2.068000000E1	1.843214457E1	1.130695108E1
2.072000000E1	1.855588821E1	1.125002061E1
2.076000000E1	1.870313294E1	1.118016986E1
2.080000000E1	1.883744974E1	1.113583548E1
2.084000000E1	1.885209853E1	1.113230854E1
2.088000000E1	1.883001179E1	1.115110688E1
2.092000000E1	1.878408750E1	1.125848865E1
2.096000000E1	1.884241688E1	1.133881908E1
2.100000000E1	1.918263702E1	1.173952436E1
2.104000000E1	1.916809364E1	1.173734640E1
2.108000000E1	1.959069195E1	1.206928710E1
2.112000000E1	2.022591795E1	1.247510362E1
2.116000000E1	2.109359705E1	1.293037843E1
2.120000000E1	2.213170637E1	1.341085790E1
2.124000000E1	2.328783259E1	1.396694839E1
2.128000000E1	2.450003648E1	1.452033622E1
2.132000000E1	2.573235056E1	1.505019055E1
2.136000000E1	2.697895660E1	1.559731437E1
2.140000000E1	2.824346230E1	1.614868974E1
2.144000000E1	2.957806843E1	1.676651327E1
2.148000000E1	3.102697983E1	1.730776847E1
2.152000000E1	3.260363702E1	1.785114261E1
2.156000000E1	3.424238326E1	1.829920706E1
2.160000000E1	3.588494312E1	1.875337054E1
2.164000000E1	3.753962462E1	1.921368654E1
2.168000000E1	3.905813784E1	1.965227680E1
2.172000000E1	4.040100214E1	2.006439688E1
2.176000000E1	4.148071564E1	2.041761593E1
2.180000000E1	4.235654512E1	2.073223842E1
2.184000000E1	4.299297687E1	2.104764661E1
2.188000000E1	4.339077561E1	2.126747251E1
2.192000000E1	4.348050445E1	2.140130872E1
2.196000000E1	4.351263933E1	2.141047497E1
2.200000000E1	4.318908726E1	2.133139746E1
2.204000000E1	4.251043825E1	2.111871016E1
2.208000000E1	4.158538065E1	2.069406728E1
2.212000000E1	4.038134090E1	2.011219802E1
2.216000000E1	3.901844106E1	1.955276896E1
2.220000000E1	3.740007377E1	1.892654855E1
2.224000000E1	3.561762091E1	1.829818705E1
2.228000000E1	3.366418607E1	1.759181719E1
2.232000000E1	3.162771879E1	1.698988885E1
2.236000000E1	2.963625143E1	1.647736029E1
2.240000000E1	2.765227313E1	1.580001030E1
2.244000000E1	2.574868255E1	1.501180381E1
2.248000000E1	2.394527743E1	1.429503968E1
2.252000000E1	2.230800039E1	1.360361192E1
2.256000000E1	2.098499295E1	1.303446081E1
2.260000000E1	1.997783718E1	1.261084964E1
2.264000000E1	1.930370623E1	1.226416939E1
2.268000000E1	1.884795680E1	1.203634116E1
2.272000000E1	1.865974264E1	1.188416578E1
2.276000000E1	1.864362452E1	1.178336517E1
2.280000000E1	1.870594445E1	1.169401864E1
2.284000000E1	1.879668609E1	1.163357775E1
2.288000000E1	1.886401197E1	1.158225135E1
2.292000000E1	1.887758909E1	1.159175251E1
2.296000000E1	1.889797310E1	1.162895245E1
2.300000000E1	1.898799703E1	1.173075421E1
2.304000000E1	1.944296733E1	1.207344696E1
2.308000000E1	1.944671051E1	1.204845080E1
2.312000000E1	1.993278063E1	1.232121070E1
2.316000000E1	2.062985475E1	1.261748318E1
2.320000000E1	2.141171982E1	1.292946759E1
2.324000000E1	2.229598411E1	1.324863994E1
2.328000000E1	2.324834073E1	1.363551846E1
2.332000000E1	2.424317281E1	1.402292908E1
2.336000000E1	2.527525572E1	1.446730568E1
2.340000000E1	2.643931947E1	1.502580813E1
2.344000000E1	2.768335768E1	1.567054060E1
2.348000000E1	2.903309342E1	1.635569777E1
2.352000000E1	3.048989211E1	1.707941200E1
2.356000000E1	3.214080441E1	1.768596718E1
2.360000000E1	3.392898815E1	1.817840799E1
2.364000000E1	3.572561596E1	1.868575808E1
2.368000000E1	3.739692219E1	1.918517164E1
2.372000000E1	3.903243574E1	1.969680852E1
2.376000000E1	4.043004360E1	2.014388396E1
2.380000000E1	4.159222088E1	2.045611107E1
2.384000000E1	4.248694141E1	2.075322084E1
2.388000000E1	4.311684724E1	2.100657806E1
2.392000000E1	4.352056589E1	2.123145993E1
2.396000000E1	4.365658387E1	2.143549808E1
2.400000000E1	4.352465979E1	2.145951304E1
2.404000000E1	4.312879043E1	2.138311582E1
2.408000000E1	4.249999434E1	2.125738610E1
2.412000000E1	4.163607116E1	2.108709521E1
2.416000000E1	4.055500636E1	2.073241354E1
2.420000000E1	3.926968962E1	2.036119074E1
2.424000000E1	3.787137304E1	1.986549748E1
2.428000000E1	3.616685665E1	1.908637302E1
2.432000000E1	3.434930439E1	1.833242190E1
2.436000000E1	3.235914421E1	1.739025029E1
2.440000000E1	3.024874748E1	1.652048163E1
2.444000000E1	2.812493668E1	1.566826519E1
2.448000000E1	2.591412721E1	1.475980643E1
2.452000000E1	2.382456621E1	1.404292795E1
2.456000000E1	2.197746029E1	1.351519240E1
2.460000000E1	2.043302356E1	1.307420170E1
2.464000000E1	1.823987100E1	1.244240130E1
2.468000000E1	1.824777995E1	1.245545437E1
2.472000000E1	1.758056120E1	1.218317254E1
2.476000000E1	1.718744709E1	1.199686130E1
2.480000000E1	1.701892690E1	1.174356810E1
2.484000000E1	1.703113913E1	1.156583880E1
2.488000000E1	1.718600235E1	1.142420523E1
2.492000000E1	1.745820182E1	1.137417808E1
2.496000000E1	1.777722858E1	1.143007175E1
2.500000000E1	1.806484565E1	1.155699493E1
2.504000000E1	1.837514597E1	1.170200856E1
2.508000000E1	1.871010213E1	1.187973806E1
2.512000000E1	1.902433396E1	1.203776413E1
2.516000000E1	1.935188291E1	1.225990642E1
2.520000000E1	1.973544009E1	1.249421317E1
2.524000000E1	2.019085104E1	1.277956620E1
2.528000000E1	2.077354350E1	1.307706345E1
2.532000000E1	2.153084850E1	1.339559680E1
2.536000000E1	2.238604219E1	1.373238028E1
2.540000000E1	2.333746674E1	1.407681113E1
2.544000000E1	2.437561663E1	1.447825295E1
2.548000000E1	2.544247169E1	1.487930267E1
2.552000000E1	2.662036113E1	1.531589582E1
2.556000000E1	2.899114352E1	1.626368582E1
2.560000000E1	2.900002764E1	1.626243720E1
2.564000000E1	3.029192961E1	1.681602199E1
2.568000000E1	3.170417916E1	1.743056957E1
2.572000000E1	3.316981495E1	1.792646990E1
2.576000000E1	3.470527604E1	1.837692574E1
2.580000000E1	3.624306638E1	1.876160400E1
2.584000000E1	3.769828482E1	1.917206195E1
2.588000000E1	3.904438211E1	1.951122723E1
2.592000000E1	4.017988324E1	1.978523325E1
2.596000000E1	4.113966171E1	1.998737022E1
2.600000000E1	4.186416648E1	2.024843907E1
2.604000000E1	4.234872389E1	2.052323321E1
2.608000000E1	4.267508064E1	2.073110555E1
2.612000000E1	4.279202670E1	2.085947850E1
2.616000000E1	4.235500809E1	2.092588554E1
2.620000000E1	4.235149293E1	2.091543351E1
2.624000000E1	4.174682291E1	2.082522890E1
2.628000000E1	4.084696149E1	2.053031210E1
2.632000000E1	3.974327003E1	2.015720384E1
2.636000000E1	3.847912464E1	1.969044542E1
2.640000000E1	3.704319274E1	1.917970267E1
2.644000000E1	3.544608181E1	1.847303712E1
2.648000000E1	3.357519357E1	1.753920824E1
2.652000000E1	3.157266326E1	1.666893603E1
2.656000000E1	2.958535619E1	1.579107476E1
2.660000000E1	2.768676919E1	1.513200000E1
2.664000000E1	2.582025912E1	1.455905752E1
2.668000000E1	2.247864207E1	1.351990691E1
2.672000000E1	2.246410026E1	1.352296525E1
2.676000000E1	2.108966761E1	1.306537756E1
2.680000000E1	1.993563214E1	1.266868013E1
2.684000000E1	1.902446192E1	1.234248740E1
2.688000000E1	1.840396050E1	1.207073921E1
2.692000000E1	1.797184348E1	1.187350979E1
2.696000000E1	1.776762704E1	1.170466979E1
2.700000000E1	1.766849910E1	1.152037425E1
2.704000000E1	1.766561521E1	1.138298320E1
2.708000000E1	1.775136773E1	1.129870081E1
2.712000000E1	1.792894832E1	1.123210603E1
2.716000000E1	1.808717833E1	1.118649774E1
2.720000000E1	1.826008566E1	1.115557393E1
2.724000000E1	1.851827105E1	1.120319528E1
2.728000000E1	1.883776837E1	1.117510771E1
2.732000000E1	1.914604343E1	1.120356093E1
2.736000000E1	1.946234096E1	1.127080284E1
2.740000000E1	1.987634602E1	1.142395240E1
2.744000000E1	2.034669749E1	1.165581253E1
2.748000000E1	2.093565520E1	1.190799232E1
2.752000000E1	2.169038142E1	1.230202296E1
2.756000000E1	2.259597520E1	1.277084925E1
2.760000000E1	2.367424522E1	1.333535186E1
2.764000000E1	2.485016505E1	1.389657249E1
2.768000000E1	2.603619134E1	1.446657996E1
2.772000000E1	2.726884908E1	1.506252985E1
2.776000000E1	3.006720916E1	1.636167934E1
2.780000000E1	3.006723815E1	1.637086870E1
2.784000000E1	3.157689796E1	1.705924385E1
2.788000000E1	3.316449678E1	1.769780316E1
2.792000000E1	3.477192526E1	1.817135836E1
2.796000000E1	3.631091745E1	1.860782682E1
2.800000000E1	3.771614414E1	1.892205444E1
2.804000000E1	3.903447610E1	1.921955624E1
2.808000000E1	4.020198641E1	1.944375945E1
2.812000000E1	4.117804955E1	1.978021530E1
2.816000000E1	4.186752410E1	1.997437436E1
2.820000000E1	4.234534576E1	2.014036659E1
2.824000000E1	4.267780040E1	2.038219292E1
2.828000000E1	4.280800979E1	2.052202431E1
2.832000000E1	4.278405594E1	2.055269863E1
2.836000000E1	4.250128879E1	2.056897353E1
2.840000000E1	4.203568796E1	2.044357455E1
2.844000000E1	4.130074755E1	2.024562817E1
2.848000000E1	4.039942961E1	1.996691452E1
2.852000000E1	3.922625464E1	1.951447498E1
2.856000000E1	3.787715919E1	1.904795336E1
2.860000000E1	3.636037996E1	1.847787549E1
2.864000000E1	3.462034413E1	1.775108714E1
2.868000000E1	3.272346076E1	1.694880479E1
2.872000000E1	3.065730385E1	1.615353354E1
2.876000000E1	2.861023832E1	1.532674457E1
2.880000000E1	2.666505792E1	1.446934644E1
2.884000000E1	2.484546707E1	1.368007720E1
2.888000000E1	2.319449704E1	1.309349243E1
2.892000000E1	2.184112386E1	1.258613252E1
2.896000000E1	2.082806230E1	1.218190304E1
2.900000000E1	2.007338893E1	1.188569968E1
2.904000000E1	1.962952889E1	1.166661636E1
2.908000000E1	1.939988762E1	1.157222536E1
2.912000000E1	1.932966743E1	1.152308853E1
2.916000000E1	1.935426258E1	1.153678960E1
2.920000000E1	1.946749068E1	1.144121440E1
2.924000000E1	1.946171844E1	1.143694043E1
2.928000000E1	1.946422063E1	1.140175418E1
2.932000000E1	1.946290217E1	1.133795623E1
2.936000000E1	1.945477554E1	1.135294365E1
2.940000000E1	1.945634681E1	1.139361685E1
2.944000000E1	1.947223243E1	1.144544601E1
2.948000000E1	1.959660485E1	1.157469481E1
2.952000000E1	1.975340918E1	1.172876980E1
2.956000000E1	2.003334543E1	1.191814604E1
2.960000000E1	2.047896738E1	1.217953617E1
2.964000000E1	2.108002377E1	1.246332557E1
2.968000000E1	2.185261730E1	1.276838541E1
2.972000000E1	2.276638557E1	1.308994045E1
2.976000000E1	2.381005326E1	1.349019954E1
2.980000000E1	2.494781688E1	1.395803229E1
2.984000000E1	2.622357677E1	1.449033666E1
2.988000000E1	2.754329496E1	1.505309402E1
2.992000000E1	2.888879598E1	1.569541293E1
2.996000000E1	3.040200329E1	1.631640376E1
3.000000000E1	3.200824596E1	1.694406969E1
3.004000000E1	3.367197163E1	1.750584426E1
3.008000000E1	3.531224444E1	1.798394798E1
3.012000000E1	3.683494156E1	1.844823974E1
3.016000000E1	3.824890172E1	1.885999975E1
3.020000000E1	3.954719741E1	1.930499009E1
3.024000000E1	4.068095427E1	1.965901370E1
3.028000000E1	4.169025727E1	1.994249012E1
3.032000000E1	4.251698376E1	2.025591005E1
3.036000000E1	4.312116257E1	2.046452446E1
3.040000000E1	4.352886003E1	2.058250985E1
3.044000000E1	4.371202859E1	2.076019292E1
3.048000000E1	4.370883273E1	2.085420620E1
3.052000000E1	4.352982378E1	2.086669232E1
3.056000000E1	4.306906596E1	2.079395354E1
3.060000000E1	4.235371226E1	2.055727031E1
3.064000000E1	4.141907366E1	2.020289004E1
3.068000000E1	4.030837618E1	1.977466107E1
3.072000000E1	3.904528546E1	1.931392247E1
3.076000000E1	3.770497061E1	1.881362629E1
3.080000000E1	3.622432782E1	1.831836857E1
3.084000000E1	3.462662580E1	1.771424609E1
3.088000000E1	3.291841108E1	1.707681944E1
3.092000000E1	3.125832173E1	1.643223160E1
3.096000000E1	2.966852098E1	1.574238140E1
3.100000000E1	2.812179989E1	1.506830035E1
3.104000000E1	2.663609488E1	1.440614829E1
3.108000000E1	2.527596849E1	1.371242922E1
3.112000000E1	2.408700144E1	1.310580586E1
3.116000000E1	2.306103609E1	1.263850676E1
3.120000000E1	2.225659394E1	1.219689112E1
3.124000000E1	2.168632973E1	1.187769190E1
3.128000000E1	2.138115538E1	1.168730511E1
3.132000000E1	2.122672767E1	1.157504792E1
3.136000000E1	2.114211048E1	1.147986229E1
3.140000000E1	2.110345136E1	1.140195013E1
3.144000000E1	2.108887799E1	1.129942479E1
3.148000000E1	2.108437637E1	1.124038994E1
3.152000000E1	2.107867204E1	1.120521172E1
3.156000000E1	2.108174031E1	1.117862221E1
3.160000000E1	2.107733032E1	1.123020151E1
3.164000000E1	2.107448706E1	1.128117285E1
3.168000000E1	2.107609714E1	1.134960559E1
3.172000000E1	2.116669471E1	1.142886475E1
3.176000000E1	2.128157298E1	1.157228993E1
3.180000000E1	2.153561661E1	1.174687644E1
3.184000000E1	2.187098081E1	1.201539061E1
3.188000000E1	2.243444577E1	1.233154311E1
3.192000000E1	2.310276572E1	1.273321221E1
3.196000000E1	2.393087903E1	1.323907296E1
3.200000000E1	2.495000380E1	1.383331471E1
3.204000000E1	2.607741899E1	1.453145889E1
3.208000000E1	2.726324448E1	1.535939797E1
3.212000000E1	2.857622220E1	1.616758484E1
3.216000000E1	2.990541142E1	1.684862104E1
3.220000000E1	3.118921338E1	1.741990932E1
3.224000000E1	3.245655561E1	1.785936449E1
3.228000000E1	3.376238858E1	1.826417672E1
3.232000000E1	3.511991580E1	1.859490167E1
3.236000000E1	3.647947747E1	1.894901925E1
3.240000000E1	3.786020574E1	1.926937310E1
3.244000000E1	3.917642522E1	1.955557876E1
3.248000000E1	4.037962775E1	1.980203574E1
3.252000000E1	4.131345878E1	2.005407449E1
3.256000000E1	4.207135497E1	2.028797249E1
3.260000000E1	4.271663638E1	2.056307421E1
3.264000000E1	4.320709932E1	2.085508130E1
3.268000000E1	4.356250373E1	2.116166478E1
3.272000000E1	4.370894596E1	2.145321350E1
3.276000000E1	4.366307309E1	2.154054992E1
3.280000000E1	4.324459992E1	2.146555883E1
3.284000000E1	4.250354267E1	2.115799737E1
3.288000000E1	4.157728616E1	2.074724862E1
3.292000000E1	4.043387714E1	2.018439587E1
3.296000000E1	3.912929491E1	1.952582684E1
3.300000000E1	3.767078492E1	1.874254684E1
3.304000000E1	3.586305268E1	1.773708061E1
3.308000000E1	3.395281997E1	1.669401774E1
3.312000000E1	3.185709929E1	1.563394605E1
3.316000000E1	2.978066956E1	1.473783712E1
3.320000000E1	2.559878955E1	1.340790415E1
3.324000000E1	2.559442779E1	1.339423457E1
3.328000000E1	2.379672269E1	1.302461760E1
3.332000000E1	2.233461272E1	1.264949035E1
3.336000000E1	2.114600637E1	1.237823821E1
3.340000000E1	2.020921386E1	1.216092293E1
3.344000000E1	1.961925076E1	1.193273476E1
3.348000000E1	1.931294700E1	1.177234231E1
3.352000000E1	1.930237365E1	1.169591427E1
3.356000000E1	1.944069242E1	1.169711112E1
3.360000000E1	1.961438449E1	1.173988662E1
3.364000000E1	1.986581788E1	1.182489647E1
3.368000000E1	2.007718073E1	1.191183677E1
3.372000000E1	2.033953019E1	1.201666266E1
3.376000000E1	2.058545976E1	1.215401092E1
3.380000000E1	2.094019891E1	1.231835890E1
3.384000000E1	2.141958276E1	1.249844954E1
3.388000000E1	2.211249642E1	1.276145634E1
3.392000000E1	2.293891322E1	1.307610914E1
3.396000000E1	2.388598388E1	1.342220772E1
3.400000000E1	2.490207346E1	1.379028045E1
3.404000000E1	2.599330848E1	1.424992725E1
3.408000000E1	2.707194308E1	1.474637277E1
3.412000000E1	2.819854455E1	1.529525049E1
3.416000000E1	2.933383278E1	1.587917937E1
3.420000000E1	3.052549053E1	1.645559334E1
3.424000000E1	3.183725931E1	1.700572954E1
3.428000000E1	3.447344379E1	1.795214369E1
3.432000000E1	3.444998510E1	1.797200660E1
3.436000000E1	3.574687593E1	1.834257928E1
3.440000000E1	3.699342982E1	1.864740867E1
3.444000000E1	3.818455581E1	1.894268992E1
3.448000000E1	3.922558454E1	1.920471745E1
3.452000000E1	4.013628627E1	1.940655608E1
3.456000000E1	4.094107452E1	1.955230507E1
3.460000000E1	4.163270764E1	1.968586812E1
3.464000000E1	4.219578661E1	1.979160101E1
3.468000000E1	4.259763954E1	1.983985097E1
3.472000000E1	4.278061369E1	1.994055893E1
3.476000000E1	4.278968828E1	2.002007966E1
3.480000000E1	4.261202950E1	2.002064897E1
3.484000000E1	4.218992391E1	1.981157901E1
3.488000000E1	4.158054791E1	1.962717359E1
3.492000000E1	4.075821511E1	1.932467977E1
3.496000000E1	3.967129740E1	1.887439673E1
3.500000000E1	3.843025577E1	1.835141139E1
3.504000000E1	3.692422566E1	1.769718180E1
3.508000000E1	3.526720711E1	1.699581421E1
3.512000000E1	3.353784693E1	1.628385426E1
3.516000000E1	3.172734222E1	1.552520625E1
3.520000000E1	2.990688344E1	1.484117764E1
3.524000000E1	2.814006505E1	1.422556596E1
3.528000000E1	2.642650252E1	1.368600662E1
3.532000000E1	2.479393004E1	1.327165666E1
3.536000000E1	2.337045062E1	1.293215476E1
3.540000000E1	2.220920383E1	1.259126022E1
3.544000000E1	2.038870594E1	1.201307692E1
3.548000000E1	2.037082655E1	1.202379272E1
3.552000000E1	1.974229444E1	1.172606973E1
3.556000000E1	1.920060417E1	1.143670278E1
3.560000000E1	1.883777294E1	1.118751971E1
3.564000000E1	1.857966347E1	1.098669886E1
3.568000000E1	1.841498442E1	1.086570960E1
3.572000000E1	1.836734072E1	1.084363466E1
3.576000000E1	1.834795901E1	1.084925363E1
3.580000000E1	1.844781349E1	1.091404019E1
3.584000000E1	1.842716474E1	1.095915979E1
3.588000000E1	1.853371532E1	1.102606152E1
3.592000000E1	1.867355687E1	1.113458403E1
3.596000000E1	1.885666830E1	1.127440025E1
3.600000000E1	1.914083422E1	1.144892888E1
3.604000000E1	1.959956465E1	1.168937127E1
3.608000000E1	2.022982884E1	1.197239011E1
3.612000000E1	2.108474243E1	1.232305470E1
3.616000000E1	2.207790048E1	1.276407833E1
3.620000000E1	2.318344225E1	1.325226905E1
3.624000000E1	2.438879425E1	1.378099195E1
3.628000000E1	2.694327734E1	1.493456156E1
3.632000000E1	2.694125558E1	1.490599669E1
3.636000000E1	2.825506454E1	1.549215184E1
3.640000000E1	2.961899350E1	1.608923399E1
3.644000000E1	3.111624616E1	1.668050391E1
3.648000000E1	3.271247698E1	1.726347670E1
3.652000000E1	3.436224478E1	1.777024292E1
3.656000000E1	3.603988563E1	1.816071082E1
3.660000000E1	3.759703995E1	1.847452108E1
3.664000000E1	3.906980948E1	1.877931237E1
3.668000000E1	4.149489407E1	1.938038356E1
3.672000000E1	4.147092655E1	1.937682632E1
3.676000000E1	4.236681877E1	1.965941566E1
3.680000000E1	4.305130127E1	1.984901898E1
3.684000000E1	4.349248445E1	1.994623201E1
3.688000000E1	4.371005035E1	2.001560711E1
3.692000000E1	4.370210225E1	2.008156280E1
3.696000000E1	4.353744055E1	2.013060389E1
3.700000000E1	4.311791451E1	2.010297899E1
3.704000000E1	4.249317142E1	1.994030538E1
3.708000000E1	4.160842311E1	1.962682948E1
3.712000000E1	4.036730321E1	1.903516655E1
3.716000000E1	3.888487995E1	1.841856694E1
3.720000000E1	3.714082164E1	1.761774735E1
3.724000000E1	3.513783317E1	1.671234826E1
3.728000000E1	3.072484320E1	1.510258344E1
3.732000000E1	3.070303558E1	1.513320101E1
3.736000000E1	2.833180243E1	1.437340358E1
3.740000000E1	2.608195492E1	1.379388209E1
3.744000000E1	2.397260826E1	1.329072185E1
3.748000000E1	2.215253907E1	1.290984978E1
3.752000000E1	1.905432904E1	1.200514223E1
3.756000000E1	1.903202683E1	1.201593099E1
3.760000000E1	1.781603911E1	1.154998132E1
3.764000000E1	1.691854839E1	1.112701050E1
3.768000000E1	1.637447931E1	1.076497805E1
3.772000000E1	1.603774801E1	1.052410109E1
3.776000000E1	1.602554008E1	1.033731563E1
3.780000000E1	1.614821146E1	1.026855800E1
3.784000000E1	1.630764921E1	1.023724800E1
3.788000000E1	1.644644019E1	1.023354378E1
3.792000000E1	1.647477867E1	1.022483252E1
3.796000000E1	1.647034563E1	1.019776336E1
3.800000000E1	1.643782498E1	1.011004341E1
3.804000000E1	1.631592447E1	9.981683578E0
3.808000000E1	1.618675620E1	9.859936099E0
3.812000000E1	1.615036769E1	9.786103896E0
3.816000000E1	1.615196671E1	9.770438272E0
3.820000000E1	1.616738943E1	9.773507151E0
3.824000000E1	1.618722823E1	9.768109114E0
