hand
t	x	y
0.000000000E0	3.953005791E1	1.020513752E1
4.000000000E-2	3.953068080E1	1.020582657E1
8.000000000E-2	3.969549297E1	1.064255122E1
1.200000000E-1	3.998718017E1	1.105681127E1
1.600000000E-1	4.033155873E1	1.153717471E1
2.000000000E-1	4.073158832E1	1.187405708E1
2.400000000E-1	4.117165321E1	1.211120334E1
2.800000000E-1	4.144530807E1	1.231306579E1
3.200000000E-1	4.151872058E1	1.262477407E1
3.600000000E-1	4.161008397E1	1.290292281E1
4.000000000E-1	4.176011972E1	1.316317619E1
4.400000000E-1	4.202164429E1	1.308780099E1
4.800000000E-1	4.222861883E1	1.271428235E1
5.200000000E-1	4.236185052E1	1.241276430E1
5.600000000E-1	4.236312559E1	1.242735980E1
6.000000000E-1	4.236631181E1	1.229308615E1
6.400000000E-1	4.233849339E1	1.214062781E1
6.800000000E-1	4.224381362E1	1.204805805E1
7.200000000E-1	4.219969405E1	1.198671335E1
7.600000000E-1	4.217741921E1	1.198443737E1
8.000000000E-1	4.215395722E1	1.198974704E1
8.400000000E-1	4.218989604E1	1.200441701E1
8.800000000E-1	4.219917533E1	1.200167420E1
9.200000000E-1	4.220521448E1	1.199743435E1
9.600000000E-1	4.220867335E1	1.199480233E1
1.000000000E0	4.221321627E1	1.199444739E1
1.040000000E0	4.221955879E1	1.200435397E1
1.080000000E0	4.222827171E1	1.202185940E1
1.120000000E0	4.223040568E1	1.204817790E1
1.160000000E0	4.222757429E1	1.209820518E1
1.200000000E0	4.221835849E1	1.216657617E1
1.240000000E0	4.225786512E1	1.240053672E1
1.280000000E0	4.252255641E1	1.268991914E1
1.320000000E0	4.302456748E1	1.289118475E1
1.360000000E0	4.464941606E1	1.313974869E1
1.400000000E0	4.463499473E1	1.315716638E1
1.440000000E0	4.578911144E1	1.338202032E1
1.480000000E0	4.734347171E1	1.364665648E1
1.520000000E0	4.950214441E1	1.388564012E1
1.560000000E0	5.230330737E1	1.375215514E1
1.600000000E0	5.543267006E1	1.350142065E1
1.640000000E0	5.859471061E1	1.391863523E1
1.680000000E0	6.210017382E1	1.407895808E1
1.720000000E0	6.606982333E1	1.423767735E1
1.760000000E0	7.070942136E1	1.433997880E1
1.800000000E0	7.555011333E1	1.467047219E1
1.840000000E0	7.907892013E1	1.518443884E1
1.880000000E0	8.104278955E1	1.617114839E1
1.920000000E0	8.213009812E1	1.757126145E1
1.960000000E0	8.267431174E1	1.892609142E1
2.000000000E0	8.286978486E1	2.003681556E1
2.040000000E0	8.282808484E1	2.093124662E1
2.080000000E0	8.261165987E1	2.155156642E1
2.120000000E0	8.223459713E1	2.198207403E1
2.160000000E0	8.168553554E1	2.215305431E1
2.200000000E0	8.096394554E1	2.215950348E1
2.240000000E0	8.000856438E1	2.213990084E1
2.280000000E0	7.884828790E1	2.205356703E1
2.320000000E0	7.739485598E1	2.177575034E1
2.360000000E0	7.565027922E1	2.153421253E1
2.400000000E0	7.355483985E1	2.123838062E1
2.440000000E0	7.119920763E1	2.086390854E1
2.480000000E0	6.860783049E1	2.025977139E1
2.520000000E0	6.592106756E1	1.964949172E1
2.560000000E0	6.306312493E1	1.883990423E1
2.600000000E0	6.042619333E1	1.790410220E1
2.640000000E0	5.780999682E1	1.707798511E1
2.680000000E0	5.538371424E1	1.603663215E1
2.720000000E0	5.336851048E1	1.509568430E1
2.760000000E0	5.159852791E1	1.454245142E1
2.800000000E0	5.017274873E1	1.402771435E1
2.840000000E0	4.913824769E1	1.377802282E1
2.880000000E0	4.825385695E1	1.375269824E1
2.920000000E0	4.759576615E1	1.357336850E1
2.960000000E0	4.711996451E1	1.343081070E1
3.000000000E0	4.669115418E1	1.271367947E1
3.040000000E0	4.669363260E1	1.272469048E1
3.080000000E0	4.662696220E1	1.243227003E1
3.120000000E0	4.669662839E1	1.240243336E1
3.160000000E0	4.673446730E1	1.239638442E1
3.200000000E0	4.684131934E1	1.243048126E1
3.240000000E0	4.695316690E1	1.249711348E1
3.280000000E0	4.708176132E1	1.259033050E1
3.320000000E0	4.729073917E1	1.264079057E1
3.360000000E0	4.803629189E1	1.272696711E1
3.400000000E0	4.803965536E1	1.272320002E1
3.440000000E0	4.865010648E1	1.276236396E1
3.480000000E0	4.949086991E1	1.276502825E1
3.520000000E0	5.059540839E1	1.284107232E1
3.560000000E0	5.220284158E1	1.292094120E1
3.600000000E0	5.432650707E1	1.307098179E1
3.640000000E0	5.691815172E1	1.318713370E1
3.680000000E0	5.982527885E1	1.320961546E1
3.720000000E0	6.319724344E1	1.343470770E1
3.760000000E0	6.680123968E1	1.352254241E1
3.800000000E0	7.045213796E1	1.374343693E1
3.840000000E0	7.366387189E1	1.420264213E1
3.880000000E0	7.563510098E1	1.485840463E1
3.920000000E0	7.681969289E1	1.594975620E1
3.960000000E0	7.741178998E1	1.711529999E1
4.000000000E0	7.761490649E1	1.797366008E1
4.040000000E0	7.756326239E1	1.858245300E1
4.080000000E0	7.740292049E1	1.905162083E1
4.120000000E0	7.715047067E1	1.918126365E1
4.160000000E0	7.682720920E1	1.914398216E1
4.200000000E0	7.643074459E1	1.901994491E1
4.240000000E0	7.596738360E1	1.885650033E1
4.280000000E0	7.541466036E1	1.882027810E1
4.320000000E0	7.478779928E1	1.885193019E1
4.360000000E0	7.403977325E1	1.887910455E1
4.400000000E0	7.312137561E1	1.877593692E1
4.440000000E0	7.197497645E1	1.873969953E1
4.480000000E0	7.049926008E1	1.866200822E1
4.520000000E0	6.893063747E1	1.855533021E1
4.560000000E0	6.717497720E1	1.860657776E1
4.600000000E0	6.519080451E1	1.838566363E1
4.640000000E0	6.322191560E1	1.829063747E1
4.680000000E0	6.118582311E1	1.826290235E1
4.720000000E0	5.913482519E1	1.799844192E1
4.760000000E0	5.729071846E1	1.769879136E1
4.800000000E0	5.565028764E1	1.723433607E1
4.840000000E0	5.414411737E1	1.661676706E1
4.880000000E0	5.278299181E1	1.598311775E1
4.920000000E0	5.159191834E1	1.539984629E1
4.960000000E0	5.045871854E1	1.483414775E1
5.000000000E0	4.951578066E1	1.425280138E1
5.040000000E0	4.884196017E1	1.382998423E1
5.080000000E0	4.838257405E1	1.351325774E1
5.120000000E0	4.819217760E1	1.318624140E1
5.160000000E0	4.826792581E1	1.299102514E1
5.200000000E0	4.863249337E1	1.280087890E1
5.240000000E0	4.910931432E1	1.274620717E1
5.280000000E0	4.972967985E1	1.282069614E1
5.320000000E0	5.055032034E1	1.288681098E1
5.360000000E0	5.149980733E1	1.282068534E1
5.400000000E0	5.261680691E1	1.277770611E1
5.440000000E0	5.389802646E1	1.281112909E1
5.480000000E0	5.551351846E1	1.287951199E1
5.520000000E0	5.784339510E1	1.304408069E1
5.560000000E0	6.114410634E1	1.323934696E1
5.600000000E0	6.542189686E1	1.334912963E1
5.640000000E0	7.001034022E1	1.359881142E1
5.680000000E0	7.376920779E1	1.420531039E1
5.720000000E0	7.599903091E1	1.500661016E1
5.760000000E0	7.706121094E1	1.613967433E1
5.800000000E0	7.755145907E1	1.747185913E1
5.840000000E0	7.769318925E1	1.844861302E1
5.880000000E0	7.756490491E1	1.899730451E1
5.920000000E0	7.729612152E1	1.910548691E1
5.960000000E0	7.697339332E1	1.899841592E1
6.000000000E0	7.655489540E1	1.876542927E1
6.040000000E0	7.607299706E1	1.855714784E1
6.080000000E0	7.548423523E1	1.831470799E1
6.120000000E0	7.464292238E1	1.811711197E1
6.160000000E0	7.355123156E1	1.794519317E1
6.200000000E0	7.207068015E1	1.782146029E1
6.240000000E0	7.018435520E1	1.766755046E1
6.280000000E0	6.796640779E1	1.765576897E1
6.320000000E0	6.539454774E1	1.762502554E1
6.360000000E0	6.269165736E1	1.722844887E1
6.400000000E0	5.998420548E1	1.687457019E1
6.440000000E0	5.732095903E1	1.650940274E1
6.480000000E0	5.490223053E1	1.589094007E1
6.520000000E0	5.271415691E1	1.530719499E1
6.560000000E0	5.099817553E1	1.470087561E1
6.600000000E0	4.963319889E1	1.428100213E1
6.640000000E0	4.857526327E1	1.410638992E1
6.680000000E0	4.771059460E1	1.401164850E1
6.720000000E0	4.703247643E1	1.386775830E1
6.760000000E0	4.662760446E1	1.378137525E1
6.800000000E0	4.640613821E1	1.364554884E1
6.840000000E0	4.629568805E1	1.344680646E1
6.880000000E0	4.627622477E1	1.323747565E1
6.920000000E0	4.634589744E1	1.300957976E1
6.960000000E0	4.651842993E1	1.277825139E1
7.000000000E0	4.668148099E1	1.264704365E1
7.040000000E0	4.680156862E1	1.260670552E1
7.080000000E0	4.690464745E1	1.264772077E1
7.120000000E0	4.701431314E1	1.261826146E1
7.160000000E0	4.715682363E1	1.263985987E1
7.200000000E0	4.731627919E1	1.273770314E1
7.240000000E0	4.760061303E1	1.280885617E1
7.280000000E0	4.801184790E1	1.289518182E1
7.320000000E0	4.851067360E1	1.297609376E1
7.360000000E0	4.924736701E1	1.303354804E1
7.400000000E0	5.027351519E1	1.305149078E1
7.440000000E0	5.153320811E1	1.317448022E1
7.480000000E0	5.301517617E1	1.317876279E1
7.520000000E0	5.472891653E1	1.317432210E1
7.560000000E0	5.665077220E1	1.317959382E1
7.600000000E0	5.890526173E1	1.328638104E1
7.640000000E0	6.186653423E1	1.350256020E1
7.680000000E0	6.601768971E1	1.383897438E1
7.720000000E0	7.079065704E1	1.408307118E1
7.760000000E0	7.466050919E1	1.475309769E1
7.800000000E0	7.671147250E1	1.565212646E1
7.840000000E0	7.787020210E1	1.680870831E1
7.880000000E0	7.839403665E1	1.848031533E1
7.920000000E0	7.847232194E1	1.988898449E1
7.960000000E0	7.834467548E1	2.086636783E1
8.000000000E0	7.806126178E1	2.142055248E1
8.040000000E0	7.775722208E1	2.178845229E1
8.080000000E0	7.723934568E1	2.202331829E1
8.120000000E0	7.726702003E1	2.202085081E1
8.160000000E0	7.687096736E1	2.198551315E1
8.200000000E0	7.640438616E1	2.184508591E1
8.240000000E0	7.576062509E1	2.166186907E1
8.280000000E0	7.489066542E1	2.149463892E1
8.320000000E0	7.368956460E1	2.107534192E1
8.360000000E0	7.227795387E1	2.076726918E1
8.400000000E0	7.053685746E1	2.049166859E1
8.440000000E0	6.858265478E1	2.005446916E1
8.480000000E0	6.656488974E1	1.975097641E1
8.520000000E0	6.434675746E1	1.933857724E1
8.560000000E0	6.212786037E1	1.877736567E1
8.600000000E0	6.001204200E1	1.825352532E1
8.640000000E0	5.799583413E1	1.768752674E1
8.680000000E0	5.623888631E1	1.718632136E1
8.720000000E0	5.463963266E1	1.675146484E1
8.760000000E0	5.323456260E1	1.619949170E1
8.800000000E0	5.197399918E1	1.576375920E1
8.840000000E0	5.088241031E1	1.543725554E1
8.880000000E0	4.985201978E1	1.511999822E1
8.920000000E0	4.897814442E1	1.481824577E1
8.960000000E0	4.835972036E1	1.446837961E1
9.000000000E0	4.793490840E1	1.422343055E1
9.040000000E0	4.765188811E1	1.394793509E1
9.080000000E0	4.751854997E1	1.372218277E1
9.120000000E0	4.759464852E1	1.355517987E1
9.160000000E0	4.774138198E1	1.339165094E1
9.200000000E0	4.793354342E1	1.345434859E1
9.240000000E0	4.834396088E1	1.348217138E1
9.280000000E0	4.894168458E1	1.346709527E1
9.320000000E0	4.966819763E1	1.327332401E1
9.360000000E0	5.056896747E1	1.310374714E1
9.400000000E0	5.162020350E1	1.300700028E1
9.440000000E0	5.296592982E1	1.301248615E1
9.480000000E0	5.461516377E1	1.304084750E1
9.520000000E0	5.665333617E1	1.319097448E1
9.560000000E0	5.915050098E1	1.329871028E1
9.600000000E0	6.217715295E1	1.335434434E1
9.640000000E0	6.600163322E1	1.365451152E1
9.680000000E0	7.014064092E1	1.386513896E1
9.720000000E0	7.388637975E1	1.424827087E1
9.760000000E0	7.622000706E1	1.500308179E1
9.800000000E0	7.753499704E1	1.596406762E1
9.840000000E0	7.825061841E1	1.730687314E1
9.880000000E0	7.851857736E1	1.858336010E1
9.920000000E0	7.851330992E1	1.949502267E1
9.960000000E0	7.835850796E1	2.009457174E1
1.000000000E1	7.814959714E1	2.044238511E1
1.004000000E1	7.789772834E1	2.056615792E1
1.008000000E1	7.755040593E1	2.050117169E1
1.012000000E1	7.715487487E1	2.037874658E1
1.016000000E1	7.660514447E1	2.021704797E1
1.020000000E1	7.594107800E1	2.004366833E1
1.024000000E1	7.503373852E1	1.979623968E1
1.028000000E1	7.384273902E1	1.949362391E1
1.032000000E1	7.222992902E1	1.911460109E1
1.036000000E1	7.035467073E1	1.881839736E1
1.040000000E1	6.826095902E1	1.838913397E1
1.044000000E1	6.608936353E1	1.768985975E1
1.048000000E1	6.386622642E1	1.708985477E1
1.052000000E1	6.160818380E1	1.664970924E1
1.056000000E1	5.938054006E1	1.618692741E1
1.060000000E1	5.731010726E1	1.576916397E1
1.064000000E1	5.523309470E1	1.544223075E1
1.068000000E1	5.328957172E1	1.501068257E1
1.072000000E1	5.162166906E1	1.468329151E1
1.076000000E1	5.018224429E1	1.462406902E1
1.080000000E1	4.892593354E1	1.442402406E1
1.084000000E1	4.802648929E1	1.412170505E1
1.088000000E1	4.727842174E1	1.393902351E1
1.092000000E1	4.667521675E1	1.376127918E1
1.096000000E1	4.627322699E1	1.348306025E1
1.100000000E1	4.599640253E1	1.331737115E1
1.104000000E1	4.594085442E1	1.305861427E1
1.108000000E1	4.597237527E1	1.299401713E1
1.112000000E1	4.609240521E1	1.304533278E1
1.116000000E1	4.625853723E1	1.317686893E1
1.120000000E1	4.655058154E1	1.330102382E1
1.124000000E1	4.694705122E1	1.331769287E1
1.128000000E1	4.742024561E1	1.332973032E1
1.132000000E1	4.799164218E1	1.334875022E1
1.136000000E1	4.866373513E1	1.332304945E1
1.140000000E1	4.953367323E1	1.333083909E1
1.144000000E1	5.058601985E1	1.333167588E1
1.148000000E1	5.191695843E1	1.331264352E1
1.152000000E1	5.347903817E1	1.339298726E1
1.156000000E1	5.545570958E1	1.336545438E1
1.160000000E1	5.787835483E1	1.348096140E1
1.164000000E1	6.088170743E1	1.363528927E1
1.168000000E1	6.461517006E1	1.371243886E1
1.172000000E1	6.894782855E1	1.368730454E1
1.176000000E1	7.258121551E1	1.414363917E1
1.180000000E1	7.506605844E1	1.513607038E1
1.184000000E1	7.652090317E1	1.661077947E1
1.188000000E1	7.736985089E1	1.821452929E1
1.192000000E1	7.779700218E1	1.958465819E1
1.196000000E1	7.797535633E1	2.081377332E1
1.200000000E1	7.793358605E1	2.170299011E1
1.204000000E1	7.777433263E1	2.232177905E1
1.208000000E1	7.759536427E1	2.261308611E1
1.212000000E1	7.735198249E1	2.277117367E1
1.216000000E1	7.702348530E1	2.273861215E1
1.220000000E1	7.664050986E1	2.261082939E1
1.224000000E1	7.610461531E1	2.249179760E1
1.228000000E1	7.534877544E1	2.221516117E1
1.232000000E1	7.442460021E1	2.193414189E1
1.236000000E1	7.314476170E1	2.163152221E1
1.240000000E1	7.150367929E1	2.106806870E1
1.244000000E1	6.971902021E1	2.065580007E1
1.248000000E1	6.759118820E1	1.993711866E1
1.252000000E1	6.538184514E1	1.913252542E1
1.256000000E1	6.295658987E1	1.865276241E1
1.260000000E1	6.043742730E1	1.805257378E1
1.264000000E1	5.805957456E1	1.729455963E1
1.268000000E1	5.571120266E1	1.668056111E1
1.272000000E1	5.341414185E1	1.599887697E1
1.276000000E1	5.121884848E1	1.529428993E1
1.280000000E1	4.911939235E1	1.473752540E1
1.284000000E1	4.721633789E1	1.420630558E1
1.288000000E1	4.557963276E1	1.363998875E1
1.292000000E1	4.428583374E1	1.317504995E1
1.296000000E1	4.328860321E1	1.272099271E1
1.300000000E1	4.260949685E1	1.240052289E1
1.304000000E1	4.217900826E1	1.224643494E1
1.308000000E1	4.199056382E1	1.205495526E1
1.312000000E1	4.185266106E1	1.193277403E1
1.316000000E1	4.189160303E1	1.198326482E1
1.320000000E1	4.200839485E1	1.210703817E1
1.324000000E1	4.221654294E1	1.219182913E1
1.328000000E1	4.241114716E1	1.229276582E1
1.332000000E1	4.264461506E1	1.245656493E1
1.336000000E1	4.283441737E1	1.265676324E1
1.340000000E1	4.311373112E1	1.276658792E1
1.344000000E1	4.345115864E1	1.290571397E1
1.348000000E1	4.390564161E1	1.295233477E1
1.352000000E1	4.446514438E1	1.301795167E1
1.356000000E1	4.521045523E1	1.305412369E1
1.360000000E1	4.615443508E1	1.316388557E1
1.364000000E1	4.744127439E1	1.327621443E1
1.368000000E1	4.913074788E1	1.339217400E1
1.372000000E1	5.138270108E1	1.352792837E1
1.376000000E1	5.430213514E1	1.349028285E1
1.380000000E1	5.823114264E1	1.350644942E1
1.384000000E1	6.331706445E1	1.363567713E1
1.388000000E1	6.888555695E1	1.401561963E1
1.392000000E1	7.372556604E1	1.509220006E1
1.396000000E1	7.694652529E1	1.660702085E1
1.400000000E1	7.880248489E1	1.826737806E1
1.404000000E1	7.974993440E1	1.990328632E1
1.408000000E1	8.009429423E1	2.142730069E1
1.412000000E1	8.011346429E1	2.257703787E1
1.416000000E1	7.992089290E1	2.307005878E1
1.420000000E1	7.966584753E1	2.328094572E1
1.424000000E1	7.941195046E1	2.324297432E1
1.428000000E1	7.914454875E1	2.320162761E1
1.432000000E1	7.891952627E1	2.305639905E1
1.436000000E1	7.863094041E1	2.289093799E1
1.440000000E1	7.830465818E1	2.269949459E1
1.444000000E1	7.775540836E1	2.254157776E1
1.448000000E1	7.686224199E1	2.231749474E1
1.452000000E1	7.554410426E1	2.200939228E1
1.456000000E1	7.149486073E1	2.139322948E1
1.460000000E1	7.149416981E1	2.139302292E1
1.464000000E1	6.896817058E1	2.087001400E1
1.468000000E1	6.620863106E1	2.030732966E1
1.472000000E1	6.343568800E1	1.948659138E1
1.476000000E1	6.065568735E1	1.876704895E1
1.480000000E1	5.795616394E1	1.800025129E1
1.484000000E1	5.566007558E1	1.713272978E1
1.488000000E1	5.365698451E1	1.646182164E1
1.492000000E1	5.196904562E1	1.584484335E1
1.496000000E1	5.060064865E1	1.531646645E1
1.500000000E1	4.942105890E1	1.501573552E1
1.504000000E1	4.852315811E1	1.480891952E1
1.508000000E1	4.783917976E1	1.468927178E1
1.512000000E1	4.731179490E1	1.453805300E1
1.516000000E1	4.691142062E1	1.441462490E1
1.520000000E1	4.666576324E1	1.426982519E1
1.524000000E1	4.661878865E1	1.409039696E1
1.528000000E1	4.666592063E1	1.388585954E1
1.532000000E1	4.679886037E1	1.368864117E1
1.536000000E1	4.694278911E1	1.351553023E1
1.540000000E1	4.712913735E1	1.346479836E1
1.544000000E1	4.731299913E1	1.345723621E1
1.548000000E1	4.758617485E1	1.345758809E1
1.552000000E1	4.789899369E1	1.347402921E1
1.556000000E1	4.833297939E1	1.346260887E1
1.560000000E1	4.890898688E1	1.346355245E1
1.564000000E1	4.965751903E1	1.346025986E1
1.568000000E1	5.062389123E1	1.347710490E1
1.572000000E1	5.190894176E1	1.353504391E1
1.576000000E1	5.343796267E1	1.374460942E1
1.580000000E1	5.529326947E1	1.393735901E1
1.584000000E1	5.743615328E1	1.373597449E1
1.588000000E1	5.965666093E1	1.379003238E1
1.592000000E1	6.230576832E1	1.395227186E1
1.596000000E1	6.550459973E1	1.397157363E1
1.600000000E1	6.941797318E1	1.424440310E1
1.604000000E1	7.338894711E1	1.481940902E1
1.608000000E1	7.620737911E1	1.550148386E1
1.612000000E1	7.797191229E1	1.651531743E1
1.616000000E1	7.892677044E1	1.756074712E1
1.620000000E1	7.938593493E1	1.855800116E1
1.624000000E1	7.948877270E1	1.940043084E1
1.628000000E1	7.942184687E1	2.003687943E1
1.632000000E1	7.926557722E1	2.036975012E1
1.636000000E1	7.910680466E1	2.066267451E1
1.640000000E1	7.895310429E1	2.096097487E1
1.644000000E1	7.879962444E1	2.117271097E1
1.648000000E1	7.863135558E1	2.139396731E1
1.652000000E1	7.838396638E1	2.157052354E1
1.656000000E1	7.804453863E1	2.169193870E1
1.660000000E1	7.757686626E1	2.177009948E1
1.664000000E1	7.685045042E1	2.185115676E1
1.668000000E1	7.583524219E1	2.189602680E1
1.672000000E1	7.459388074E1	2.186653490E1
1.676000000E1	7.312903740E1	2.196019813E1
1.680000000E1	7.142618806E1	2.195311554E1
1.684000000E1	6.953165712E1	2.167899678E1
1.688000000E1	6.747777004E1	2.126665917E1
1.692000000E1	6.538215479E1	2.068299746E1
1.696000000E1	6.328550761E1	2.006477497E1
1.700000000E1	6.122821370E1	1.936820984E1
1.704000000E1	5.921790163E1	1.860377217E1
1.708000000E1	5.734422833E1	1.793521568E1
1.712000000E1	5.559790834E1	1.718479231E1
1.716000000E1	5.412626428E1	1.646917683E1
1.720000000E1	5.277498494E1	1.587658726E1
1.724000000E1	5.166540499E1	1.528135776E1
1.728000000E1	5.079151215E1	1.485924811E1
1.732000000E1	5.005592565E1	1.453716768E1
1.736000000E1	4.954083449E1	1.413445004E1
1.740000000E1	4.923359670E1	1.382008695E1
1.744000000E1	4.908830981E1	1.352618455E1
1.748000000E1	4.910245787E1	1.322142510E1
1.752000000E1	4.924086292E1	1.291812855E1
1.756000000E1	4.942381378E1	1.277776871E1
1.760000000E1	4.968768361E1	1.276225204E1
1.764000000E1	5.003780554E1	1.290890434E1
1.768000000E1	5.055238021E1	1.292215244E1
1.772000000E1	5.120859664E1	1.299963446E1
1.776000000E1	5.222595817E1	1.304153559E1
1.780000000E1	5.370733254E1	1.307210244E1
1.784000000E1	5.585217271E1	1.336180127E1
1.788000000E1	5.895552476E1	1.354247050E1
1.792000000E1	6.309190871E1	1.364314236E1
1.796000000E1	6.806816069E1	1.392226722E1
1.800000000E1	7.268090550E1	1.466561023E1
1.804000000E1	7.577690512E1	1.579731421E1
1.808000000E1	7.756464914E1	1.715862795E1
1.812000000E1	7.858869015E1	1.883070059E1
1.816000000E1	7.915987146E1	2.170688678E1
1.820000000E1	7.912675809E1	2.170371671E1
1.824000000E1	7.893515590E1	2.257588982E1
1.828000000E1	7.865712903E1	2.307348009E1
1.832000000E1	7.835381515E1	2.335343542E1
1.836000000E1	7.806951079E1	2.349337991E1
1.840000000E1	7.779425770E1	2.360996132E1
1.844000000E1	7.747372821E1	2.363533743E1
1.848000000E1	7.714838006E1	2.365400245E1
1.852000000E1	7.666525359E1	2.363339305E1
1.856000000E1	7.600530240E1	2.363586635E1
1.860000000E1	7.506645840E1	2.345224040E1
1.864000000E1	7.386678695E1	2.321829419E1
1.868000000E1	7.238665936E1	2.285069514E1
1.872000000E1	7.084294302E1	2.230983110E1
1.876000000E1	6.923331368E1	2.203605182E1
1.880000000E1	6.742331864E1	2.168436563E1
1.884000000E1	6.546194050E1	2.113175290E1
1.888000000E1	6.338900837E1	2.052492330E1
1.892000000E1	6.122804886E1	1.972128808E1
1.896000000E1	5.916443969E1	1.885503868E1
1.900000000E1	5.711212933E1	1.792524459E1
1.904000000E1	5.532609963E1	1.694994658E1
1.908000000E1	5.375016737E1	1.609037714E1
1.912000000E1	5.238792667E1	1.540295830E1
1.916000000E1	5.127485712E1	1.478156838E1
1.920000000E1	5.046755336E1	1.440510314E1
1.924000000E1	4.937802376E1	1.393620651E1
1.928000000E1	4.938437736E1	1.393394947E1
1.932000000E1	4.909789182E1	1.388564130E1
1.936000000E1	4.893953358E1	1.381680030E1
1.940000000E1	4.888367282E1	1.361139966E1
1.944000000E1	4.887678264E1	1.315513987E1
1.948000000E1	4.890662348E1	1.317555632E1
1.952000000E1	4.894478569E1	1.285951004E1
1.956000000E1	4.904605769E1	1.262310925E1
1.960000000E1	4.908663557E1	1.259928410E1
1.964000000E1	4.918407480E1	1.261863266E1
1.968000000E1	4.926046906E1	1.273475829E1
1.972000000E1	4.942505954E1	1.275273141E1
1.976000000E1	4.968629342E1	1.275883104E1
1.980000000E1	5.008551288E1	1.276876017E1
1.984000000E1	5.069679026E1	1.288478944E1
1.988000000E1	5.164866453E1	1.306925288E1
1.992000000E1	5.313464994E1	1.330941814E1
1.996000000E1	5.532429343E1	1.349474156E1
2.000000000E1	5.831141687E1	1.361721191E1
2.004000000E1	6.227419328E1	1.375252261E1
2.008000000E1	6.728175038E1	1.390357998E1
2.012000000E1	7.234540151E1	1.401557849E1
2.016000000E1	7.592339029E1	1.492283899E1
2.020000000E1	7.782245856E1	1.590248357E1
2.024000000E1	7.899367436E1	1.732142444E1
2.028000000E1	7.963212290E1	1.892020540E1
2.032000000E1	7.991620573E1	2.030854219E1
2.036000000E1	7.989511557E1	2.125080183E1
2.040000000E1	7.970491594E1	2.188887489E1
2.044000000E1	7.949323714E1	2.227650530E1
2.048000000E1	7.925505159E1	2.240886955E1
2.052000000E1	7.897840380E1	2.239070863E1
2.056000000E1	7.874634655E1	2.229490007E1
2.060000000E1	7.844217667E1	2.216863107E1
2.064000000E1	7.804907307E1	2.214081524E1
2.068000000E1	7.746111328E1	2.208237784E1
2.072000000E1	7.670957049E1	2.203715824E1
2.076000000E1	7.567348901E1	2.185920532E1
2.080000000E1	7.444397506E1	2.145094699E1
2.084000000E1	7.293724817E1	2.116072611E1
2.088000000E1	7.116154930E1	2.094058396E1
2.092000000E1	6.934990006E1	2.069771874E1
2.096000000E1	6.734347567E1	2.049078638E1
2.100000000E1	6.526796999E1	2.009258673E1
2.104000000E1	6.314163788E1	1.960227836E1
2.108000000E1	6.102294842E1	1.904298640E1
2.112000000E1	5.908344054E1	1.841518695E1
2.116000000E1	5.725966834E1	1.783006998E1
2.120000000E1	5.563302523E1	1.728400563E1
2.124000000E1	5.412729409E1	1.679790886E1
2.128000000E1	5.274023650E1	1.635202490E1
2.132000000E1	5.150759597E1	1.599877650E1
2.136000000E1	5.044764977E1	1.572369399E1
2.140000000E1	4.954347708E1	1.542666166E1
2.144000000E1	4.878231976E1	1.516759166E1
2.148000000E1	4.816685938E1	1.496246505E1
2.152000000E1	4.771576827E1	1.474143119E1
2.156000000E1	4.736429385E1	1.445109291E1
2.160000000E1	4.714123881E1	1.408723888E1
2.164000000E1	4.701019606E1	1.383838637E1
2.168000000E1	4.700979568E1	1.363156567E1
2.172000000E1	4.714592467E1	1.349288652E1
2.176000000E1	4.739615547E1	1.345426887E1
2.180000000E1	4.773665088E1	1.346219417E1
2.184000000E1	4.810814463E1	1.360271610E1
2.188000000E1	4.859370237E1	1.367103823E1
2.192000000E1	4.908165984E1	1.367247960E1
2.196000000E1	4.954646561E1	1.366352554E1
2.200000000E1	4.997668034E1	1.356792210E1
2.204000000E1	5.040396204E1	1.343088527E1
2.208000000E1	5.082181036E1	1.333326135E1
2.212000000E1	5.140012445E1	1.335276095E1
2.216000000E1	5.221679145E1	1.345965003E1
2.220000000E1	5.330043308E1	1.367292194E1
2.224000000E1	5.472742602E1	1.386293793E1
2.228000000E1	5.640451915E1	1.392957371E1
2.232000000E1	5.835972645E1	1.386659776E1
2.236000000E1	6.061509992E1	1.393723567E1
2.240000000E1	6.387978551E1	1.419779609E1
2.244000000E1	6.845750206E1	1.451708310E1
2.248000000E1	7.311051892E1	1.541127848E1
2.252000000E1	7.642856473E1	1.698122192E1
2.256000000E1	7.844854804E1	1.853540208E1
2.260000000E1	7.965343518E1	2.036210420E1
2.264000000E1	8.031527943E1	2.216915871E1
2.268000000E1	8.048746056E1	2.351502524E1
2.272000000E1	8.031483222E1	2.435515481E1
2.276000000E1	8.002708500E1	2.477385808E1
2.280000000E1	7.972432970E1	2.496325320E1
2.284000000E1	7.940232601E1	2.501593653E1
2.288000000E1	7.908160931E1	2.509948378E1
2.292000000E1	7.868400507E1	2.519546479E1
2.296000000E1	7.823837636E1	2.526796068E1
2.300000000E1	7.776148356E1	2.527933388E1
2.304000000E1	7.728251189E1	2.519887651E1
2.308000000E1	7.668666195E1	2.501870087E1
2.312000000E1	7.584163964E1	2.477185503E1
2.316000000E1	7.489358385E1	2.454779108E1
2.320000000E1	7.372791834E1	2.411104267E1
2.324000000E1	7.228578748E1	2.360628550E1
2.328000000E1	7.054822217E1	2.320013816E1
2.332000000E1	6.854529610E1	2.277602380E1
2.336000000E1	6.624133977E1	2.229290679E1
2.340000000E1	6.369165401E1	2.174981197E1
2.344000000E1	6.103926292E1	2.096306753E1
2.348000000E1	5.857324846E1	2.017640642E1
2.352000000E1	5.622168992E1	1.930334383E1
2.356000000E1	5.406156200E1	1.827075412E1
2.360000000E1	5.210080681E1	1.742077252E1
2.364000000E1	5.040654514E1	1.664336938E1
2.368000000E1	4.902153192E1	1.577198057E1
2.372000000E1	4.793333287E1	1.509987767E1
2.376000000E1	4.711413642E1	1.456367988E1
2.380000000E1	4.658537781E1	1.407535322E1
2.384000000E1	4.626875250E1	1.376540270E1
2.388000000E1	4.624358482E1	1.365816615E1
2.392000000E1	4.644949274E1	1.368106046E1
2.396000000E1	4.690606848E1	1.384480090E1
2.400000000E1	4.767926178E1	1.407468047E1
2.404000000E1	4.880997976E1	1.424148682E1
2.408000000E1	5.027321405E1	1.429088139E1
2.412000000E1	5.206780778E1	1.424071247E1
2.416000000E1	5.412205148E1	1.423266438E1
2.420000000E1	5.660879284E1	1.424328163E1
2.424000000E1	5.983489555E1	1.419023514E1
2.428000000E1	6.434824413E1	1.392832924E1
2.432000000E1	6.971480779E1	1.451564085E1
2.436000000E1	7.446211465E1	1.545089505E1
2.440000000E1	7.743011912E1	1.692853344E1
2.444000000E1	7.907370683E1	1.870018504E1
2.448000000E1	8.004934449E1	2.054124561E1
2.452000000E1	8.043862564E1	2.211554902E1
2.456000000E1	8.046899385E1	2.322743550E1
2.460000000E1	8.027137570E1	2.383101706E1
2.464000000E1	7.998667829E1	2.416232073E1
2.468000000E1	7.967653519E1	2.425072548E1
2.472000000E1	7.932431398E1	2.424190922E1
2.476000000E1	7.897494978E1	2.422864421E1
2.480000000E1	7.856372987E1	2.420675767E1
2.484000000E1	7.793825440E1	2.406756066E1
2.488000000E1	7.726230649E1	2.395740970E1
2.492000000E1	7.626379804E1	2.390954661E1
2.496000000E1	7.503090193E1	2.365282945E1
2.500000000E1	7.338952587E1	2.363262897E1
2.504000000E1	7.139007646E1	2.336200479E1
2.508000000E1	6.925310377E1	2.298587691E1
2.512000000E1	6.687238059E1	2.258205551E1
2.516000000E1	6.456042205E1	2.200717997E1
2.520000000E1	6.226989718E1	2.136715413E1
2.524000000E1	5.993121923E1	2.062958845E1
2.528000000E1	5.772295259E1	1.958909663E1
2.532000000E1	5.560891700E1	1.854307051E1
2.536000000E1	5.381258516E1	1.753984131E1
2.540000000E1	5.246969386E1	1.666622547E1
2.544000000E1	5.135225478E1	1.596499803E1
2.548000000E1	5.027880416E1	1.519946677E1
2.552000000E1	4.935417789E1	1.455926388E1
2.556000000E1	4.853400636E1	1.422333883E1
2.560000000E1	4.776455382E1	1.393638323E1
2.564000000E1	4.699469747E1	1.379309819E1
2.568000000E1	4.699355884E1	1.379772159E1
2.572000000E1	4.697054414E1	1.389099796E1
2.576000000E1	4.724838512E1	1.405233359E1
2.580000000E1	4.778571942E1	1.422467754E1
2.584000000E1	4.864619322E1	1.426003129E1
2.588000000E1	4.984508784E1	1.427993291E1
2.592000000E1	5.143737137E1	1.426817641E1
2.596000000E1	5.338874591E1	1.423568598E1
2.600000000E1	5.569863157E1	1.410251948E1
2.604000000E1	5.827218254E1	1.393354882E1
2.608000000E1	6.152066526E1	1.400484658E1
2.612000000E1	6.573204330E1	1.381894907E1
2.616000000E1	7.047525869E1	1.414120897E1
2.620000000E1	7.476169332E1	1.526527252E1
2.624000000E1	7.886442508E1	1.850529338E1
2.628000000E1	7.911136281E1	1.842328981E1
2.632000000E1	7.998915956E1	2.008660400E1
2.636000000E1	8.031607252E1	2.159295519E1
2.640000000E1	8.031713042E1	2.280983037E1
2.644000000E1	8.008856333E1	2.348844088E1
2.648000000E1	7.978320252E1	2.381294203E1
2.652000000E1	7.942951976E1	2.383451226E1
2.656000000E1	7.911595766E1	2.380229908E1
2.660000000E1	7.878899169E1	2.368418439E1
2.664000000E1	7.836064102E1	2.361435297E1
2.668000000E1	7.790152235E1	2.353839820E1
2.672000000E1	7.729364927E1	2.349060658E1
2.676000000E1	7.653302084E1	2.323627895E1
2.680000000E1	7.548819786E1	2.297139260E1
2.684000000E1	7.407519539E1	2.277305019E1
2.688000000E1	7.029550408E1	2.171070187E1
2.692000000E1	7.029348752E1	2.170417781E1
2.696000000E1	6.786814964E1	2.109160446E1
2.700000000E1	6.552625393E1	2.060361593E1
2.704000000E1	6.271424016E1	1.989458563E1
2.708000000E1	5.970051707E1	1.922896557E1
2.712000000E1	5.659076675E1	1.833078705E1
2.716000000E1	5.348885043E1	1.773881011E1
2.720000000E1	5.051938959E1	1.717429091E1
2.724000000E1	4.800557612E1	1.630864730E1
2.728000000E1	4.605743573E1	1.544492171E1
2.732000000E1	4.452247136E1	1.469741258E1
2.736000000E1	4.330517453E1	1.402699627E1
2.740000000E1	4.254117747E1	1.344148932E1
2.744000000E1	4.213246415E1	1.314308292E1
2.748000000E1	4.193889814E1	1.301929847E1
2.752000000E1	4.191926557E1	1.290959576E1
2.756000000E1	4.194067344E1	1.296674783E1
2.760000000E1	4.206201168E1	1.302410886E1
2.764000000E1	4.222273102E1	1.311100334E1
2.768000000E1	4.244409927E1	1.318115003E1
2.772000000E1	4.267943573E1	1.322881286E1
2.776000000E1	4.299202856E1	1.329599935E1
2.780000000E1	4.339320668E1	1.337059060E1
2.784000000E1	4.388856094E1	1.349391645E1
2.788000000E1	4.451735881E1	1.358151969E1
2.792000000E1	4.534357073E1	1.359257278E1
2.796000000E1	4.627582914E1	1.365187113E1
2.800000000E1	4.735167583E1	1.383107266E1
2.804000000E1	4.873830768E1	1.418801589E1
2.808000000E1	5.050086735E1	1.446563346E1
2.812000000E1	5.266804603E1	1.449104994E1
2.816000000E1	5.524898960E1	1.442873378E1
2.820000000E1	5.860055747E1	1.463924918E1
2.824000000E1	6.304720919E1	1.440607550E1
2.828000000E1	6.863252510E1	1.475904692E1
2.832000000E1	7.371286512E1	1.544933059E1
2.836000000E1	7.693358737E1	1.678571326E1
2.840000000E1	7.835252498E1	1.802461030E1
2.844000000E1	7.902214972E1	1.947227540E1
2.848000000E1	7.919953066E1	2.078320663E1
2.852000000E1	7.910853844E1	2.160932941E1
2.856000000E1	7.882229578E1	2.199863387E1
2.860000000E1	7.843138236E1	2.211691878E1
2.864000000E1	7.805181981E1	2.208864426E1
2.868000000E1	7.759855166E1	2.192776230E1
2.872000000E1	7.702328853E1	2.166146813E1
2.876000000E1	7.643115584E1	2.139924972E1
2.880000000E1	7.565083837E1	2.117943163E1
2.884000000E1	7.465999082E1	2.094273838E1
2.888000000E1	7.337351665E1	2.092064716E1
2.892000000E1	7.178665848E1	2.056830001E1
2.896000000E1	7.000337021E1	2.032627953E1
2.900000000E1	6.800932640E1	2.003864756E1
2.904000000E1	6.610226786E1	1.967471442E1
2.908000000E1	6.389774760E1	1.938620268E1
2.912000000E1	6.150192917E1	1.892707322E1
2.916000000E1	5.907208603E1	1.849905911E1
2.920000000E1	5.681384777E1	1.802663399E1
2.924000000E1	5.473424742E1	1.742984991E1
2.928000000E1	5.294743796E1	1.684949631E1
2.932000000E1	5.139026945E1	1.629356892E1
2.936000000E1	5.005015842E1	1.593720363E1
2.940000000E1	4.883844000E1	1.562092511E1
2.944000000E1	4.790159942E1	1.536087011E1
2.948000000E1	4.715738491E1	1.510609802E1
2.952000000E1	4.660273304E1	1.485658407E1
2.956000000E1	4.619966544E1	1.475581724E1
2.960000000E1	4.593677855E1	1.473006557E1
2.964000000E1	4.580015880E1	1.461465041E1
2.968000000E1	4.580966794E1	1.447922956E1
2.972000000E1	4.596211819E1	1.432981358E1
2.976000000E1	4.640208666E1	1.417728212E1
2.980000000E1	4.725523995E1	1.406180432E1
2.984000000E1	4.850476304E1	1.389951559E1
2.988000000E1	5.016335835E1	1.361779468E1
2.992000000E1	5.208051706E1	1.346088585E1
2.996000000E1	5.429965891E1	1.350081166E1
3.000000000E1	5.675961331E1	1.379366121E1
3.004000000E1	5.983192026E1	1.398004285E1
3.008000000E1	6.366803055E1	1.407250059E1
3.012000000E1	6.814411266E1	1.434454564E1
3.016000000E1	7.249441475E1	1.466235691E1
3.020000000E1	7.590227198E1	1.562050130E1
3.024000000E1	7.774452376E1	1.672462479E1
3.028000000E1	7.866357522E1	1.806833762E1
3.032000000E1	7.908751085E1	1.953793325E1
3.036000000E1	7.920766831E1	2.060956514E1
3.040000000E1	7.913681448E1	2.133213428E1
3.044000000E1	7.893509940E1	2.171648908E1
3.048000000E1	7.864155847E1	2.191499116E1
3.052000000E1	7.834136686E1	2.209233726E1
3.056000000E1	7.792113782E1	2.226956396E1
3.060000000E1	7.737445301E1	2.257438697E1
3.064000000E1	7.658268990E1	2.270862410E1
3.068000000E1	7.557542354E1	2.284137703E1
3.072000000E1	7.416681195E1	2.291097669E1
3.076000000E1	7.242617206E1	2.305333402E1
3.080000000E1	6.751876341E1	2.269978795E1
3.084000000E1	6.750875667E1	2.269249932E1
3.088000000E1	6.465036029E1	2.233124355E1
3.092000000E1	6.172545167E1	2.164977716E1
3.096000000E1	5.895258931E1	2.061107951E1
3.100000000E1	5.629003903E1	1.962783450E1
3.104000000E1	5.388183469E1	1.841292547E1
3.108000000E1	5.194424391E1	1.712693345E1
3.112000000E1	5.028831957E1	1.613967985E1
3.116000000E1	4.804658893E1	1.459290249E1
3.120000000E1	4.804462909E1	1.461495490E1
3.124000000E1	4.747010808E1	1.403355362E1
3.128000000E1	4.722171015E1	1.358052692E1
3.132000000E1	4.717360261E1	1.344368070E1
3.136000000E1	4.727623869E1	1.344598143E1
3.140000000E1	4.753495627E1	1.361858429E1
3.144000000E1	4.877192545E1	1.420154189E1
3.148000000E1	4.879003899E1	1.418848852E1
3.152000000E1	4.983748543E1	1.462013435E1
3.156000000E1	5.133659447E1	1.477823088E1
3.160000000E1	5.307256139E1	1.470640932E1
3.164000000E1	5.511924961E1	1.450857011E1
3.168000000E1	5.749724616E1	1.434584473E1
3.172000000E1	6.020537187E1	1.432303669E1
3.176000000E1	6.356506816E1	1.436136888E1
3.180000000E1	6.805099786E1	1.442544991E1
3.184000000E1	7.264819252E1	1.470570511E1
3.188000000E1	7.618535172E1	1.560629505E1
3.192000000E1	7.790864792E1	1.643915242E1
3.196000000E1	7.895797942E1	1.771928466E1
3.200000000E1	7.959999131E1	1.920711528E1
3.204000000E1	7.969012788E1	1.982591316E1
3.208000000E1	7.956250268E1	2.014687294E1
3.212000000E1	7.931225264E1	2.017525859E1
3.216000000E1	7.897555916E1	2.003003007E1
3.220000000E1	7.864524798E1	1.980153110E1
3.224000000E1	7.836986138E1	1.968117854E1
3.228000000E1	7.808670094E1	1.957950482E1
3.232000000E1	7.778570478E1	1.969661479E1
3.236000000E1	7.747639854E1	1.989355095E1
3.240000000E1	7.700841824E1	2.014945928E1
3.244000000E1	7.638967960E1	2.047386567E1
3.248000000E1	7.533437917E1	2.081136746E1
3.252000000E1	7.373709650E1	2.103681409E1
3.256000000E1	7.176893873E1	2.117990960E1
3.260000000E1	6.965207408E1	2.099780938E1
3.264000000E1	6.726716352E1	2.050660489E1
3.268000000E1	6.485455211E1	1.986924412E1
3.272000000E1	6.241412251E1	1.915308283E1
3.276000000E1	5.797658172E1	1.744470492E1
3.280000000E1	5.794870212E1	1.745354545E1
3.284000000E1	5.621115922E1	1.660490618E1
3.288000000E1	5.470644227E1	1.596995732E1
3.292000000E1	5.342422738E1	1.544305158E1
3.296000000E1	5.252954183E1	1.508175588E1
3.300000000E1	5.219196530E1	1.477693481E1
3.304000000E1	5.210008485E1	1.479947143E1
3.308000000E1	5.210893132E1	1.479508554E1
3.312000000E1	5.221207774E1	1.479602372E1
3.316000000E1	5.257288051E1	1.491900811E1
3.320000000E1	5.255888182E1	1.491733294E1
3.324000000E1	5.287825974E1	1.480409787E1
3.328000000E1	5.328087714E1	1.468118363E1
3.332000000E1	5.381469059E1	1.443916921E1
3.336000000E1	5.448281486E1	1.429881340E1
3.340000000E1	5.531313368E1	1.413057302E1
3.344000000E1	5.645224775E1	1.406854137E1
3.348000000E1	5.803002177E1	1.407499102E1
3.352000000E1	6.020128936E1	1.413263888E1
3.356000000E1	6.679386149E1	1.442748090E1
3.360000000E1	6.678863233E1	1.444841815E1
3.364000000E1	7.092402522E1	1.442988123E1
3.368000000E1	7.488171007E1	1.518077123E1
3.372000000E1	7.769407891E1	1.630990447E1
3.376000000E1	7.916715540E1	1.768903039E1
3.380000000E1	7.993671329E1	1.916386014E1
3.384000000E1	8.029433628E1	2.045364860E1
3.388000000E1	8.022912154E1	2.123253596E1
3.392000000E1	7.998046813E1	2.167982064E1
3.396000000E1	7.968319595E1	2.196460620E1
3.400000000E1	7.936918683E1	2.211604175E1
3.404000000E1	7.901045755E1	2.217951604E1
3.408000000E1	7.865331000E1	2.222912305E1
3.412000000E1	7.823716502E1	2.230182316E1
3.416000000E1	7.777266980E1	2.232843901E1
3.420000000E1	7.719784032E1	2.236762243E1
3.424000000E1	7.644708674E1	2.227798415E1
3.428000000E1	7.548520731E1	2.207592732E1
3.432000000E1	7.419987378E1	2.208739863E1
3.436000000E1	7.261986257E1	2.174469088E1
3.440000000E1	7.075771637E1	2.148265287E1
3.444000000E1	6.884037614E1	2.120639290E1
3.448000000E1	6.707392456E1	2.111902290E1
3.452000000E1	6.508847151E1	2.081017325E1
3.456000000E1	6.310011216E1	2.047306625E1
3.460000000E1	6.116763054E1	2.048758233E1
3.464000000E1	5.918855641E1	2.045164651E1
3.468000000E1	5.715058616E1	2.004632292E1
3.472000000E1	5.505429933E1	1.967587442E1
3.476000000E1	5.292663060E1	1.908659289E1
3.480000000E1	5.075276715E1	1.832269085E1
3.484000000E1	4.861417347E1	1.749044332E1
3.488000000E1	4.657216899E1	1.647405814E1
3.492000000E1	4.481755383E1	1.528524591E1
3.496000000E1	4.346211624E1	1.441737738E1
3.500000000E1	4.248965185E1	1.423161003E1
3.504000000E1	4.181652442E1	1.360868171E1
3.508000000E1	4.126889181E1	1.306442838E1
3.512000000E1	4.100159638E1	1.254520936E1
3.516000000E1	4.087854373E1	1.166414424E1
3.520000000E1	4.098116184E1	1.066610647E1
3.524000000E1	4.122053515E1	1.012301949E1
3.528000000E1	4.136807343E1	1.036998004E1
3.532000000E1	4.160514822E1	1.029487565E1
3.536000000E1	4.179241176E1	1.022741959E1
3.540000000E1	4.120723185E1	9.869702733E0
