armbåge
t	x	y
0.000000000E0	1.545972495E1	8.419449902E0
4.000000000E-2	1.545351398E1	8.427858412E0
8.000000000E-2	1.544785504E1	8.438795416E0
1.200000000E-1	1.545897371E1	8.428273585E0
1.600000000E-1	1.546465730E1	8.423296466E0
2.000000000E-1	1.546286724E1	8.424457970E0
2.400000000E-1	1.546133205E1	8.424137450E0
2.800000000E-1	1.545966892E1	8.434897674E0
3.200000000E-1	1.545993967E1	8.428550688E0
3.600000000E-1	1.545862772E1	8.426215473E0
4.000000000E-1	1.545774508E1	8.425036142E0
4.400000000E-1	1.545827429E1	8.423062031E0
4.800000000E-1	1.545844473E1	8.422152844E0
5.200000000E-1	1.545983609E1	8.419239620E0
5.600000000E-1	1.546021463E1	8.415992461E0
6.000000000E-1	1.545975740E1	8.419261167E0
6.400000000E-1	1.545939929E1	8.421098992E0
6.800000000E-1	1.545936622E1	8.420639388E0
7.200000000E-1	1.545935653E1	8.420379809E0
7.600000000E-1	1.545957097E1	8.420549665E0
8.000000000E-1	1.545967177E1	8.420707947E0
8.400000000E-1	1.545951199E1	8.423084354E0
8.800000000E-1	1.546064243E1	8.424530064E0
9.200000000E-1	1.546060555E1	8.424217723E0
9.600000000E-1	1.546067055E1	8.424325712E0
1.000000000E0	1.545992403E1	8.424394419E0
1.040000000E0	1.545991965E1	8.422857452E0
1.080000000E0	1.545995998E1	8.421967931E0
1.120000000E0	1.545993759E1	8.421002003E0
1.160000000E0	1.545993348E1	8.420523969E0
1.200000000E0	1.545914616E1	8.425094895E0
1.240000000E0	1.545809991E1	8.431200186E0
1.280000000E0	1.545575033E1	8.500051719E0
1.320000000E0	1.544812976E1	8.573144807E0
1.360000000E0	1.547119742E1	8.668960289E0
1.400000000E0	1.548734495E1	8.752499015E0
1.440000000E0	1.562178393E1	8.868568853E0
1.480000000E0	1.589910657E1	9.036572832E0
1.520000000E0	1.636169768E1	9.270626597E0
1.560000000E0	1.702549830E1	9.587923865E0
1.600000000E0	1.786750559E1	1.005408101E1
1.640000000E0	1.880959082E1	1.052413870E1
1.680000000E0	1.981095365E1	1.112250903E1
1.720000000E0	2.079516580E1	1.177243402E1
1.760000000E0	2.177852380E1	1.241243657E1
1.800000000E0	2.264164937E1	1.307939623E1
1.840000000E0	2.354506031E1	1.369631301E1
1.880000000E0	2.444218139E1	1.430189351E1
1.920000000E0	2.532900995E1	1.491546749E1
1.960000000E0	2.625671981E1	1.552357116E1
2.000000000E0	2.728772326E1	1.615542811E1
2.040000000E0	2.833287712E1	1.675231634E1
2.080000000E0	2.926706526E1	1.725961513E1
2.120000000E0	3.010172783E1	1.769917858E1
2.160000000E0	3.076365715E1	1.803397779E1
2.200000000E0	3.121074459E1	1.824135375E1
2.240000000E0	3.149740310E1	1.833117552E1
2.280000000E0	3.167202193E1	1.846401639E1
2.320000000E0	3.181066057E1	1.861818975E1
2.360000000E0	3.181934376E1	1.863550083E1
2.400000000E0	3.167299235E1	1.861450106E1
2.440000000E0	3.134426613E1	1.833797782E1
2.480000000E0	3.080790070E1	1.801480762E1
2.520000000E0	2.995384273E1	1.747625761E1
2.560000000E0	2.892387694E1	1.684709061E1
2.600000000E0	2.772739949E1	1.617215705E1
2.640000000E0	2.624001380E1	1.540486002E1
2.680000000E0	2.465302786E1	1.468869977E1
2.720000000E0	2.296091902E1	1.391437548E1
2.760000000E0	2.124401933E1	1.323673371E1
2.800000000E0	1.962731842E1	1.254118545E1
2.840000000E0	1.814487263E1	1.186625171E1
2.880000000E0	1.679646877E1	1.128920283E1
2.920000000E0	1.572470908E1	1.088685921E1
2.960000000E0	1.500696082E1	1.053662282E1
3.000000000E0	1.457097214E1	1.031979681E1
3.040000000E0	1.438548269E1	1.021913799E1
3.080000000E0	1.435501218E1	1.006678414E1
3.120000000E0	1.440137679E1	9.912018420E0
3.160000000E0	1.446328817E1	9.736359944E0
3.200000000E0	1.451009561E1	9.620383741E0
3.240000000E0	1.455142748E1	9.498387132E0
3.280000000E0	1.457680428E1	9.463105486E0
3.320000000E0	1.456859800E1	9.465064741E0
3.360000000E0	1.456964586E1	9.467671575E0
3.400000000E0	1.458707358E1	9.470904835E0
3.440000000E0	1.471628368E1	9.570502052E0
3.480000000E0	1.493085325E1	9.725973790E0
3.520000000E0	1.524590477E1	9.961684174E0
3.560000000E0	1.583167593E1	1.022832671E1
3.600000000E0	1.666146182E1	1.062270697E1
3.640000000E0	1.770771002E1	1.110788749E1
3.680000000E0	1.881058867E1	1.158785428E1
3.720000000E0	1.997432116E1	1.218216029E1
3.760000000E0	2.106155779E1	1.277247775E1
3.800000000E0	2.206318724E1	1.338301609E1
3.840000000E0	2.309136719E1	1.399723091E1
3.880000000E0	2.410392243E1	1.461301450E1
3.920000000E0	2.506797458E1	1.517689788E1
3.960000000E0	2.609514362E1	1.577612178E1
4.000000000E0	2.712254745E1	1.635612131E1
4.040000000E0	2.809080007E1	1.682526922E1
4.080000000E0	2.898166571E1	1.724185604E1
4.120000000E0	2.980075401E1	1.760814255E1
4.160000000E0	3.049172453E1	1.793781212E1
4.200000000E0	3.105821932E1	1.818582220E1
4.240000000E0	3.152018197E1	1.847381014E1
4.280000000E0	3.181396636E1	1.859038253E1
4.320000000E0	3.194627584E1	1.863724940E1
4.360000000E0	3.183852696E1	1.859905647E1
4.400000000E0	3.152520000E1	1.849458365E1
4.440000000E0	3.098406869E1	1.814380520E1
4.480000000E0	3.013614755E1	1.769253161E1
4.520000000E0	2.899614386E1	1.708321036E1
4.560000000E0	2.760691873E1	1.643703126E1
4.600000000E0	2.608766621E1	1.561212105E1
4.640000000E0	2.432988162E1	1.466970439E1
4.680000000E0	2.252422189E1	1.385622553E1
4.720000000E0	2.086549574E1	1.319617858E1
4.760000000E0	1.921216421E1	1.262615198E1
4.800000000E0	1.772724275E1	1.214831057E1
4.840000000E0	1.646726059E1	1.170651210E1
4.880000000E0	1.550383300E1	1.123184718E1
4.920000000E0	1.484036160E1	1.086620574E1
4.960000000E0	1.452839913E1	1.056390292E1
5.000000000E0	1.445161070E1	1.033363020E1
5.040000000E0	1.446532072E1	1.014993500E1
5.080000000E0	1.455846845E1	1.003029597E1
5.120000000E0	1.458782661E1	9.800836182E0
5.160000000E0	1.467616169E1	9.760615125E0
5.200000000E0	1.471542380E1	9.757628637E0
5.240000000E0	1.475758809E1	9.753356417E0
5.280000000E0	1.481423800E1	9.784497689E0
5.320000000E0	1.491097488E1	9.785170930E0
5.360000000E0	1.505200807E1	9.873707260E0
5.400000000E0	1.529695117E1	1.003209661E1
5.440000000E0	1.563576781E1	1.013944728E1
5.480000000E0	1.620565302E1	1.036857201E1
5.520000000E0	1.694881278E1	1.066758708E1
5.560000000E0	1.774451242E1	1.098697110E1
5.600000000E0	1.869081379E1	1.144685548E1
5.640000000E0	1.965432993E1	1.186167992E1
5.680000000E0	2.057576210E1	1.234653322E1
5.720000000E0	2.159278886E1	1.291378472E1
5.760000000E0	2.259179323E1	1.351773688E1
5.800000000E0	2.358577388E1	1.408770516E1
5.840000000E0	2.460783987E1	1.469062070E1
5.880000000E0	2.566830254E1	1.532186956E1
5.920000000E0	2.670725716E1	1.593424761E1
5.960000000E0	2.779372811E1	1.653244114E1
6.000000000E0	2.884705986E1	1.709958679E1
6.040000000E0	2.976223142E1	1.757176827E1
6.080000000E0	3.056652348E1	1.800053455E1
6.120000000E0	3.117282107E1	1.826868277E1
6.160000000E0	3.144574394E1	1.835912883E1
6.200000000E0	3.150624045E1	1.842622372E1
6.240000000E0	3.123016731E1	1.831927678E1
6.280000000E0	3.072729834E1	1.811130074E1
6.320000000E0	2.988562150E1	1.770279494E1
6.360000000E0	2.887154133E1	1.726214266E1
6.400000000E0	2.772718481E1	1.676356201E1
6.440000000E0	2.634173759E1	1.610844617E1
6.480000000E0	2.487295774E1	1.528727514E1
6.520000000E0	2.322700235E1	1.437605294E1
6.560000000E0	2.172039057E1	1.366252102E1
6.600000000E0	2.038948408E1	1.304249608E1
6.640000000E0	1.907104551E1	1.253008719E1
6.680000000E0	1.800154909E1	1.218007603E1
6.720000000E0	1.711421570E1	1.190462723E1
6.760000000E0	1.651680716E1	1.183254499E1
6.800000000E0	1.609438343E1	1.168734143E1
6.840000000E0	1.582850882E1	1.156183751E1
6.880000000E0	1.564830484E1	1.137592000E1
6.920000000E0	1.548733248E1	1.113714005E1
6.960000000E0	1.544261840E1	1.099256564E1
7.000000000E0	1.539205235E1	1.085049824E1
7.040000000E0	1.539656876E1	1.080039739E1
7.080000000E0	1.533300109E1	1.071736147E1
7.120000000E0	1.531185469E1	1.067386551E1
7.160000000E0	1.530257154E1	1.065837574E1
7.200000000E0	1.520255306E1	1.054735463E1
7.240000000E0	1.516238326E1	1.051602624E1
7.280000000E0	1.516454117E1	1.049904805E1
7.320000000E0	1.516736763E1	1.048702602E1
7.360000000E0	1.518134951E1	1.048172831E1
7.400000000E0	1.520599949E1	1.049076534E1
7.440000000E0	1.530666292E1	1.051039225E1
7.480000000E0	1.545723519E1	1.052151095E1
7.520000000E0	1.563894957E1	1.055461434E1
7.560000000E0	1.589617833E1	1.066762517E1
7.600000000E0	1.607632332E1	1.073871749E1
7.640000000E0	1.636188074E1	1.082431515E1
7.680000000E0	1.672794289E1	1.093658167E1
7.720000000E0	1.717305321E1	1.113106694E1
7.760000000E0	1.784554741E1	1.145194517E1
7.800000000E0	1.872696425E1	1.187958907E1
7.840000000E0	1.980809434E1	1.241746276E1
7.880000000E0	2.098537356E1	1.305830457E1
7.920000000E0	2.219699710E1	1.368529646E1
7.960000000E0	2.339480212E1	1.431477182E1
8.000000000E0	2.461327158E1	1.499923148E1
8.040000000E0	2.577387459E1	1.568759197E1
8.080000000E0	2.693215085E1	1.631674990E1
8.120000000E0	2.797539102E1	1.694291438E1
8.160000000E0	2.898702359E1	1.750951099E1
8.200000000E0	2.989204932E1	1.801045941E1
8.240000000E0	3.066653485E1	1.832976134E1
8.280000000E0	3.126791122E1	1.862355919E1
8.320000000E0	3.177349077E1	1.893123756E1
8.360000000E0	3.219480832E1	1.922909508E1
8.400000000E0	3.237817896E1	1.935418284E1
8.440000000E0	3.227457756E1	1.934915551E1
8.480000000E0	3.193507959E1	1.920672879E1
8.520000000E0	3.133738026E1	1.878826789E1
8.560000000E0	3.046888015E1	1.831706895E1
8.600000000E0	2.931540299E1	1.768142885E1
8.640000000E0	2.802303054E1	1.708069649E1
8.680000000E0	2.657490483E1	1.635762654E1
8.720000000E0	2.504200314E1	1.572571118E1
8.760000000E0	2.351563121E1	1.513513259E1
8.800000000E0	2.193380576E1	1.441194850E1
8.840000000E0	2.037565303E1	1.377193180E1
8.880000000E0	1.901295838E1	1.318188286E1
8.920000000E0	1.783818873E1	1.260964715E1
8.960000000E0	1.682812955E1	1.209214609E1
9.000000000E0	1.606427827E1	1.173071179E1
9.040000000E0	1.548927500E1	1.145108238E1
9.080000000E0	1.514525872E1	1.130372153E1
9.120000000E0	1.499185863E1	1.116852177E1
9.160000000E0	1.489940166E1	1.100070051E1
9.200000000E0	1.488345914E1	1.085912953E1
9.240000000E0	1.496829922E1	1.080210517E1
9.280000000E0	1.499312190E1	1.069166117E1
9.320000000E0	1.501327295E1	1.062003190E1
9.360000000E0	1.498631808E1	1.055902240E1
9.400000000E0	1.499554142E1	1.052253615E1
9.440000000E0	1.500131513E1	1.051928209E1
9.480000000E0	1.500854812E1	1.052688833E1
9.520000000E0	1.512619877E1	1.063089563E1
9.560000000E0	1.521336722E1	1.067294323E1
9.600000000E0	1.537829428E1	1.077848869E1
9.640000000E0	1.558225566E1	1.093993001E1
9.680000000E0	1.589887621E1	1.110417896E1
9.720000000E0	1.634720639E1	1.128084608E1
9.760000000E0	1.707258304E1	1.154051281E1
9.800000000E0	1.801231278E1	1.185553066E1
9.840000000E0	1.906604078E1	1.223355577E1
9.880000000E0	2.029186185E1	1.273519349E1
9.920000000E0	2.155422542E1	1.337409856E1
9.960000000E0	2.284979959E1	1.397144171E1
1.000000000E1	2.410416499E1	1.464074774E1
1.004000000E1	2.536824370E1	1.526357961E1
1.008000000E1	2.655575956E1	1.595437092E1
1.012000000E1	2.777805683E1	1.663700510E1
1.016000000E1	2.896865221E1	1.727740772E1
1.020000000E1	3.010200382E1	1.788423070E1
1.024000000E1	3.116545461E1	1.843874884E1
1.028000000E1	3.198430694E1	1.880676775E1
1.032000000E1	3.254628520E1	1.906571207E1
1.036000000E1	3.271814471E1	1.928746003E1
1.040000000E1	3.256839624E1	1.919386098E1
1.044000000E1	3.211140108E1	1.897542155E1
1.048000000E1	3.141036173E1	1.862766980E1
1.052000000E1	3.046246260E1	1.816185131E1
1.056000000E1	2.927900844E1	1.771548138E1
1.060000000E1	2.801577724E1	1.723921105E1
1.064000000E1	2.668974384E1	1.669676563E1
1.068000000E1	2.528152469E1	1.606662822E1
1.072000000E1	2.376794370E1	1.547882280E1
1.076000000E1	2.222020596E1	1.484619399E1
1.080000000E1	2.073002478E1	1.425852825E1
1.084000000E1	1.936015151E1	1.369330206E1
1.088000000E1	1.821686019E1	1.320137914E1
1.092000000E1	1.726371977E1	1.283380530E1
1.096000000E1	1.656168563E1	1.248012272E1
1.100000000E1	1.603325493E1	1.223649038E1
1.104000000E1	1.566510917E1	1.195941446E1
1.108000000E1	1.535402399E1	1.174685864E1
1.112000000E1	1.519392828E1	1.156803019E1
1.116000000E1	1.513433279E1	1.143005383E1
1.120000000E1	1.514405566E1	1.127616534E1
1.124000000E1	1.514823853E1	1.111912870E1
1.128000000E1	1.515215340E1	1.098160805E1
1.132000000E1	1.514862388E1	1.086093726E1
1.136000000E1	1.516043255E1	1.079906493E1
1.140000000E1	1.514898708E1	1.068646196E1
1.144000000E1	1.516223456E1	1.065044701E1
1.148000000E1	1.515487424E1	1.056644594E1
1.152000000E1	1.516864796E1	1.052621714E1
1.156000000E1	1.519122844E1	1.052064047E1
1.160000000E1	1.525313305E1	1.058976474E1
1.164000000E1	1.537695453E1	1.062724582E1
1.168000000E1	1.558685238E1	1.081139303E1
1.172000000E1	1.579159899E1	1.095548761E1
1.176000000E1	1.606372355E1	1.112027464E1
1.180000000E1	1.637404945E1	1.126499873E1
1.184000000E1	1.679982174E1	1.143931780E1
1.188000000E1	1.740101601E1	1.171589246E1
1.192000000E1	1.816748285E1	1.203817850E1
1.196000000E1	1.916805661E1	1.254126649E1
1.200000000E1	2.033170199E1	1.304407170E1
1.204000000E1	2.157948676E1	1.369011550E1
1.208000000E1	2.283508176E1	1.428655764E1
1.212000000E1	2.415233757E1	1.496503623E1
1.216000000E1	2.536894997E1	1.561678911E1
1.220000000E1	2.655459584E1	1.623884573E1
1.224000000E1	2.778348409E1	1.684540207E1
1.228000000E1	2.891860134E1	1.742722664E1
1.232000000E1	2.996383179E1	1.799737113E1
1.236000000E1	3.076828963E1	1.849271511E1
1.240000000E1	3.136433362E1	1.883287640E1
1.244000000E1	3.171499619E1	1.911102390E1
1.248000000E1	3.181494516E1	1.931652012E1
1.252000000E1	3.164296762E1	1.933181807E1
1.256000000E1	3.124462991E1	1.909931613E1
1.260000000E1	3.071811299E1	1.878742360E1
1.264000000E1	2.998298487E1	1.845961522E1
1.268000000E1	2.909622183E1	1.798679861E1
1.272000000E1	2.808716775E1	1.758366228E1
1.276000000E1	2.698056303E1	1.714764245E1
1.280000000E1	2.574215170E1	1.669144729E1
1.284000000E1	2.451149533E1	1.621426115E1
1.288000000E1	2.315663697E1	1.564010179E1
1.292000000E1	2.190897641E1	1.516909117E1
1.296000000E1	2.069520056E1	1.470419741E1
1.300000000E1	1.953609269E1	1.422795653E1
1.304000000E1	1.847511747E1	1.380986502E1
1.308000000E1	1.756284597E1	1.337023744E1
1.312000000E1	1.680631251E1	1.294513705E1
1.316000000E1	1.621001163E1	1.258898295E1
1.320000000E1	1.574901084E1	1.226914698E1
1.324000000E1	1.531041711E1	1.191224430E1
1.328000000E1	1.501464222E1	1.159466240E1
1.332000000E1	1.485903716E1	1.140701618E1
1.336000000E1	1.473467047E1	1.126313546E1
1.340000000E1	1.471208055E1	1.120283487E1
1.344000000E1	1.469872559E1	1.115453719E1
1.348000000E1	1.471782237E1	1.110697277E1
1.352000000E1	1.480551825E1	1.109844179E1
1.356000000E1	1.486681199E1	1.105847582E1
1.360000000E1	1.489753692E1	1.104576212E1
1.364000000E1	1.495010762E1	1.109313290E1
1.368000000E1	1.500982814E1	1.111238404E1
1.372000000E1	1.505710010E1	1.112760080E1
1.376000000E1	1.517273487E1	1.125638769E1
1.380000000E1	1.531906257E1	1.137603467E1
1.384000000E1	1.546132904E1	1.146010826E1
1.388000000E1	1.572096946E1	1.158743057E1
1.392000000E1	1.605238780E1	1.172465662E1
1.396000000E1	1.641350778E1	1.187089771E1
1.400000000E1	1.694400546E1	1.215843775E1
1.404000000E1	1.755738678E1	1.245605942E1
1.408000000E1	1.831073977E1	1.276923275E1
1.412000000E1	1.924499989E1	1.318705876E1
1.416000000E1	2.031918864E1	1.366831860E1
1.420000000E1	2.147594064E1	1.425119124E1
1.424000000E1	2.264921051E1	1.483199207E1
1.428000000E1	2.383631408E1	1.544226343E1
1.432000000E1	2.497415265E1	1.600668368E1
1.436000000E1	2.608507130E1	1.662194272E1
1.440000000E1	2.719677531E1	1.716104221E1
1.444000000E1	2.834971727E1	1.768267315E1
1.448000000E1	2.943059858E1	1.815671277E1
1.452000000E1	3.044316248E1	1.863911354E1
1.456000000E1	3.120276934E1	1.893300552E1
1.460000000E1	3.163404158E1	1.920362239E1
1.464000000E1	3.165748014E1	1.923789285E1
1.468000000E1	3.147949225E1	1.922392334E1
1.472000000E1	3.104843051E1	1.899780372E1
1.476000000E1	3.045487351E1	1.891152449E1
1.480000000E1	2.970631346E1	1.864965669E1
1.484000000E1	2.890874957E1	1.833670360E1
1.488000000E1	2.802819037E1	1.800436729E1
1.492000000E1	2.694020417E1	1.746100804E1
1.496000000E1	2.569350070E1	1.679641729E1
1.500000000E1	2.420320928E1	1.610086336E1
1.504000000E1	2.281205722E1	1.547571885E1
1.508000000E1	2.144563833E1	1.483335997E1
1.512000000E1	2.008646956E1	1.422286522E1
1.516000000E1	1.876215199E1	1.366774291E1
1.520000000E1	1.753317508E1	1.321111679E1
1.524000000E1	1.646400618E1	1.284362719E1
1.528000000E1	1.561904767E1	1.249404584E1
1.532000000E1	1.499246517E1	1.222726976E1
1.536000000E1	1.458540532E1	1.200387255E1
1.540000000E1	1.437536246E1	1.188284772E1
1.544000000E1	1.428824251E1	1.172113130E1
1.548000000E1	1.427627559E1	1.160317659E1
1.552000000E1	1.438837279E1	1.152894500E1
1.556000000E1	1.442887120E1	1.139279530E1
1.560000000E1	1.446793835E1	1.125989688E1
1.564000000E1	1.448170179E1	1.112112662E1
1.568000000E1	1.451683270E1	1.110418552E1
1.572000000E1	1.453969938E1	1.103820874E1
1.576000000E1	1.456777825E1	1.098301821E1
1.580000000E1	1.458819985E1	1.097110691E1
1.584000000E1	1.463076855E1	1.097737757E1
1.588000000E1	1.477732368E1	1.105484687E1
1.592000000E1	1.500416776E1	1.120864534E1
1.596000000E1	1.537333218E1	1.135348267E1
1.600000000E1	1.589374968E1	1.158036517E1
1.604000000E1	1.653271297E1	1.176770495E1
1.608000000E1	1.727745591E1	1.202277574E1
1.612000000E1	1.813085089E1	1.234040272E1
1.616000000E1	1.903569250E1	1.274313064E1
1.620000000E1	1.999350766E1	1.320453841E1
1.624000000E1	2.107595755E1	1.376345359E1
1.628000000E1	2.217076100E1	1.437927716E1
1.632000000E1	2.313033625E1	1.488459121E1
1.636000000E1	2.416243421E1	1.541326433E1
1.640000000E1	2.508369299E1	1.590951570E1
1.644000000E1	2.600006796E1	1.639580737E1
1.648000000E1	2.700435454E1	1.694485670E1
1.652000000E1	2.797373275E1	1.742110777E1
1.656000000E1	2.888217143E1	1.781336293E1
1.660000000E1	2.968321100E1	1.820699072E1
1.664000000E1	3.043272697E1	1.858334480E1
1.668000000E1	3.095300857E1	1.882622127E1
1.672000000E1	3.135303964E1	1.902295361E1
1.676000000E1	3.149098894E1	1.921937238E1
1.680000000E1	3.132855351E1	1.913816649E1
1.684000000E1	3.090976125E1	1.892433665E1
1.688000000E1	3.027987713E1	1.864175725E1
1.692000000E1	2.946798775E1	1.829738924E1
1.696000000E1	2.851471625E1	1.796667494E1
1.700000000E1	2.736934940E1	1.751918989E1
1.704000000E1	2.612804186E1	1.710744635E1
1.708000000E1	2.482674951E1	1.661571447E1
1.712000000E1	2.345204591E1	1.617241590E1
1.716000000E1	2.213186684E1	1.573259979E1
1.720000000E1	2.082966585E1	1.526655009E1
1.724000000E1	1.962975839E1	1.473291374E1
1.728000000E1	1.860473744E1	1.421384673E1
1.732000000E1	1.754417033E1	1.371242396E1
1.736000000E1	1.666280752E1	1.331266046E1
1.740000000E1	1.591382990E1	1.302003030E1
1.744000000E1	1.530496648E1	1.272077542E1
1.748000000E1	1.485091626E1	1.243073106E1
1.752000000E1	1.455033652E1	1.216391363E1
1.756000000E1	1.439172088E1	1.194057257E1
1.760000000E1	1.440379371E1	1.180250520E1
1.764000000E1	1.440561239E1	1.169827258E1
1.768000000E1	1.440560180E1	1.161027528E1
1.772000000E1	1.442679364E1	1.157320683E1
1.776000000E1	1.454509813E1	1.165034048E1
1.780000000E1	1.457129434E1	1.170913304E1
1.784000000E1	1.461045001E1	1.171527430E1
1.788000000E1	1.468912902E1	1.173777570E1
1.792000000E1	1.474053295E1	1.173250988E1
1.796000000E1	1.487710657E1	1.182415790E1
1.800000000E1	1.513524111E1	1.197344858E1
1.804000000E1	1.545015683E1	1.205677906E1
1.808000000E1	1.590683117E1	1.217388642E1
1.812000000E1	1.647487267E1	1.230279205E1
1.816000000E1	1.705812073E1	1.246037225E1
1.820000000E1	1.761110960E1	1.259220038E1
1.824000000E1	1.827868076E1	1.287636991E1
1.828000000E1	1.906923316E1	1.321505132E1
1.832000000E1	1.999255008E1	1.364977800E1
1.836000000E1	2.098058954E1	1.412751157E1
1.840000000E1	2.201583559E1	1.464268677E1
1.844000000E1	2.309881362E1	1.512508611E1
1.848000000E1	2.413485585E1	1.562215967E1
1.852000000E1	2.508579373E1	1.610456209E1
1.856000000E1	2.605294234E1	1.664304345E1
1.860000000E1	2.701752776E1	1.712617197E1
1.864000000E1	2.791811977E1	1.755550973E1
1.868000000E1	2.882477742E1	1.799530459E1
1.872000000E1	2.961390096E1	1.836347851E1
1.876000000E1	3.028371492E1	1.866327349E1
1.880000000E1	3.072672116E1	1.892450561E1
1.884000000E1	3.088537669E1	1.902714428E1
1.888000000E1	3.081595580E1	1.906068248E1
1.892000000E1	3.060285074E1	1.907988709E1
1.896000000E1	3.020212162E1	1.902785771E1
1.900000000E1	2.965727541E1	1.891718854E1
1.904000000E1	2.890300457E1	1.860461611E1
1.908000000E1	2.792061794E1	1.811864551E1
1.912000000E1	2.675183065E1	1.760996474E1
1.916000000E1	2.547905681E1	1.707256098E1
1.920000000E1	2.405374210E1	1.646370131E1
1.924000000E1	2.253792428E1	1.591730845E1
1.928000000E1	2.110762211E1	1.546174102E1
1.932000000E1	1.975407006E1	1.497372814E1
1.936000000E1	1.846285851E1	1.445475590E1
1.940000000E1	1.728646607E1	1.398688567E1
1.944000000E1	1.628480581E1	1.353265120E1
1.948000000E1	1.549079225E1	1.317551788E1
1.952000000E1	1.490017945E1	1.288714841E1
1.956000000E1	1.454114973E1	1.262418014E1
1.960000000E1	1.436035445E1	1.242581539E1
1.964000000E1	1.433815419E1	1.232303780E1
1.968000000E1	1.440400970E1	1.220699207E1
1.972000000E1	1.454510519E1	1.213391919E1
1.976000000E1	1.468893260E1	1.203295905E1
1.980000000E1	1.483071279E1	1.191389332E1
1.984000000E1	1.498328788E1	1.175018158E1
1.988000000E1	1.503156650E1	1.159612047E1
1.992000000E1	1.514444224E1	1.156707733E1
1.996000000E1	1.516810541E1	1.154113873E1
2.000000000E1	1.516206512E1	1.154138245E1
2.004000000E1	1.514092737E1	1.156073746E1
2.008000000E1	1.515029139E1	1.156477918E1
2.012000000E1	1.516400727E1	1.156531373E1
2.016000000E1	1.530201830E1	1.159388886E1
2.020000000E1	1.552188124E1	1.169338948E1
2.024000000E1	1.587661358E1	1.187137169E1
2.028000000E1	1.640773373E1	1.204690940E1
2.032000000E1	1.719060440E1	1.238601000E1
2.036000000E1	1.816312494E1	1.277347909E1
2.040000000E1	1.921083331E1	1.322546810E1
2.044000000E1	2.028116589E1	1.378467712E1
2.048000000E1	2.131652241E1	1.434090961E1
2.052000000E1	2.239930075E1	1.485490616E1
2.056000000E1	2.341076671E1	1.535774613E1
2.060000000E1	2.446293381E1	1.588094245E1
2.064000000E1	2.538656791E1	1.638921877E1
2.068000000E1	2.633590727E1	1.687720458E1
2.072000000E1	2.735115832E1	1.741398461E1
2.076000000E1	2.833761578E1	1.800705597E1
2.080000000E1	2.924761921E1	1.848277858E1
2.084000000E1	3.014581913E1	1.894017568E1
2.088000000E1	3.087253425E1	1.924532377E1
2.092000000E1	3.145340827E1	1.952011846E1
2.096000000E1	3.167447730E1	1.954657778E1
2.100000000E1	3.159536088E1	1.949607396E1
2.104000000E1	3.122324975E1	1.925387470E1
2.108000000E1	3.062587228E1	1.897110844E1
2.112000000E1	2.986343483E1	1.861610831E1
2.116000000E1	2.898295397E1	1.827400509E1
2.120000000E1	2.797522905E1	1.779669011E1
2.124000000E1	2.686757419E1	1.740378433E1
2.128000000E1	2.576582563E1	1.698981961E1
2.132000000E1	2.460875242E1	1.646908730E1
2.136000000E1	2.337249402E1	1.592887530E1
2.140000000E1	2.206656182E1	1.533193704E1
2.144000000E1	2.077610048E1	1.483944195E1
2.148000000E1	1.950676458E1	1.439366750E1
2.152000000E1	1.830424483E1	1.398558577E1
2.156000000E1	1.726639839E1	1.366311820E1
2.160000000E1	1.636450907E1	1.336074465E1
2.164000000E1	1.563518142E1	1.306834961E1
2.168000000E1	1.511833382E1	1.281736802E1
2.172000000E1	1.482393524E1	1.258823104E1
2.176000000E1	1.457939719E1	1.237870186E1
2.180000000E1	1.450355757E1	1.221356262E1
2.184000000E1	1.449574271E1	1.206664876E1
2.188000000E1	1.454513190E1	1.192586601E1
2.192000000E1	1.468345063E1	1.184876226E1
2.196000000E1	1.481824839E1	1.174114595E1
2.200000000E1	1.498672912E1	1.168779711E1
2.204000000E1	1.506991425E1	1.159345076E1
2.208000000E1	1.506577230E1	1.155322976E1
2.212000000E1	1.501414759E1	1.156412950E1
2.216000000E1	1.499048027E1	1.157167364E1
2.220000000E1	1.496222427E1	1.158523379E1
2.224000000E1	1.498100789E1	1.161087769E1
2.228000000E1	1.511027909E1	1.170000055E1
2.232000000E1	1.527153962E1	1.183703162E1
2.236000000E1	1.548802272E1	1.195103246E1
2.240000000E1	1.575325129E1	1.214726881E1
2.244000000E1	1.620494512E1	1.232269036E1
2.248000000E1	1.683312042E1	1.260235126E1
2.252000000E1	1.770015021E1	1.292129772E1
2.256000000E1	1.875033869E1	1.331091076E1
2.260000000E1	1.981611558E1	1.376840113E1
2.264000000E1	2.089038015E1	1.422657249E1
2.268000000E1	2.192014777E1	1.472262920E1
2.272000000E1	2.296396768E1	1.519923631E1
2.276000000E1	2.390821026E1	1.565482301E1
2.280000000E1	2.480820884E1	1.608774976E1
2.284000000E1	2.569528927E1	1.649050734E1
2.288000000E1	2.655467707E1	1.687754966E1
2.292000000E1	2.745962960E1	1.726982301E1
2.296000000E1	2.835416634E1	1.761857551E1
2.300000000E1	2.926570386E1	1.799595093E1
2.304000000E1	3.004965559E1	1.836435249E1
2.308000000E1	3.069582174E1	1.865824895E1
2.312000000E1	3.121700083E1	1.893100019E1
2.316000000E1	3.152248111E1	1.906723420E1
2.320000000E1	3.167149620E1	1.918867145E1
2.324000000E1	3.155017518E1	1.908235849E1
2.328000000E1	3.119357538E1	1.886528018E1
2.332000000E1	3.046577899E1	1.846362821E1
2.336000000E1	2.955323551E1	1.801990632E1
2.340000000E1	2.838243096E1	1.744831451E1
2.344000000E1	2.709428379E1	1.685962826E1
2.348000000E1	2.565641936E1	1.621274667E1
2.352000000E1	2.408337820E1	1.562995277E1
2.356000000E1	2.256062988E1	1.514926454E1
2.360000000E1	2.109214306E1	1.472003106E1
2.364000000E1	1.980589060E1	1.437203762E1
2.368000000E1	1.847305168E1	1.402152007E1
2.372000000E1	1.732563973E1	1.365904136E1
2.376000000E1	1.633528936E1	1.335931245E1
2.380000000E1	1.560248513E1	1.303957155E1
2.384000000E1	1.504933319E1	1.276906457E1
2.388000000E1	1.473487756E1	1.258718684E1
2.392000000E1	1.458997018E1	1.245056676E1
2.396000000E1	1.459722335E1	1.229441738E1
2.400000000E1	1.470463779E1	1.218100772E1
2.404000000E1	1.483137707E1	1.207370860E1
2.408000000E1	1.487166852E1	1.190597884E1
2.412000000E1	1.486000682E1	1.184566643E1
2.416000000E1	1.483057035E1	1.182436014E1
2.420000000E1	1.473431681E1	1.175384308E1
2.424000000E1	1.471742422E1	1.173842593E1
2.428000000E1	1.471414938E1	1.172889772E1
2.432000000E1	1.471230185E1	1.172451902E1
2.436000000E1	1.471650331E1	1.173095483E1
2.440000000E1	1.472157458E1	1.173949497E1
2.444000000E1	1.473562329E1	1.176893415E1
2.448000000E1	1.483396413E1	1.187811487E1
2.452000000E1	1.487144909E1	1.192699706E1
2.456000000E1	1.501873906E1	1.200984268E1
2.460000000E1	1.516030350E1	1.208875423E1
2.464000000E1	1.542084742E1	1.218168073E1
2.468000000E1	1.579958057E1	1.231835778E1
2.472000000E1	1.650141919E1	1.261238222E1
2.476000000E1	1.740361160E1	1.292445136E1
2.480000000E1	1.845647603E1	1.328652717E1
2.484000000E1	1.962686284E1	1.367491935E1
2.488000000E1	2.072936691E1	1.406513948E1
2.492000000E1	2.176149751E1	1.448642903E1
2.496000000E1	2.277683142E1	1.492624967E1
2.500000000E1	2.371843915E1	1.533276673E1
2.504000000E1	2.465639352E1	1.575485491E1
2.508000000E1	2.564479079E1	1.621870969E1
2.512000000E1	2.670802145E1	1.667996517E1
2.516000000E1	2.777868510E1	1.715386017E1
2.520000000E1	2.889938862E1	1.770123905E1
2.524000000E1	2.996844611E1	1.816475383E1
2.528000000E1	3.080662968E1	1.846894059E1
2.532000000E1	3.139246201E1	1.876251637E1
2.536000000E1	3.180421984E1	1.894157526E1
2.540000000E1	3.196847972E1	1.902430201E1
2.544000000E1	3.180876850E1	1.895497404E1
2.548000000E1	3.136975626E1	1.876251310E1
2.552000000E1	3.062889464E1	1.840996591E1
2.556000000E1	2.969785097E1	1.798565548E1
2.560000000E1	2.851663386E1	1.741062193E1
2.564000000E1	2.704888117E1	1.681811658E1
2.568000000E1	2.542488031E1	1.617664295E1
2.572000000E1	2.359004966E1	1.551308764E1
2.576000000E1	2.193559566E1	1.494996525E1
2.580000000E1	2.027957642E1	1.442091846E1
2.584000000E1	1.882379013E1	1.393781933E1
2.588000000E1	1.754091695E1	1.364368294E1
2.592000000E1	1.651016138E1	1.335305072E1
2.596000000E1	1.570325736E1	1.308028227E1
2.600000000E1	1.513002407E1	1.281631919E1
2.604000000E1	1.481391310E1	1.262784185E1
2.608000000E1	1.466883083E1	1.245553672E1
2.612000000E1	1.461003318E1	1.220527448E1
2.616000000E1	1.464326079E1	1.204393718E1
2.620000000E1	1.471334986E1	1.186199207E1
2.624000000E1	1.472704580E1	1.174416106E1
2.628000000E1	1.472236378E1	1.169798557E1
2.632000000E1	1.470637917E1	1.167749667E1
2.636000000E1	1.468386099E1	1.167998870E1
2.640000000E1	1.466178982E1	1.169014011E1
2.644000000E1	1.468959631E1	1.170480332E1
2.648000000E1	1.470774507E1	1.171878045E1
2.652000000E1	1.474061716E1	1.173418930E1
2.656000000E1	1.488899122E1	1.185144254E1
2.660000000E1	1.515795835E1	1.200741823E1
2.664000000E1	1.561037282E1	1.216187841E1
2.668000000E1	1.626313327E1	1.231372371E1
2.672000000E1	1.710681026E1	1.255894662E1
2.676000000E1	1.815481209E1	1.286535526E1
2.680000000E1	1.935168086E1	1.323268546E1
2.684000000E1	2.058494588E1	1.366037523E1
2.688000000E1	2.188539206E1	1.421364250E1
2.692000000E1	2.312683701E1	1.474668445E1
2.696000000E1	2.431828324E1	1.531968877E1
2.700000000E1	2.548817272E1	1.591897552E1
2.704000000E1	2.667152654E1	1.653002578E1
2.708000000E1	2.778249525E1	1.709328607E1
2.712000000E1	2.887778719E1	1.756330599E1
2.716000000E1	2.995225623E1	1.802758427E1
2.720000000E1	3.094095901E1	1.834746978E1
2.724000000E1	3.169299885E1	1.862343609E1
2.728000000E1	3.214510387E1	1.892791030E1
2.732000000E1	3.226111448E1	1.895876564E1
2.736000000E1	3.211908703E1	1.893354398E1
2.740000000E1	3.168609689E1	1.872170777E1
2.744000000E1	3.093045406E1	1.834369984E1
2.748000000E1	2.997083920E1	1.788185821E1
2.752000000E1	2.878739463E1	1.729581856E1
2.756000000E1	2.744084896E1	1.669771112E1
2.760000000E1	2.598002710E1	1.610689595E1
2.764000000E1	2.442593012E1	1.548727408E1
2.768000000E1	2.293817296E1	1.500779842E1
2.772000000E1	2.150809850E1	1.454724495E1
2.776000000E1	2.013288166E1	1.410417272E1
2.780000000E1	1.879893534E1	1.368954141E1
2.784000000E1	1.758139524E1	1.334175851E1
2.788000000E1	1.651748378E1	1.301406560E1
2.792000000E1	1.563427986E1	1.270301542E1
2.796000000E1	1.498534875E1	1.245086643E1
2.800000000E1	1.455963055E1	1.219009866E1
2.804000000E1	1.440423017E1	1.200721368E1
2.808000000E1	1.439631938E1	1.184829675E1
2.812000000E1	1.442409738E1	1.159563865E1
2.816000000E1	1.452308358E1	1.146463183E1
2.820000000E1	1.457324308E1	1.129924363E1
2.824000000E1	1.456959255E1	1.118277893E1
2.828000000E1	1.454974839E1	1.111199951E1
2.832000000E1	1.452370991E1	1.108327246E1
2.836000000E1	1.453141598E1	1.107868875E1
2.840000000E1	1.454846491E1	1.110939067E1
2.844000000E1	1.456409711E1	1.111839934E1
2.848000000E1	1.459549793E1	1.112657311E1
2.852000000E1	1.470348481E1	1.123147673E1
2.856000000E1	1.483783151E1	1.138821447E1
2.860000000E1	1.500926384E1	1.149405563E1
2.864000000E1	1.527798059E1	1.168550763E1
2.868000000E1	1.560221665E1	1.185992030E1
2.872000000E1	1.604590720E1	1.203365265E1
2.876000000E1	1.666465227E1	1.231350693E1
2.880000000E1	1.756077237E1	1.272296235E1
2.884000000E1	1.858543379E1	1.321295791E1
2.888000000E1	1.965495150E1	1.368792798E1
2.892000000E1	2.086528464E1	1.424368944E1
2.896000000E1	2.206700903E1	1.476322669E1
2.900000000E1	2.331213543E1	1.528658720E1
2.904000000E1	2.454142371E1	1.589938440E1
2.908000000E1	2.582166806E1	1.648172786E1
2.912000000E1	2.702172910E1	1.708658514E1
2.916000000E1	2.823397290E1	1.768829165E1
2.920000000E1	2.939580843E1	1.821932609E1
2.924000000E1	3.047529980E1	1.863426362E1
2.928000000E1	3.136259228E1	1.904969794E1
2.932000000E1	3.194381880E1	1.931141995E1
2.936000000E1	3.208680491E1	1.938675474E1
2.940000000E1	3.182838935E1	1.928968113E1
2.944000000E1	3.130655164E1	1.907842172E1
2.948000000E1	3.045712492E1	1.870955313E1
2.952000000E1	2.941176899E1	1.828498911E1
2.956000000E1	2.817324715E1	1.776881663E1
2.960000000E1	2.673592016E1	1.708041466E1
2.964000000E1	2.518889741E1	1.651495615E1
2.968000000E1	2.367559101E1	1.593295814E1
2.972000000E1	2.215964596E1	1.536226369E1
2.976000000E1	2.072060412E1	1.484294176E1
2.980000000E1	1.940508986E1	1.443216923E1
2.984000000E1	1.829545253E1	1.403095337E1
2.988000000E1	1.727889438E1	1.354523317E1
2.992000000E1	1.641910154E1	1.315762150E1
2.996000000E1	1.561564490E1	1.278513492E1
3.000000000E1	1.496220016E1	1.246215356E1
3.004000000E1	1.446480812E1	1.214715892E1
3.008000000E1	1.411945533E1	1.196164649E1
3.012000000E1	1.395013121E1	1.185490173E1
3.016000000E1	1.384273734E1	1.171737853E1
3.020000000E1	1.384530952E1	1.158169848E1
3.024000000E1	1.392563544E1	1.149090767E1
3.028000000E1	1.404008369E1	1.141317011E1
3.032000000E1	1.412240113E1	1.133248941E1
3.036000000E1	1.412822190E1	1.126213303E1
3.040000000E1	1.411877251E1	1.122846133E1
3.044000000E1	1.410945088E1	1.121598093E1
3.048000000E1	1.410569561E1	1.112688766E1
3.052000000E1	1.412667822E1	1.109359539E1
3.056000000E1	1.422555798E1	1.112633244E1
3.060000000E1	1.426780938E1	1.114667363E1
3.064000000E1	1.439141357E1	1.126871240E1
3.068000000E1	1.453450030E1	1.138970909E1
3.072000000E1	1.470374141E1	1.147007474E1
3.076000000E1	1.500119985E1	1.157247826E1
3.080000000E1	1.532672754E1	1.168716214E1
3.084000000E1	1.574002260E1	1.181129841E1
3.088000000E1	1.620198796E1	1.201850786E1
3.092000000E1	1.681718225E1	1.231329016E1
3.096000000E1	1.763441135E1	1.269601490E1
3.100000000E1	1.862332863E1	1.329689745E1
3.104000000E1	1.977937931E1	1.397998706E1
3.108000000E1	2.100185150E1	1.468658562E1
3.112000000E1	2.217074821E1	1.536725868E1
3.116000000E1	2.335984559E1	1.596386051E1
3.120000000E1	2.451177335E1	1.651203370E1
3.124000000E1	2.556363973E1	1.699088266E1
3.128000000E1	2.661231108E1	1.744378905E1
3.132000000E1	2.769610080E1	1.789266375E1
3.136000000E1	2.880961353E1	1.825046153E1
3.140000000E1	2.980035850E1	1.862055927E1
3.144000000E1	3.073162033E1	1.889428368E1
3.148000000E1	3.136249183E1	1.916367407E1
3.152000000E1	3.165076840E1	1.924197224E1
3.156000000E1	3.164781453E1	1.926684041E1
3.160000000E1	3.138255035E1	1.921379905E1
3.164000000E1	3.092520623E1	1.900381017E1
3.168000000E1	3.016991138E1	1.863932037E1
3.172000000E1	2.927666154E1	1.819959233E1
3.176000000E1	2.817174121E1	1.763862607E1
3.180000000E1	2.697159354E1	1.704333422E1
3.184000000E1	2.565059197E1	1.637975092E1
3.188000000E1	2.421721041E1	1.579819922E1
3.192000000E1	2.276580526E1	1.536805280E1
3.196000000E1	2.138106267E1	1.498428294E1
3.200000000E1	1.997464696E1	1.466555804E1
3.204000000E1	1.868096103E1	1.439593497E1
3.208000000E1	1.752654743E1	1.412101599E1
3.212000000E1	1.653274052E1	1.379799155E1
3.216000000E1	1.563467065E1	1.340007295E1
3.220000000E1	1.487611341E1	1.304519625E1
3.224000000E1	1.422715605E1	1.273266178E1
3.228000000E1	1.371559432E1	1.243963807E1
3.232000000E1	1.341899941E1	1.225131941E1
3.236000000E1	1.329288907E1	1.214449108E1
3.240000000E1	1.328322135E1	1.198441603E1
3.244000000E1	1.333736013E1	1.184360341E1
3.248000000E1	1.341411702E1	1.160352122E1
3.252000000E1	1.352027161E1	1.142145051E1
3.256000000E1	1.356022149E1	1.126844140E1
3.260000000E1	1.352433855E1	1.117622465E1
3.264000000E1	1.351152633E1	1.110827366E1
3.268000000E1	1.350525549E1	1.107339865E1
3.272000000E1	1.350145301E1	1.105750962E1
3.276000000E1	1.352345383E1	1.108541464E1
3.280000000E1	1.362527998E1	1.112551237E1
3.284000000E1	1.377398687E1	1.115295589E1
3.288000000E1	1.396274602E1	1.123476540E1
3.292000000E1	1.425561800E1	1.132221692E1
3.296000000E1	1.467840180E1	1.148675926E1
3.300000000E1	1.527169793E1	1.172167074E1
3.304000000E1	1.596539194E1	1.202054993E1
3.308000000E1	1.691579207E1	1.247327335E1
3.312000000E1	1.801626920E1	1.295851178E1
3.316000000E1	1.921005615E1	1.352249503E1
3.320000000E1	2.040532591E1	1.412441881E1
3.324000000E1	2.157894104E1	1.476634335E1
3.328000000E1	2.277243523E1	1.538478088E1
3.332000000E1	2.398763235E1	1.601768052E1
3.336000000E1	2.518642889E1	1.666706034E1
3.340000000E1	2.628452694E1	1.722985864E1
3.344000000E1	2.734501435E1	1.774064655E1
3.348000000E1	2.845085327E1	1.821604052E1
3.352000000E1	2.946972464E1	1.859254000E1
3.356000000E1	3.031487608E1	1.892702345E1
3.360000000E1	3.102417432E1	1.920967724E1
3.364000000E1	3.150303374E1	1.935403853E1
3.368000000E1	3.166463983E1	1.937799398E1
3.372000000E1	3.152385417E1	1.929205761E1
3.376000000E1	3.117229655E1	1.913911348E1
3.380000000E1	3.059072907E1	1.879982726E1
3.384000000E1	2.981646819E1	1.845459477E1
3.388000000E1	2.881486284E1	1.790943618E1
3.392000000E1	2.767010831E1	1.728788399E1
3.396000000E1	2.642557000E1	1.663441386E1
3.400000000E1	2.509282164E1	1.593515397E1
3.404000000E1	2.375218158E1	1.528173213E1
3.408000000E1	2.234972264E1	1.452873486E1
3.412000000E1	2.087163376E1	1.381007209E1
3.416000000E1	1.948800346E1	1.321538862E1
3.420000000E1	1.824297002E1	1.274635827E1
3.424000000E1	1.720255969E1	1.245004147E1
3.428000000E1	1.633820475E1	1.225667610E1
3.432000000E1	1.551453751E1	1.205178050E1
3.436000000E1	1.482784897E1	1.187776758E1
3.440000000E1	1.426401836E1	1.169062738E1
3.444000000E1	1.383308687E1	1.147517384E1
3.448000000E1	1.354632004E1	1.128274870E1
3.452000000E1	1.337388519E1	1.112581141E1
3.456000000E1	1.335104929E1	1.107012064E1
3.460000000E1	1.337641343E1	1.097954248E1
3.464000000E1	1.349055576E1	1.095286522E1
3.468000000E1	1.353016204E1	1.092100163E1
3.472000000E1	1.362006237E1	1.094580394E1
3.476000000E1	1.366296053E1	1.096297085E1
3.480000000E1	1.368847513E1	1.096614064E1
3.484000000E1	1.370263459E1	1.098769545E1
3.488000000E1	1.378130315E1	1.109992151E1
3.492000000E1	1.383073100E1	1.113752735E1
3.496000000E1	1.397644127E1	1.126581888E1
3.500000000E1	1.425318362E1	1.143010262E1
3.504000000E1	1.469400673E1	1.162698251E1
3.508000000E1	1.529878921E1	1.186173591E1
3.512000000E1	1.602513752E1	1.216095535E1
3.516000000E1	1.682423157E1	1.246783940E1
3.520000000E1	1.784419008E1	1.294678046E1
3.524000000E1	1.903144671E1	1.351521105E1
3.528000000E1	2.024979736E1	1.413213277E1
3.532000000E1	2.146112082E1	1.476150343E1
3.536000000E1	2.276349102E1	1.545236835E1
3.540000000E1	2.395673023E1	1.606733973E1
3.544000000E1	2.508382292E1	1.662151231E1
3.548000000E1	2.618164716E1	1.713728592E1
3.552000000E1	2.717894312E1	1.759082575E1
3.556000000E1	2.821145196E1	1.801471872E1
3.560000000E1	2.923941067E1	1.837285246E1
3.564000000E1	3.029825924E1	1.871264667E1
3.568000000E1	3.124394648E1	1.900897423E1
3.572000000E1	3.195969258E1	1.926019095E1
3.576000000E1	3.239558069E1	1.937515282E1
3.580000000E1	3.241427094E1	1.934463729E1
3.584000000E1	3.210216833E1	1.920891103E1
3.588000000E1	3.150223310E1	1.889885493E1
3.592000000E1	3.052898413E1	1.835690495E1
3.596000000E1	2.927182794E1	1.773287699E1
3.600000000E1	2.778138867E1	1.698806650E1
3.604000000E1	2.593773885E1	1.609999342E1
3.608000000E1	2.396438661E1	1.530531829E1
3.612000000E1	2.197048197E1	1.451522130E1
3.616000000E1	2.002603237E1	1.377374418E1
3.620000000E1	1.826033494E1	1.310610212E1
3.624000000E1	1.681947579E1	1.252271874E1
3.628000000E1	1.575188771E1	1.205564899E1
3.632000000E1	1.501904200E1	1.174404083E1
3.636000000E1	1.460682442E1	1.152156278E1
3.640000000E1	1.443903336E1	1.136802315E1
3.644000000E1	1.454990367E1	1.128225141E1
3.648000000E1	1.472036510E1	1.118586788E1
3.652000000E1	1.490458967E1	1.110320783E1
3.656000000E1	1.498334964E1	1.107816744E1
3.660000000E1	1.491837814E1	1.097693729E1
3.664000000E1	1.486562553E1	1.094974817E1
3.668000000E1	1.481832570E1	1.094356141E1
3.672000000E1	1.473601784E1	1.084678074E1
3.676000000E1	1.474677318E1	1.082019083E1
3.680000000E1	1.476885529E1	1.080896289E1
3.684000000E1	1.478134804E1	1.079116670E1
3.688000000E1	1.474119564E1	1.080003530E1
3.692000000E1	1.472601413E1	1.078180380E1
3.696000000E1	1.471840702E1	1.077301981E1
3.700000000E1	1.470831363E1	1.077244586E1
3.704000000E1	1.470830138E1	1.079705101E1
3.708000000E1	1.470888466E1	1.080879522E1
3.712000000E1	1.470983301E1	1.081336297E1
3.716000000E1	1.471024389E1	1.081553248E1
3.720000000E1	1.471052351E1	1.081823064E1
3.724000000E1	1.471076795E1	1.081966425E1
3.728000000E1	1.471071762E1	1.081962261E1
3.732000000E1	1.471039009E1	1.081964139E1
3.736000000E1	1.471066405E1	1.081635638E1
3.740000000E1	1.471099820E1	1.081205175E1
3.744000000E1	1.471280567E1	1.081393348E1
3.748000000E1	1.471247262E1	1.081908422E1
